Sample Indices
Indices Size:
1868
Data:
147429
147835
148241
150268
150269
150270
150271
150669
150670
150671
150672
150673
150674
150675
150676
150677
150678
151075
151076
151077
151078
151079
151080
151081
151082
151083
151084
151085
151086
151087
151088
151089
151483
151484
151485
151486
151487
151488
151489
151490
151491
151492
151493
151494
151495
151496
151497
151498
151499
151500
151501
151890
151891
151892
151893
151894
151895
151896
151897
151898
151899
151900
151901
151902
151903
151904
151905
151906
151907
151908
151909
151910
151911
151912
151913
151914
152304
152305
152306
152307
152308
152309
152310
152311
152312
152313
152314
152315
152316
152317
152318
152319
152320
152321
152322
152323
152324
152325
152326
152716
152717
152718
152719
152720
152721
152722
152723
152724
152725
152726
152727
152728
152729
152730
152731
152732
152733
152734
152735
152736
152737
152738
153124
153125
153126
153127
153128
153129
153130
153131
153132
153133
153134
153135
153136
153137
153138
153139
153140
153141
153142
153143
153144
153145
153146
153147
153534
153535
153536
153537
153538
153539
153540
153541
153542
153543
153544
153545
153546
153547
153548
153549
153550
153551
153552
153553
153554
153555
153556
153943
153944
153945
153946
153947
153948
153949
153950
153951
153952
153953
153954
153955
153956
153957
153958
153959
153960
153961
153962
153963
153964
153965
154352
154353
154354
154355
154356
154357
154358
154359
154360
154361
154362
154363
154364
154365
154366
154367
154368
154369
154370
154371
154372
154373
154374
154375
154762
154763
154764
154765
154766
154767
154768
154769
154770
154771
154772
154773
154774
154775
154776
154777
154778
154779
154780
154781
154782
154783
154784
155172
155173
155174
155175
155176
155177
155178
155179
155180
155181
155182
155183
155184
155185
155186
155187
155188
155189
155190
155191
155192
155193
155194
155207
155208
155209
155210
155211
155582
155583
155584
155585
155586
155587
155588
155589
155590
155591
155592
155593
155594
155595
155596
155597
155598
155599
155600
155601
155602
155603
155604
155605
155617
155618
155619
155620
155621
155993
155994
155995
155996
155997
155998
155999
156000
156001
156002
156003
156004
156005
156006
156007
156008
156009
156010
156011
156012
156013
156014
156015
156027
156028
156029
156030
156031
156032
156407
156408
156409
156410
156411
156412
156413
156414
156415
156416
156417
156418
156419
156420
156421
156422
156423
156424
156425
156426
156427
156428
156429
156430
156442
156443
156444
156445
156446
156821
156822
156823
156824
156825
156826
156827
156828
156829
156830
156831
156832
156833
156834
156835
156836
156837
156838
156839
156840
156841
156842
156843
156844
156856
156857
156858
156859
156860
157237
157238
157239
157240
157241
157242
157243
157244
157245
157246
157247
157248
157249
157250
157251
157252
157253
157254
157255
157256
157257
157258
157259
157272
157273
157274
157275
157652
157653
157654
157655
157656
157657
157658
157659
157660
157661
157662
157663
157664
157665
157666
157667
157668
157669
157670
157671
157672
157673
157674
157675
157687
157688
157689
157690
157691
158062
158063
158064
158065
158066
158067
158068
158069
158070
158071
158072
158073
158074
158075
158076
158077
158078
158079
158080
158081
158082
158083
158084
158097
158098
158099
158100
158101
158472
158473
158474
158475
158476
158477
158478
158479
158480
158481
158482
158483
158484
158485
158486
158487
158488
158489
158490
158491
158492
158493
158494
158495
158507
158508
158509
158510
158511
158883
158884
158885
158886
158887
158888
158889
158890
158891
158892
158893
158894
158895
158896
158897
158898
158899
158900
158901
158902
158903
158904
158905
158917
158918
158919
158920
158921
159293
159294
159295
159296
159297
159298
159299
159300
159301
159302
159303
159304
159305
159306
159307
159308
159309
159310
159311
159312
159313
159314
159315
159316
159328
159329
159330
159331
159332
159703
159704
159705
159706
159707
159708
159709
159710
159711
159712
159713
159714
159715
159716
159717
159718
159719
159720
159721
159722
159723
159724
159725
159726
159737
159738
159739
159740
159741
159742
160114
160115
160116
160117
160118
160119
160120
160121
160122
160123
160124
160125
160126
160127
160128
160129
160130
160131
160132
160133
160134
160135
160136
160137
160146
160148
160149
160150
160151
160152
160153
160526
160527
160528
160529
160530
160531
160532
160533
160534
160535
160536
160537
160538
160539
160540
160541
160542
160543
160544
160545
160546
160547
160548
160549
160557
160561
160562
160563
160564
160565
160939
160940
160941
160942
160943
160944
160945
160946
160947
160948
160949
160950
160951
160952
160953
160954
160955
160956
160957
160958
160959
160960
160961
160962
160968
160974
160975
160976
160977
160978
161345
161346
161347
161348
161349
161350
161351
161352
161353
161354
161355
161356
161357
161358
161359
161360
161361
161362
161363
161364
161365
161366
161367
161372
161379
161380
161381
161382
161383
161384
161741
161742
161743
161744
161745
161746
161747
161748
161749
161750
161751
161752
161753
161754
161755
161756
161757
161758
161759
161760
161761
161762
161763
161764
161767
161776
161777
161778
161779
161780
162139
162140
162141
162142
162143
162144
162145
162146
162147
162148
162149
162150
162151
162152
162153
162154
162155
162156
162157
162158
162159
162160
162161
162162
162163
162173
162174
162175
162176
162177
162178
162535
162536
162537
162538
162539
162540
162541
162542
162543
162544
162545
162546
162547
162548
162549
162550
162551
162552
162553
162554
162555
162556
162557
162558
162559
162570
162571
162572
162573
162574
162932
162933
162934
162935
162936
162937
162938
162939
162940
162941
162942
162943
162944
162945
162946
162947
162948
162949
162950
162951
162952
162953
162954
162955
162956
162967
162968
162969
162970
162971
163328
163329
163330
163331
163332
163333
163334
163335
163336
163337
163338
163339
163340
163341
163342
163343
163344
163345
163346
163347
163348
163349
163350
163351
163352
163363
163364
163365
163366
163367
163368
163724
163725
163726
163727
163728
163729
163730
163731
163732
163733
163734
163735
163736
163737
163738
163739
163740
163741
163742
163743
163744
163745
163746
163747
163748
163759
163760
163761
163762
163763
164119
164120
164121
164122
164123
164124
164125
164126
164127
164128
164129
164130
164131
164132
164133
164134
164135
164136
164137
164138
164139
164140
164141
164142
164143
164154
164155
164156
164157
164158
164159
164517
164518
164519
164520
164521
164522
164523
164524
164525
164526
164527
164528
164529
164530
164531
164532
164533
164534
164535
164536
164537
164538
164539
164540
164541
164552
164553
164554
164555
164556
164557
164913
164914
164915
164916
164917
164918
164919
164920
164921
164922
164923
164924
164925
164926
164927
164928
164929
164930
164931
164932
164933
164934
164935
164936
164937
164938
164939
164950
164951
164952
164953
164954
165311
165312
165313
165314
165315
165316
165317
165318
165319
165320
165321
165322
165323
165324
165325
165326
165327
165328
165329
165330
165331
165332
165333
165334
165335
165336
165337
165348
165349
165350
165351
165352
165353
165710
165711
165712
165713
165714
165715
165716
165717
165718
165719
165720
165721
165722
165723
165724
165725
165726
165727
165728
165729
165730
165731
165732
165733
165734
165735
165736
165747
165748
165749
165750
165751
165752
166108
166109
166110
166111
166112
166113
166114
166115
166116
166117
166118
166119
166120
166121
166122
166123
166124
166125
166126
166127
166128
166129
166130
166131
166132
166133
166144
166145
166146
166147
166148
166505
166506
166507
166508
166509
166510
166511
166512
166513
166514
166515
166516
166517
166518
166519
166520
166521
166522
166523
166524
166525
166526
166527
166528
166529
166530
166541
166542
166543
166544
166545
166546
166901
166902
166903
166904
166905
166906
166907
166908
166909
166910
166911
166912
166913
166914
166915
166916
166917
166918
166919
166920
166921
166922
166923
166924
166925
166926
166937
166938
166939
166940
166941
166942
167297
167298
167299
167300
167301
167302
167303
167304
167305
167306
167307
167308
167309
167310
167311
167312
167313
167314
167315
167316
167317
167318
167319
167320
167321
167332
167333
167334
167335
167336
167337
167692
167693
167694
167695
167696
167697
167698
167699
167700
167701
167702
167703
167704
167705
167706
167707
167708
167709
167710
167711
167712
167713
167714
167715
167716
167717
167728
167729
167730
167731
167732
167733
168089
168090
168091
168092
168093
168094
168095
168096
168097
168098
168099
168100
168101
168102
168103
168104
168105
168106
168107
168108
168109
168110
168111
168112
168113
168114
168125
168126
168127
168128
168129
168130
168486
168487
168488
168489
168490
168491
168492
168493
168494
168495
168496
168497
168498
168499
168500
168501
168502
168503
168504
168505
168506
168507
168508
168509
168510
168521
168522
168523
168524
168525
168526
168882
168883
168884
168885
168886
168887
168888
168889
168890
168891
168892
168893
168894
168895
168896
168897
168898
168899
168900
168901
168902
168903
168904
168905
168906
168907
168918
168919
168920
168921
168922
168923
169279
169280
169281
169282
169283
169284
169285
169286
169287
169288
169289
169290
169291
169292
169293
169294
169295
169296
169297
169298
169299
169300
169301
169302
169303
169304
169315
169316
169317
169318
169319
169320
169677
169678
169679
169680
169681
169682
169683
169684
169685
169686
169687
169688
169689
169690
169691
169692
169693
169694
169695
169696
169697
169698
169699
169700
169701
169702
169712
169713
169714
169715
169716
169717
170075
170076
170077
170078
170079
170080
170081
170082
170083
170084
170085
170086
170087
170088
170089
170090
170091
170092
170093
170094
170095
170096
170097
170098
170099
170110
170111
170112
170113
170114
170115
170471
170472
170473
170474
170475
170476
170477
170478
170479
170480
170481
170482
170483
170484
170485
170486
170487
170488
170489
170490
170491
170492
170493
170494
170495
170496
170507
170508
170509
170510
170511
170512
170869
170870
170871
170872
170873
170874
170875
170876
170877
170878
170879
170880
170881
170882
170883
170884
170885
170886
170887
170888
170889
170890
170891
170892
170893
170894
170905
170906
170907
170908
170909
171268
171269
171270
171271
171272
171273
171274
171275
171276
171277
171278
171279
171280
171281
171282
171283
171284
171285
171286
171287
171288
171289
171290
171291
171292
171304
171305
171306
171307
171308
171666
171667
171668
171669
171670
171671
171672
171673
171674
171675
171676
171677
171678
171679
171680
171681
171682
171683
171684
171685
171686
171687
171688
171689
171690
171691
171702
171703
171704
171705
171706
171707
172065
172066
172067
172068
172069
172070
172071
172072
172073
172074
172075
172076
172077
172078
172079
172080
172081
172082
172083
172084
172085
172086
172087
172088
172089
172090
172101
172102
172103
172104
172105
172106
172464
172465
172466
172467
172468
172469
172470
172471
172472
172473
172474
172475
172476
172477
172478
172479
172480
172481
172482
172483
172484
172485
172486
172487
172488
172489
172490
172501
172502
172503
172504
172505
172864
172865
172866
172867
172868
172869
172870
172871
172872
172873
172874
172875
172876
172877
172878
172879
172880
172881
172882
172883
172884
172885
172886
172887
172888
172889
172901
172902
172903
172904
172905
173265
173266
173267
173268
173269
173270
173271
173272
173273
173274
173275
173276
173277
173278
173279
173280
173281
173282
173283
173284
173285
173286
173287
173288
173289
173290
173302
173303
173304
173305
173306
173664
173665
173666
173667
173668
173669
173670
173671
173672
173673
173674
173675
173676
173677
173678
173679
173680
173681
173682
173683
173684
173685
173686
173687
173688
173689
173690
173701
173702
173703
173704
173705
173706
174065
174066
174067
174068
174069
174070
174071
174072
174073
174074
174075
174076
174077
174078
174079
174080
174081
174082
174083
174084
174085
174086
174087
174088
174089
174090
174091
174102
174103
174104
174105
174106
174469
174470
174471
174472
174473
174474
174475
174476
174477
174478
174479
174480
174481
174482
174483
174484
174485
174486
174487
174488
174489
174490
174491
174492
174493
174494
174506
174507
174508
174509
174510
174871
174872
174873
174874
174875
174876
174877
174878
174879
174880
174881
174882
174883
174884
174885
174886
174887
174888
174889
174890
174891
174892
174893
174894
174895
174896
174908
174909
174910
174911
174912
175272
175273
175274
175275
175276
175277
175278
175279
175280
175281
175282
175283
175284
175285
175286
175287
175288
175289
175290
175291
175292
175293
175294
175295
175296
175297
175298
175309
175310
175311
175312
175313
175314
175674
175675
175676
175677
175678
175679
175680
175681
175682
175683
175684
175685
175686
175687
175688
175689
175690
175691
175692
175693
175694
175695
175696
175697
175698
175699
175700
175711
175712
175713
175714
175715
176075
176076
176077
176078
176079
176080
176081
176082
176083
176084
176085
176086
176087
176088
176089
176090
176091
176092
176093
176094
176095
176096
176097
176098
176099
176100
176112
176113
176114
176115
176116
Coefficient of the plane:
0.00105051 -0.00142832 0.999998 21.2218
Inliers Indices
Indices Size:
1868
Data:
147429
147835
148241
150268
150269
150270
150271
150669
150670
150671
150672
150673
150674
150675
150676
150677
150678
151075
151076
151077
151078
151079
151080
151081
151082
151083
151084
151085
151086
151087
151088
151089
151483
151484
151485
151486
151487
151488
151489
151490
151491
151492
151493
151494
151495
151496
151497
151498
151499
151500
151501
151890
151891
151892
151893
151894
151895
151896
151897
151898
151899
151900
151901
151902
151903
151904
151905
151906
151907
151908
151909
151910
151911
151912
151913
151914
152304
152305
152306
152307
152308
152309
152310
152311
152312
152313
152314
152315
152316
152317
152318
152319
152320
152321
152322
152323
152324
152325
152326
152716
152717
152718
152719
152720
152721
152722
152723
152724
152725
152726
152727
152728
152729
152730
152731
152732
152733
152734
152735
152736
152737
152738
153124
153125
153126
153127
153128
153129
153130
153131
153132
153133
153134
153135
153136
153137
153138
153139
153140
153141
153142
153143
153144
153145
153146
153147
153534
153535
153536
153537
153538
153539
153540
153541
153542
153543
153544
153545
153546
153547
153548
153549
153550
153551
153552
153553
153554
153555
153556
153943
153944
153945
153946
153947
153948
153949
153950
153951
153952
153953
153954
153955
153956
153957
153958
153959
153960
153961
153962
153963
153964
153965
154352
154353
154354
154355
154356
154357
154358
154359
154360
154361
154362
154363
154364
154365
154366
154367
154368
154369
154370
154371
154372
154373
154374
154375
154762
154763
154764
154765
154766
154767
154768
154769
154770
154771
154772
154773
154774
154775
154776
154777
154778
154779
154780
154781
154782
154783
154784
155172
155173
155174
155175
155176
155177
155178
155179
155180
155181
155182
155183
155184
155185
155186
155187
155188
155189
155190
155191
155192
155193
155194
155207
155208
155209
155210
155211
155582
155583
155584
155585
155586
155587
155588
155589
155590
155591
155592
155593
155594
155595
155596
155597
155598
155599
155600
155601
155602
155603
155604
155605
155617
155618
155619
155620
155621
155993
155994
155995
155996
155997
155998
155999
156000
156001
156002
156003
156004
156005
156006
156007
156008
156009
156010
156011
156012
156013
156014
156015
156027
156028
156029
156030
156031
156032
156407
156408
156409
156410
156411
156412
156413
156414
156415
156416
156417
156418
156419
156420
156421
156422
156423
156424
156425
156426
156427
156428
156429
156430
156442
156443
156444
156445
156446
156821
156822
156823
156824
156825
156826
156827
156828
156829
156830
156831
156832
156833
156834
156835
156836
156837
156838
156839
156840
156841
156842
156843
156844
156856
156857
156858
156859
156860
157237
157238
157239
157240
157241
157242
157243
157244
157245
157246
157247
157248
157249
157250
157251
157252
157253
157254
157255
157256
157257
157258
157259
157272
157273
157274
157275
157652
157653
157654
157655
157656
157657
157658
157659
157660
157661
157662
157663
157664
157665
157666
157667
157668
157669
157670
157671
157672
157673
157674
157675
157687
157688
157689
157690
157691
158062
158063
158064
158065
158066
158067
158068
158069
158070
158071
158072
158073
158074
158075
158076
158077
158078
158079
158080
158081
158082
158083
158084
158097
158098
158099
158100
158101
158472
158473
158474
158475
158476
158477
158478
158479
158480
158481
158482
158483
158484
158485
158486
158487
158488
158489
158490
158491
158492
158493
158494
158495
158507
158508
158509
158510
158511
158883
158884
158885
158886
158887
158888
158889
158890
158891
158892
158893
158894
158895
158896
158897
158898
158899
158900
158901
158902
158903
158904
158905
158917
158918
158919
158920
158921
159293
159294
159295
159296
159297
159298
159299
159300
159301
159302
159303
159304
159305
159306
159307
159308
159309
159310
159311
159312
159313
159314
159315
159316
159328
159329
159330
159331
159332
159703
159704
159705
159706
159707
159708
159709
159710
159711
159712
159713
159714
159715
159716
159717
159718
159719
159720
159721
159722
159723
159724
159725
159726
159737
159738
159739
159740
159741
159742
160114
160115
160116
160117
160118
160119
160120
160121
160122
160123
160124
160125
160126
160127
160128
160129
160130
160131
160132
160133
160134
160135
160136
160137
160146
160148
160149
160150
160151
160152
160153
160526
160527
160528
160529
160530
160531
160532
160533
160534
160535
160536
160537
160538
160539
160540
160541
160542
160543
160544
160545
160546
160547
160548
160549
160557
160561
160562
160563
160564
160565
160939
160940
160941
160942
160943
160944
160945
160946
160947
160948
160949
160950
160951
160952
160953
160954
160955
160956
160957
160958
160959
160960
160961
160962
160968
160974
160975
160976
160977
160978
161345
161346
161347
161348
161349
161350
161351
161352
161353
161354
161355
161356
161357
161358
161359
161360
161361
161362
161363
161364
161365
161366
161367
161372
161379
161380
161381
161382
161383
161384
161741
161742
161743
161744
161745
161746
161747
161748
161749
161750
161751
161752
161753
161754
161755
161756
161757
161758
161759
161760
161761
161762
161763
161764
161767
161776
161777
161778
161779
161780
162139
162140
162141
162142
162143
162144
162145
162146
162147
162148
162149
162150
162151
162152
162153
162154
162155
162156
162157
162158
162159
162160
162161
162162
162163
162173
162174
162175
162176
162177
162178
162535
162536
162537
162538
162539
162540
162541
162542
162543
162544
162545
162546
162547
162548
162549
162550
162551
162552
162553
162554
162555
162556
162557
162558
162559
162570
162571
162572
162573
162574
162932
162933
162934
162935
162936
162937
162938
162939
162940
162941
162942
162943
162944
162945
162946
162947
162948
162949
162950
162951
162952
162953
162954
162955
162956
162967
162968
162969
162970
162971
163328
163329
163330
163331
163332
163333
163334
163335
163336
163337
163338
163339
163340
163341
163342
163343
163344
163345
163346
163347
163348
163349
163350
163351
163352
163363
163364
163365
163366
163367
163368
163724
163725
163726
163727
163728
163729
163730
163731
163732
163733
163734
163735
163736
163737
163738
163739
163740
163741
163742
163743
163744
163745
163746
163747
163748
163759
163760
163761
163762
163763
164119
164120
164121
164122
164123
164124
164125
164126
164127
164128
164129
164130
164131
164132
164133
164134
164135
164136
164137
164138
164139
164140
164141
164142
164143
164154
164155
164156
164157
164158
164159
164517
164518
164519
164520
164521
164522
164523
164524
164525
164526
164527
164528
164529
164530
164531
164532
164533
164534
164535
164536
164537
164538
164539
164540
164541
164552
164553
164554
164555
164556
164557
164913
164914
164915
164916
164917
164918
164919
164920
164921
164922
164923
164924
164925
164926
164927
164928
164929
164930
164931
164932
164933
164934
164935
164936
164937
164938
164939
164950
164951
164952
164953
164954
165311
165312
165313
165314
165315
165316
165317
165318
165319
165320
165321
165322
165323
165324
165325
165326
165327
165328
165329
165330
165331
165332
165333
165334
165335
165336
165337
165348
165349
165350
165351
165352
165353
165710
165711
165712
165713
165714
165715
165716
165717
165718
165719
165720
165721
165722
165723
165724
165725
165726
165727
165728
165729
165730
165731
165732
165733
165734
165735
165736
165747
165748
165749
165750
165751
165752
166108
166109
166110
166111
166112
166113
166114
166115
166116
166117
166118
166119
166120
166121
166122
166123
166124
166125
166126
166127
166128
166129
166130
166131
166132
166133
166144
166145
166146
166147
166148
166505
166506
166507
166508
166509
166510
166511
166512
166513
166514
166515
166516
166517
166518
166519
166520
166521
166522
166523
166524
166525
166526
166527
166528
166529
166530
166541
166542
166543
166544
166545
166546
166901
166902
166903
166904
166905
166906
166907
166908
166909
166910
166911
166912
166913
166914
166915
166916
166917
166918
166919
166920
166921
166922
166923
166924
166925
166926
166937
166938
166939
166940
166941
166942
167297
167298
167299
167300
167301
167302
167303
167304
167305
167306
167307
167308
167309
167310
167311
167312
167313
167314
167315
167316
167317
167318
167319
167320
167321
167332
167333
167334
167335
167336
167337
167692
167693
167694
167695
167696
167697
167698
167699
167700
167701
167702
167703
167704
167705
167706
167707
167708
167709
167710
167711
167712
167713
167714
167715
167716
167717
167728
167729
167730
167731
167732
167733
168089
168090
168091
168092
168093
168094
168095
168096
168097
168098
168099
168100
168101
168102
168103
168104
168105
168106
168107
168108
168109
168110
168111
168112
168113
168114
168125
168126
168127
168128
168129
168130
168486
168487
168488
168489
168490
168491
168492
168493
168494
168495
168496
168497
168498
168499
168500
168501
168502
168503
168504
168505
168506
168507
168508
168509
168510
168521
168522
168523
168524
168525
168526
168882
168883
168884
168885
168886
168887
168888
168889
168890
168891
168892
168893
168894
168895
168896
168897
168898
168899
168900
168901
168902
168903
168904
168905
168906
168907
168918
168919
168920
168921
168922
168923
169279
169280
169281
169282
169283
169284
169285
169286
169287
169288
169289
169290
169291
169292
169293
169294
169295
169296
169297
169298
169299
169300
169301
169302
169303
169304
169315
169316
169317
169318
169319
169320
169677
169678
169679
169680
169681
169682
169683
169684
169685
169686
169687
169688
169689
169690
169691
169692
169693
169694
169695
169696
169697
169698
169699
169700
169701
169702
169712
169713
169714
169715
169716
169717
170075
170076
170077
170078
170079
170080
170081
170082
170083
170084
170085
170086
170087
170088
170089
170090
170091
170092
170093
170094
170095
170096
170097
170098
170099
170110
170111
170112
170113
170114
170115
170471
170472
170473
170474
170475
170476
170477
170478
170479
170480
170481
170482
170483
170484
170485
170486
170487
170488
170489
170490
170491
170492
170493
170494
170495
170496
170507
170508
170509
170510
170511
170512
170869
170870
170871
170872
170873
170874
170875
170876
170877
170878
170879
170880
170881
170882
170883
170884
170885
170886
170887
170888
170889
170890
170891
170892
170893
170894
170905
170906
170907
170908
170909
171268
171269
171270
171271
171272
171273
171274
171275
171276
171277
171278
171279
171280
171281
171282
171283
171284
171285
171286
171287
171288
171289
171290
171291
171292
171304
171305
171306
171307
171308
171666
171667
171668
171669
171670
171671
171672
171673
171674
171675
171676
171677
171678
171679
171680
171681
171682
171683
171684
171685
171686
171687
171688
171689
171690
171691
171702
171703
171704
171705
171706
171707
172065
172066
172067
172068
172069
172070
172071
172072
172073
172074
172075
172076
172077
172078
172079
172080
172081
172082
172083
172084
172085
172086
172087
172088
172089
172090
172101
172102
172103
172104
172105
172106
172464
172465
172466
172467
172468
172469
172470
172471
172472
172473
172474
172475
172476
172477
172478
172479
172480
172481
172482
172483
172484
172485
172486
172487
172488
172489
172490
172501
172502
172503
172504
172505
172864
172865
172866
172867
172868
172869
172870
172871
172872
172873
172874
172875
172876
172877
172878
172879
172880
172881
172882
172883
172884
172885
172886
172887
172888
172889
172901
172902
172903
172904
172905
173265
173266
173267
173268
173269
173270
173271
173272
173273
173274
173275
173276
173277
173278
173279
173280
173281
173282
173283
173284
173285
173286
173287
173288
173289
173290
173302
173303
173304
173305
173306
173664
173665
173666
173667
173668
173669
173670
173671
173672
173673
173674
173675
173676
173677
173678
173679
173680
173681
173682
173683
173684
173685
173686
173687
173688
173689
173690
173701
173702
173703
173704
173705
173706
174065
174066
174067
174068
174069
174070
174071
174072
174073
174074
174075
174076
174077
174078
174079
174080
174081
174082
174083
174084
174085
174086
174087
174088
174089
174090
174091
174102
174103
174104
174105
174106
174469
174470
174471
174472
174473
174474
174475
174476
174477
174478
174479
174480
174481
174482
174483
174484
174485
174486
174487
174488
174489
174490
174491
174492
174493
174494
174506
174507
174508
174509
174510
174871
174872
174873
174874
174875
174876
174877
174878
174879
174880
174881
174882
174883
174884
174885
174886
174887
174888
174889
174890
174891
174892
174893
174894
174895
174896
174908
174909
174910
174911
174912
175272
175273
175274
175275
175276
175277
175278
175279
175280
175281
175282
175283
175284
175285
175286
175287
175288
175289
175290
175291
175292
175293
175294
175295
175296
175297
175298
175309
175310
175311
175312
175313
175314
175674
175675
175676
175677
175678
175679
175680
175681
175682
175683
175684
175685
175686
175687
175688
175689
175690
175691
175692
175693
175694
175695
175696
175697
175698
175699
175700
175711
175712
175713
175714
175715
176075
176076
176077
176078
176079
176080
176081
176082
176083
176084
176085
176086
176087
176088
176089
176090
176091
176092
176093
176094
176095
176096
176097
176098
176099
176100
176112
176113
176114
176115
176116
