Sample Indices
Indices Size:
5604
Data:
146248
146249
146250
146251
146252
146253
146254
146255
146256
146257
146258
146259
146260
146261
146262
146263
146264
146265
146266
146267
146268
146269
146270
146271
146272
146273
146274
146275
146276
146277
146278
146279
146280
146281
146282
146283
146284
146285
146286
146287
146288
146289
146290
146291
146292
146293
146294
146295
146296
146297
146298
146299
146300
146301
146302
146303
146304
146305
146306
146307
146308
146309
146310
146311
146312
146313
146314
146315
146316
146317
146318
146319
146320
146321
146322
146323
146657
146658
146659
146660
146661
146662
146663
146664
146665
146666
146667
146668
146669
146670
146671
146672
146673
146674
146675
146676
146677
146678
146679
146680
146681
146682
146683
146684
146685
146686
146687
146688
146689
146690
146691
146692
146693
146694
146695
146696
146697
146698
146699
146700
146701
146702
146703
146704
146705
146706
146707
146708
146709
146710
146711
146712
146713
146714
146715
146716
146717
146718
146719
146720
146721
146722
146723
146724
146725
146726
146727
146728
146729
146730
146731
146732
146733
147066
147067
147068
147069
147070
147071
147072
147073
147074
147075
147076
147077
147078
147079
147080
147081
147082
147083
147084
147085
147086
147087
147088
147089
147090
147091
147092
147093
147094
147095
147096
147097
147098
147099
147100
147101
147102
147103
147104
147105
147106
147107
147108
147109
147110
147111
147112
147113
147114
147115
147116
147117
147118
147119
147120
147121
147122
147123
147124
147125
147126
147127
147128
147129
147130
147131
147132
147133
147134
147135
147136
147137
147138
147139
147140
147141
147142
147476
147477
147478
147479
147480
147481
147482
147483
147484
147485
147486
147487
147488
147489
147490
147491
147492
147493
147494
147495
147496
147497
147498
147499
147500
147501
147502
147503
147504
147505
147506
147507
147508
147509
147510
147511
147512
147513
147514
147515
147516
147517
147518
147519
147520
147521
147522
147523
147524
147525
147526
147527
147528
147529
147530
147531
147532
147533
147534
147535
147536
147537
147538
147539
147540
147541
147542
147543
147544
147545
147546
147547
147548
147549
147550
147551
147882
147883
147884
147885
147886
147887
147888
147889
147890
147891
147892
147893
147894
147895
147896
147897
147898
147899
147900
147901
147902
147903
147904
147905
147906
147907
147908
147909
147910
147911
147912
147913
147914
147915
147916
147917
147918
147919
147920
147921
147922
147923
147924
147925
147926
147927
147928
147929
147930
147931
147932
147933
147934
147935
147936
147937
147938
147939
147940
147941
147942
147943
147944
147945
147946
147947
147948
147949
147950
147951
147952
147953
147954
147955
147956
147957
148288
148289
148290
148291
148292
148293
148294
148295
148296
148297
148298
148299
148300
148301
148302
148303
148304
148305
148306
148307
148308
148309
148310
148311
148312
148313
148314
148315
148316
148317
148318
148319
148320
148321
148322
148323
148324
148325
148326
148327
148328
148329
148330
148331
148332
148333
148334
148335
148336
148337
148338
148339
148340
148341
148342
148343
148344
148345
148346
148347
148348
148349
148350
148695
148696
148697
148698
148699
148700
148701
148702
148703
148704
148705
148706
148707
148708
148709
148710
148711
148712
148713
148714
148715
148716
148717
148718
148719
148720
148721
148722
148723
148724
148725
148726
148727
148728
148729
148730
148731
148732
148733
148734
148735
148736
148737
148738
148739
148740
148741
148742
148743
148744
148745
148746
148747
148748
148749
148750
148751
148752
148753
148754
148755
148756
148757
148758
148759
148760
148761
148762
148763
148764
149101
149102
149103
149104
149105
149106
149107
149108
149109
149110
149111
149112
149113
149114
149115
149116
149117
149118
149119
149120
149121
149122
149123
149124
149125
149126
149127
149128
149129
149130
149131
149132
149133
149134
149135
149136
149137
149138
149139
149140
149141
149142
149143
149144
149145
149146
149147
149148
149149
149150
149151
149152
149153
149154
149155
149156
149157
149158
149159
149160
149161
149162
149163
149164
149165
149166
149167
149168
149169
149170
149171
149508
149509
149510
149512
149513
149514
149515
149516
149517
149518
149519
149520
149521
149522
149523
149524
149525
149526
149527
149528
149529
149530
149531
149532
149533
149534
149535
149536
149537
149538
149539
149540
149541
149542
149543
149544
149545
149546
149547
149548
149549
149550
149551
149552
149553
149554
149555
149556
149557
149558
149559
149560
149561
149562
149563
149564
149565
149566
149567
149568
149569
149570
149571
149572
149573
149574
149575
149576
149577
149578
149579
149916
149917
149918
149919
149920
149921
149922
149923
149924
149925
149926
149927
149928
149929
149930
149931
149932
149933
149934
149935
149936
149937
149938
149939
149940
149941
149942
149943
149944
149945
149946
149947
149948
149949
149950
149951
149952
149953
149954
149955
149956
149957
149958
149959
149960
149961
149962
149963
149964
149965
149966
149967
149968
149969
149970
149971
149972
149973
149974
149975
149976
149977
149978
149979
149980
149981
149982
149983
149984
149985
149986
149987
149988
149989
149990
149991
150323
150326
150327
150328
150329
150330
150331
150332
150333
150334
150335
150336
150337
150338
150339
150340
150341
150342
150343
150344
150345
150346
150347
150348
150349
150350
150351
150352
150353
150354
150355
150356
150357
150358
150359
150360
150361
150362
150363
150364
150365
150366
150367
150368
150369
150370
150371
150372
150373
150374
150375
150376
150377
150378
150379
150380
150381
150382
150383
150384
150385
150386
150387
150388
150389
150390
150391
150392
150393
150394
150395
150396
150397
150398
150730
150731
150732
150733
150734
150735
150736
150737
150738
150739
150740
150741
150742
150743
150744
150745
150746
150747
150748
150749
150750
150751
150752
150753
150754
150755
150756
150757
150758
150759
150760
150761
150762
150763
150764
150765
150766
150767
150768
150769
150770
150771
150772
150773
150774
150775
150776
150777
150778
150779
150780
150781
150782
150783
150784
150785
150786
150787
150788
150789
150790
150791
150792
150793
150794
150795
150796
150797
150798
150799
150800
150801
150802
150803
150804
150805
150806
151143
151144
151145
151146
151147
151148
151149
151150
151151
151152
151153
151154
151155
151156
151157
151158
151159
151160
151161
151162
151163
151164
151165
151166
151167
151168
151169
151170
151171
151172
151173
151174
151175
151176
151177
151178
151179
151180
151181
151182
151183
151184
151185
151186
151187
151188
151189
151190
151191
151192
151193
151194
151195
151196
151197
151198
151199
151200
151201
151202
151203
151204
151205
151206
151207
151208
151209
151210
151211
151212
151213
151214
151215
151216
151217
151554
151555
151556
151557
151558
151559
151560
151561
151562
151563
151564
151565
151566
151567
151568
151569
151570
151571
151572
151573
151574
151575
151576
151577
151578
151579
151580
151581
151582
151583
151584
151585
151586
151587
151588
151589
151590
151591
151592
151593
151594
151595
151596
151597
151598
151599
151600
151601
151602
151603
151604
151605
151606
151607
151608
151609
151610
151611
151612
151613
151614
151615
151616
151617
151618
151619
151620
151621
151622
151623
151624
151625
151626
151627
151628
151629
151966
151967
151968
151969
151970
151971
151972
151973
151974
151975
151976
151977
151978
151979
151980
151981
151982
151983
151984
151985
151986
151987
151988
151989
151990
151991
151992
151993
151994
151995
151996
151997
151998
151999
152000
152001
152002
152003
152004
152005
152006
152007
152008
152009
152010
152011
152012
152013
152014
152015
152016
152017
152018
152019
152020
152021
152022
152023
152024
152025
152026
152027
152028
152029
152030
152031
152032
152033
152034
152035
152036
152037
152038
152039
152040
152041
152378
152379
152380
152381
152382
152383
152384
152385
152386
152387
152388
152389
152390
152391
152392
152393
152394
152395
152396
152397
152398
152399
152400
152401
152402
152403
152404
152405
152406
152407
152408
152409
152410
152411
152412
152413
152414
152415
152416
152417
152418
152419
152420
152421
152422
152423
152424
152425
152426
152427
152428
152429
152430
152431
152432
152433
152434
152435
152436
152437
152438
152439
152440
152441
152442
152443
152444
152445
152446
152447
152448
152449
152450
152451
152452
152453
152790
152791
152792
152793
152794
152795
152796
152797
152798
152799
152800
152801
152802
152803
152804
152805
152806
152807
152808
152809
152810
152811
152812
152813
152814
152815
152816
152817
152818
152819
152820
152821
152822
152823
152824
152825
152826
152827
152828
152829
152830
152831
152832
152833
152834
152835
152836
152837
152838
152839
152840
152841
152842
152843
152844
152845
152846
152847
152848
152849
152850
152851
152852
152853
152854
152855
152856
152857
152858
152859
152860
152861
152862
152863
152864
152865
153199
153200
153201
153202
153203
153204
153205
153206
153207
153208
153209
153210
153211
153212
153213
153214
153215
153216
153217
153218
153219
153220
153221
153222
153223
153224
153225
153226
153227
153228
153229
153230
153231
153232
153233
153234
153235
153236
153237
153238
153239
153240
153241
153242
153243
153244
153245
153246
153247
153248
153249
153250
153251
153252
153253
153254
153255
153256
153257
153258
153259
153260
153261
153262
153263
153264
153265
153266
153267
153268
153269
153270
153271
153272
153273
153274
153608
153609
153610
153611
153612
153613
153614
153615
153616
153617
153618
153619
153620
153621
153622
153623
153624
153625
153626
153627
153628
153629
153630
153631
153632
153633
153634
153635
153636
153637
153638
153639
153640
153641
153642
153643
153644
153645
153646
153647
153648
153649
153650
153651
153652
153653
153654
153655
153656
153657
153658
153659
153660
153661
153662
153663
153664
153665
153666
153667
153668
153669
153670
153671
153672
153673
153674
153675
153676
153677
153678
153679
153680
153681
153682
153683
153684
154017
154018
154019
154020
154021
154022
154023
154024
154025
154026
154027
154028
154029
154030
154031
154032
154033
154034
154035
154036
154037
154038
154039
154040
154041
154042
154043
154044
154045
154046
154047
154048
154049
154050
154051
154052
154053
154054
154055
154056
154057
154058
154059
154060
154061
154062
154063
154064
154065
154066
154067
154068
154069
154070
154071
154072
154073
154074
154075
154076
154077
154078
154079
154080
154081
154082
154083
154084
154085
154086
154087
154088
154089
154090
154091
154092
154093
154427
154428
154429
154430
154431
154432
154433
154434
154435
154436
154437
154438
154439
154440
154441
154442
154443
154444
154445
154446
154447
154448
154449
154450
154451
154452
154453
154454
154455
154456
154457
154458
154459
154460
154461
154462
154463
154464
154465
154466
154467
154468
154469
154470
154471
154472
154473
154474
154475
154476
154477
154478
154479
154480
154481
154482
154483
154484
154485
154486
154487
154488
154489
154490
154491
154492
154493
154494
154495
154496
154497
154498
154499
154500
154501
154502
154503
154837
154838
154839
154840
154841
154842
154843
154844
154845
154846
154847
154848
154849
154850
154851
154852
154853
154854
154855
154856
154857
154858
154859
154860
154861
154862
154863
154864
154865
154866
154867
154868
154869
154870
154871
154872
154873
154874
154875
154876
154877
154878
154879
154880
154881
154882
154883
154884
154885
154886
154887
154888
154889
154890
154891
154892
154893
154894
154895
154896
154897
154898
154899
154900
154901
154902
154903
154904
154905
154906
154907
154908
154909
154910
154911
154912
155246
155247
155248
155249
155250
155251
155252
155253
155254
155255
155256
155257
155258
155259
155260
155261
155262
155263
155264
155265
155266
155267
155268
155269
155270
155271
155272
155273
155274
155275
155276
155277
155278
155279
155280
155281
155282
155283
155284
155285
155286
155287
155288
155289
155290
155291
155292
155293
155294
155295
155296
155297
155298
155299
155300
155301
155302
155303
155304
155305
155306
155307
155308
155309
155310
155311
155312
155313
155314
155315
155316
155317
155318
155319
155320
155321
155322
155323
155657
155658
155659
155660
155661
155662
155663
155664
155665
155666
155667
155668
155669
155670
155671
155672
155673
155674
155675
155676
155677
155678
155679
155680
155681
155682
155683
155684
155685
155686
155687
155688
155689
155690
155691
155692
155693
155694
155695
155696
155697
155698
155699
155700
155701
155702
155703
155704
155705
155706
155707
155708
155709
155710
155711
155712
155713
155714
155715
155716
155717
155718
155719
155720
155721
155722
155723
155724
155725
155726
155727
155728
155729
155730
155731
155732
155733
156068
156069
156070
156071
156072
156073
156074
156075
156076
156077
156078
156079
156080
156081
156082
156083
156084
156085
156086
156087
156088
156089
156090
156091
156092
156093
156094
156095
156096
156097
156098
156099
156100
156101
156102
156103
156104
156105
156106
156107
156108
156109
156110
156111
156112
156113
156114
156115
156116
156117
156118
156119
156120
156121
156122
156123
156124
156125
156126
156127
156128
156129
156130
156131
156132
156133
156134
156135
156136
156137
156138
156139
156140
156141
156142
156143
156144
156482
156483
156484
156485
156486
156487
156488
156489
156490
156491
156492
156493
156494
156495
156496
156497
156498
156499
156500
156501
156502
156503
156504
156505
156506
156507
156508
156509
156510
156511
156512
156513
156514
156515
156516
156517
156518
156519
156520
156521
156522
156523
156524
156525
156526
156527
156528
156529
156530
156531
156532
156533
156534
156535
156536
156537
156538
156539
156540
156541
156542
156543
156544
156545
156546
156547
156548
156549
156550
156551
156552
156553
156554
156555
156556
156557
156558
156896
156897
156898
156899
156900
156901
156902
156903
156904
156905
156906
156907
156908
156909
156910
156911
156912
156913
156914
156915
156916
156917
156918
156919
156920
156921
156922
156923
156924
156925
156926
156927
156928
156929
156930
156931
156932
156933
156934
156935
156936
156937
156938
156939
156940
156941
156942
156943
156944
156945
156946
156947
156948
156949
156950
156951
156952
156953
156954
156955
156956
156957
156958
156959
156960
156961
156962
156963
156964
156965
156966
156967
156968
156969
156970
156971
156972
157312
157313
157314
157315
157316
157317
157318
157319
157320
157321
157322
157323
157324
157325
157326
157327
157328
157329
157330
157331
157332
157333
157334
157335
157336
157337
157338
157339
157340
157341
157342
157343
157344
157345
157346
157347
157348
157349
157350
157351
157352
157353
157354
157355
157356
157357
157358
157359
157360
157361
157362
157363
157364
157365
157366
157367
157368
157369
157370
157371
157372
157373
157374
157375
157376
157377
157378
157379
157380
157381
157382
157383
157384
157385
157386
157387
157388
157727
157728
157729
157730
157731
157732
157733
157734
157735
157736
157737
157738
157739
157740
157741
157742
157743
157744
157745
157746
157747
157748
157749
157750
157751
157752
157753
157754
157755
157756
157757
157758
157759
157760
157761
157762
157763
157764
157765
157766
157767
157768
157769
157770
157771
157772
157773
157774
157775
157776
157777
157778
157779
157780
157781
157782
157783
157784
157785
157786
157787
157788
157789
157790
157791
157792
157793
157794
157795
157796
157797
157798
157799
157800
157801
157802
157803
158137
158138
158139
158140
158141
158142
158143
158144
158145
158146
158147
158148
158149
158150
158151
158152
158153
158154
158155
158156
158157
158158
158159
158160
158161
158162
158163
158164
158165
158166
158167
158168
158169
158170
158171
158172
158173
158174
158175
158176
158177
158178
158179
158180
158181
158182
158183
158184
158185
158186
158187
158188
158189
158190
158191
158192
158193
158194
158195
158196
158197
158198
158199
158200
158201
158202
158203
158204
158205
158206
158207
158208
158209
158210
158211
158212
158213
158547
158548
158549
158550
158551
158552
158553
158554
158555
158556
158557
158558
158559
158560
158561
158562
158563
158564
158565
158566
158567
158568
158569
158570
158571
158572
158573
158574
158575
158576
158577
158578
158579
158580
158581
158582
158583
158584
158585
158586
158587
158588
158589
158590
158591
158592
158593
158594
158595
158596
158597
158598
158599
158600
158601
158602
158603
158604
158605
158606
158607
158608
158609
158610
158611
158612
158613
158614
158615
158616
158617
158618
158619
158620
158621
158622
158623
158958
158959
158960
158961
158962
158963
158964
158965
158966
158967
158968
158969
158970
158971
158972
158973
158974
158975
158976
158977
158978
158979
158980
158981
158982
158983
158984
158985
158986
158987
158988
158989
158990
158991
158992
158993
158994
158995
158996
158997
158998
158999
159000
159001
159002
159003
159004
159005
159006
159007
159008
159009
159010
159011
159012
159013
159014
159015
159016
159017
159018
159019
159020
159021
159022
159023
159024
159025
159026
159027
159028
159029
159030
159031
159032
159033
159034
159368
159369
159370
159371
159372
159373
159374
159375
159376
159377
159378
159379
159380
159381
159382
159383
159384
159385
159386
159387
159388
159389
159390
159391
159392
159393
159394
159395
159396
159397
159398
159399
159400
159401
159402
159403
159404
159405
159406
159407
159408
159409
159410
159411
159412
159413
159414
159415
159416
159417
159418
159419
159420
159421
159422
159423
159424
159425
159426
159427
159428
159429
159430
159431
159432
159433
159434
159435
159436
159437
159438
159439
159440
159441
159442
159443
159444
159779
159780
159781
159782
159783
159784
159785
159786
159787
159788
159789
159790
159791
159792
159793
159794
159795
159796
159797
159798
159799
159800
159801
159802
159803
159804
159805
159806
159807
159808
159809
159810
159811
159812
159813
159814
159815
159816
159817
159818
159819
159820
159821
159822
159823
159824
159825
159826
159827
159828
159829
159830
159831
159832
159833
159834
159835
159836
159837
159838
159839
159840
159841
159842
159843
159844
159845
159846
159847
159848
159849
159850
159851
159852
159853
159854
160190
160191
160192
160193
160194
160195
160196
160197
160198
160199
160200
160201
160202
160203
160204
160205
160206
160207
160208
160209
160210
160211
160212
160213
160214
160215
160216
160217
160218
160219
160220
160221
160222
160223
160224
160225
160226
160227
160228
160229
160230
160231
160232
160233
160234
160235
160236
160237
160238
160239
160240
160241
160242
160243
160244
160245
160246
160247
160248
160249
160250
160251
160252
160253
160254
160255
160256
160257
160258
160259
160260
160261
160262
160263
160264
160265
160602
160603
160604
160605
160606
160607
160608
160609
160610
160611
160612
160613
160614
160615
160616
160617
160618
160619
160620
160621
160622
160623
160624
160625
160626
160627
160628
160629
160630
160631
160632
160633
160634
160635
160636
160637
160638
160639
160640
160641
160642
160643
160644
160645
160646
160647
160648
160649
160650
160651
160652
160653
160654
160655
160656
160657
160658
160659
160660
160661
160662
160663
160664
160665
160666
160667
160668
160669
160670
160671
160672
160673
160674
160675
160676
160677
160678
160679
161015
161016
161017
161018
161019
161020
161021
161022
161023
161024
161025
161026
161027
161028
161029
161030
161031
161032
161033
161034
161035
161036
161037
161038
161039
161040
161041
161042
161043
161044
161045
161046
161047
161048
161049
161050
161051
161052
161053
161054
161055
161056
161057
161058
161059
161060
161061
161062
161063
161064
161065
161066
161067
161068
161069
161070
161071
161072
161073
161074
161075
161076
161077
161078
161079
161080
161081
161082
161083
161084
161085
161086
161087
161088
161089
161090
161091
161092
161420
161421
161422
161423
161424
161425
161426
161427
161428
161429
161430
161431
161432
161433
161434
161435
161436
161437
161438
161439
161440
161441
161442
161443
161444
161445
161446
161447
161448
161449
161450
161451
161452
161453
161454
161455
161456
161457
161458
161459
161460
161461
161462
161463
161464
161465
161466
161467
161468
161469
161470
161471
161472
161473
161474
161475
161476
161477
161478
161479
161480
161481
161482
161483
161484
161485
161486
161487
161488
161489
161490
161491
161492
161493
161494
161495
161496
161497
161817
161818
161819
161820
161821
161822
161823
161824
161825
161826
161827
161828
161829
161830
161831
161832
161833
161834
161835
161836
161837
161838
161839
161840
161841
161842
161843
161844
161845
161846
161847
161848
161849
161850
161851
161852
161853
161854
161855
161856
161857
161858
161859
161860
161861
161862
161863
161864
161865
161866
161867
161868
161869
161870
161871
161872
161873
161874
161875
161876
161877
161878
161879
161880
161881
161882
161883
161884
161885
161886
161887
161888
161889
161890
161891
161892
161893
161894
162215
162216
162217
162218
162219
162220
162221
162222
162223
162224
162225
162226
162227
162228
162229
162230
162231
162232
162233
162234
162235
162236
162237
162238
162239
162240
162241
162242
162243
162244
162245
162246
162247
162248
162249
162250
162251
162252
162253
162254
162255
162256
162257
162258
162259
162260
162261
162262
162263
162264
162265
162266
162267
162268
162269
162270
162271
162272
162273
162274
162275
162276
162277
162278
162279
162280
162281
162282
162283
162284
162285
162286
162287
162288
162289
162290
162291
162611
162612
162613
162614
162615
162616
162617
162618
162619
162620
162621
162622
162623
162624
162625
162626
162627
162628
162629
162630
162631
162632
162633
162634
162635
162636
162637
162638
162639
162640
162641
162642
162643
162644
162645
162646
162647
162648
162649
162650
162651
162652
162653
162654
162655
162656
162657
162658
162659
162660
162661
162662
162663
162664
162665
162666
162667
162668
162669
162670
162671
162672
162673
162674
162675
162676
162677
162678
162679
162680
162681
162682
162683
162684
162685
162686
162687
162688
163008
163009
163010
163011
163012
163013
163014
163015
163016
163017
163018
163019
163020
163021
163022
163023
163024
163025
163026
163027
163028
163029
163030
163031
163032
163033
163034
163035
163036
163037
163038
163039
163040
163041
163042
163043
163044
163045
163046
163047
163048
163049
163050
163051
163052
163053
163054
163055
163056
163057
163058
163059
163060
163061
163062
163063
163064
163065
163066
163067
163068
163069
163070
163071
163072
163073
163074
163075
163076
163077
163078
163079
163080
163081
163082
163083
163084
163405
163406
163407
163408
163409
163410
163411
163412
163413
163414
163415
163416
163417
163418
163419
163420
163421
163422
163423
163424
163425
163426
163427
163428
163429
163430
163431
163432
163433
163434
163435
163436
163437
163438
163439
163440
163441
163442
163443
163444
163445
163446
163447
163448
163449
163450
163451
163452
163453
163454
163455
163456
163457
163458
163459
163460
163461
163462
163463
163464
163465
163466
163467
163468
163469
163470
163471
163472
163473
163474
163475
163476
163477
163478
163479
163480
163481
163800
163801
163802
163803
163804
163805
163806
163807
163808
163809
163810
163811
163812
163813
163814
163815
163816
163817
163818
163819
163820
163821
163822
163823
163824
163825
163826
163827
163828
163829
163830
163831
163832
163833
163834
163835
163836
163837
163838
163839
163840
163841
163842
163843
163844
163845
163846
163847
163848
163849
163850
163851
163852
163853
163854
163855
163856
163857
163858
163859
163860
163861
163862
163863
163864
163865
163866
163867
163868
163869
163870
163871
163872
163873
163874
163875
163876
164196
164197
164198
164199
164200
164201
164202
164203
164204
164205
164206
164207
164208
164209
164210
164211
164212
164213
164214
164215
164216
164217
164218
164219
164220
164221
164222
164223
164224
164225
164226
164227
164228
164229
164230
164231
164232
164233
164234
164235
164236
164237
164238
164239
164240
164241
164242
164243
164244
164245
164246
164247
164248
164249
164250
164251
164252
164253
164254
164255
164256
164257
164258
164259
164260
164261
164262
164263
164264
164265
164266
164267
164268
164269
164271
164272
164593
164594
164595
164596
164597
164598
164599
164600
164601
164602
164603
164604
164605
164606
164607
164608
164609
164610
164611
164612
164613
164614
164615
164616
164617
164618
164619
164620
164621
164622
164623
164624
164625
164626
164627
164628
164629
164630
164631
164632
164633
164634
164635
164636
164637
164638
164639
164640
164641
164642
164643
164644
164645
164646
164647
164648
164649
164650
164651
164652
164653
164654
164655
164656
164657
164658
164659
164660
164661
164662
164663
164664
164665
164666
164669
164991
164992
164993
164994
164995
164996
164997
164998
164999
165000
165001
165002
165003
165004
165005
165006
165007
165008
165009
165010
165011
165012
165013
165014
165015
165016
165017
165018
165019
165020
165021
165022
165023
165024
165025
165026
165027
165028
165029
165030
165031
165032
165033
165034
165035
165036
165037
165038
165039
165040
165041
165042
165043
165044
165045
165046
165047
165048
165049
165050
165051
165052
165053
165054
165055
165056
165057
165058
165059
165060
165061
165062
165063
165064
165066
165067
165390
165391
165392
165393
165394
165395
165396
165397
165398
165399
165400
165401
165402
165403
165404
165405
165406
165407
165408
165409
165410
165411
165412
165413
165414
165415
165416
165417
165418
165419
165420
165421
165422
165423
165424
165425
165426
165427
165428
165429
165430
165431
165432
165433
165434
165435
165436
165437
165438
165439
165440
165441
165442
165443
165444
165445
165446
165447
165448
165449
165450
165451
165452
165453
165454
165455
165456
165457
165458
165459
165460
165461
165462
165463
165464
165465
165789
165790
165791
165792
165793
165794
165795
165796
165797
165798
165799
165800
165801
165802
165803
165804
165805
165806
165807
165808
165809
165810
165811
165812
165813
165814
165815
165816
165817
165818
165819
165820
165821
165822
165823
165824
165825
165826
165827
165828
165829
165830
165831
165832
165833
165834
165835
165836
165837
165838
165839
165840
165841
165842
165843
165844
165845
165846
165847
165848
165849
165850
165851
165852
165853
165854
165855
165856
165857
165858
165859
165860
165861
165862
165863
165864
166185
166186
166187
166188
166189
166190
166191
166192
166193
166194
166195
166196
166197
166198
166199
166200
166201
166202
166203
166204
166205
166206
166207
166208
166209
166210
166211
166212
166213
166214
166215
166216
166217
166218
166219
166220
166221
166222
166223
166224
166225
166226
166227
166228
166229
166230
166231
166232
166233
166234
166235
166236
166237
166238
166239
166240
166241
166242
166243
166244
166245
166246
166247
166248
166249
166250
166251
166252
166253
166254
166255
166256
166257
166258
166259
166260
166261
166583
166584
166585
166586
166587
166588
166589
166590
166591
166592
166593
166594
166595
166596
166597
166598
166599
166600
166601
166602
166603
166604
166605
166606
166607
166608
166609
166610
166611
166612
166613
166614
166615
166616
166617
166618
166619
166620
166621
166622
166623
166624
166625
166626
166627
166628
166629
166630
166631
166632
166633
166634
166635
166636
166637
166638
166639
166640
166641
166642
166643
166644
166645
166646
166647
166648
166649
166650
166651
166652
166653
166654
166655
166656
166657
166979
166980
166981
166982
166983
166984
166985
166986
166987
166988
166989
166990
166991
166992
166993
166994
166995
166996
166997
166998
166999
167000
167001
167002
167003
167004
167005
167006
167007
167008
167009
167010
167011
167012
167013
167014
167015
167016
167017
167018
167019
167020
167021
167022
167023
167024
167025
167026
167027
167028
167029
167030
167031
167032
167033
167034
167035
167036
167037
167038
167039
167040
167041
167042
167043
167044
167045
167046
167047
167048
167049
167050
167051
167052
167374
167375
167376
167377
167378
167379
167380
167381
167382
167383
167384
167385
167386
167387
167388
167389
167390
167391
167392
167393
167394
167395
167396
167397
167398
167399
167400
167401
167402
167403
167404
167405
167406
167407
167408
167409
167410
167411
167412
167413
167414
167415
167416
167417
167418
167419
167420
167421
167422
167423
167424
167425
167426
167427
167428
167429
167430
167431
167432
167433
167434
167435
167436
167437
167438
167439
167440
167441
167442
167443
167444
167445
167446
167447
167448
167770
167771
167772
167773
167774
167775
167776
167777
167778
167779
167780
167781
167782
167783
167784
167785
167786
167787
167788
167789
167790
167791
167792
167793
167794
167795
167796
167797
167798
167799
167800
167801
167802
167803
167804
167805
167806
167807
167808
167809
167810
167811
167812
167813
167814
167815
167816
167817
167818
167819
167820
167821
167822
167823
167824
167825
167826
167827
167828
167829
167830
167831
167832
167833
167834
167835
167836
167837
167838
167839
167840
167841
167842
167843
168167
168168
168169
168170
168171
168172
168173
168174
168175
168176
168177
168178
168179
168180
168181
168182
168183
168184
168185
168186
168187
168188
168189
168190
168191
168192
168193
168194
168195
168196
168197
168198
168199
168200
168201
168202
168203
168204
168205
168206
168207
168208
168209
168210
168211
168212
168213
168214
168215
168216
168217
168218
168219
168220
168221
168222
168223
168224
168225
168226
168227
168228
168229
168230
168231
168232
168233
168234
168235
168236
168237
168238
168239
168240
168564
168565
168566
168567
168568
168569
168570
168571
168572
168573
168574
168575
168576
168577
168578
168579
168580
168581
168582
168583
168584
168585
168586
168587
168588
168589
168590
168591
168592
168593
168594
168595
168596
168597
168598
168599
168600
168601
168602
168603
168604
168605
168606
168607
168608
168609
168610
168611
168612
168613
168614
168615
168616
168617
168618
168619
168620
168621
168622
168623
168624
168625
168626
168627
168628
168629
168630
168631
168632
168633
168634
168635
168636
168960
168961
168962
168963
168964
168965
168966
168967
168968
168969
168970
168971
168972
168973
168974
168975
168976
168977
168978
168979
168980
168981
168982
168983
168984
168985
168986
168987
168988
168989
168990
168991
168992
168993
168994
168995
168996
168997
168998
168999
169000
169001
169002
169003
169004
169005
169006
169007
169008
169009
169010
169011
169012
169013
169014
169015
169016
169017
169018
169019
169020
169021
169022
169023
169024
169025
169026
169027
169028
169029
169030
169031
169032
169033
169357
169358
169359
169360
169361
169362
169363
169364
169365
169366
169367
169368
169369
169370
169371
169372
169373
169374
169375
169376
169377
169378
169379
169380
169381
169382
169383
169384
169385
169386
169387
169388
169389
169390
169391
169392
169393
169394
169395
169396
169397
169398
169399
169400
169401
169402
169403
169404
169405
169406
169407
169408
169409
169410
169411
169412
169413
169414
169415
169416
169417
169418
169419
169420
169421
169422
169423
169424
169425
169426
169427
169428
169429
169430
169755
169756
169757
169758
169759
169760
169761
169762
169763
169764
169765
169766
169767
169768
169769
169770
169771
169772
169773
169774
169775
169776
169777
169778
169779
169780
169781
169782
169783
169784
169785
169786
169787
169788
169789
169790
169791
169792
169793
169794
169795
169796
169797
169798
169799
169800
169801
169802
169803
169804
169805
169806
169807
169808
169809
169810
169811
169812
169813
169814
169815
169816
169817
169818
169819
169820
169821
169822
169823
169824
169825
169826
169827
170153
170154
170155
170156
170157
170158
170159
170160
170161
170162
170163
170164
170165
170166
170167
170168
170169
170170
170171
170172
170173
170174
170175
170176
170177
170178
170179
170180
170181
170182
170183
170184
170185
170186
170187
170188
170189
170190
170191
170192
170193
170194
170195
170196
170197
170198
170199
170200
170201
170202
170203
170204
170205
170206
170207
170208
170209
170210
170211
170212
170213
170214
170215
170216
170217
170218
170219
170220
170221
170222
170223
170224
170549
170550
170551
170552
170553
170554
170555
170556
170557
170558
170559
170560
170561
170562
170563
170564
170565
170566
170567
170568
170569
170570
170571
170572
170573
170574
170575
170576
170577
170578
170579
170580
170581
170582
170583
170584
170585
170586
170587
170588
170589
170590
170591
170592
170593
170594
170595
170596
170597
170598
170599
170600
170601
170602
170603
170604
170605
170606
170607
170608
170609
170610
170611
170612
170613
170614
170615
170616
170617
170618
170619
170620
170621
170947
170948
170949
170950
170951
170952
170953
170954
170955
170956
170957
170958
170959
170960
170961
170962
170963
170964
170965
170966
170967
170968
170969
170970
170971
170972
170973
170974
170975
170976
170977
170978
170979
170980
170981
170982
170983
170984
170985
170986
170987
170988
170989
170990
170991
170992
170993
170994
170995
170996
170997
170998
170999
171000
171001
171002
171003
171004
171005
171006
171007
171008
171009
171010
171011
171012
171013
171014
171015
171016
171017
171018
171019
171346
171347
171348
171349
171350
171351
171352
171353
171354
171355
171356
171357
171358
171359
171360
171361
171362
171363
171364
171365
171366
171367
171368
171369
171370
171371
171372
171373
171374
171375
171376
171377
171378
171379
171380
171381
171382
171383
171384
171385
171386
171387
171388
171389
171390
171391
171392
171393
171394
171395
171396
171397
171398
171399
171400
171401
171402
171403
171404
171405
171406
171407
171408
171409
171410
171411
171412
171413
171414
171415
171416
171417
171418
171745
171746
171747
171748
171749
171750
171751
171752
171753
171754
171755
171756
171757
171758
171759
171760
171761
171762
171763
171764
171765
171766
171767
171768
171769
171770
171771
171772
171773
171774
171775
171776
171777
171778
171779
171780
171781
171782
171783
171784
171785
171786
171787
171788
171789
171790
171791
171792
171793
171794
171795
171796
171797
171798
171799
171800
171801
171802
171803
171804
171805
171806
171807
171808
171809
171810
171811
171812
171813
171814
171815
171816
172144
172145
172146
172147
172148
172149
172150
172151
172152
172153
172154
172155
172156
172157
172158
172159
172160
172161
172162
172163
172164
172165
172166
172167
172168
172169
172170
172171
172172
172173
172174
172175
172176
172177
172178
172179
172180
172181
172182
172183
172184
172185
172186
172187
172188
172189
172190
172191
172192
172193
172194
172195
172196
172197
172198
172199
172200
172201
172202
172203
172204
172205
172206
172207
172208
172209
172210
172211
172212
172213
172214
172215
172543
172544
172545
172546
172547
172548
172549
172550
172551
172552
172553
172554
172555
172556
172557
172558
172559
172560
172561
172562
172563
172564
172565
172566
172567
172568
172569
172570
172571
172572
172573
172574
172575
172576
172577
172578
172579
172580
172581
172582
172583
172584
172585
172586
172587
172588
172589
172590
172591
172592
172593
172594
172595
172596
172597
172598
172599
172600
172601
172602
172603
172604
172605
172606
172607
172608
172609
172610
172611
172612
172613
172614
172943
172944
172945
172946
172947
172948
172949
172950
172951
172952
172953
172954
172955
172956
172957
172958
172959
172960
172961
172962
172963
172964
172965
172966
172967
172968
172969
172970
172971
172972
172973
172974
172975
172976
172977
172978
172979
172980
172981
172982
172983
172984
172985
172986
172987
172988
172989
172990
172991
172992
172993
172994
172995
172996
172997
172998
172999
173000
173001
173002
173003
173004
173005
173006
173007
173008
173009
173010
173011
173012
173013
173014
173344
173345
173346
173347
173348
173349
173350
173351
173352
173353
173354
173355
173356
173357
173358
173359
173360
173361
173362
173363
173364
173365
173366
173367
173368
173369
173370
173371
173372
173373
173374
173375
173376
173377
173378
173379
173380
173381
173382
173383
173384
173385
173386
173387
173388
173389
173390
173391
173392
173393
173394
173395
173396
173397
173398
173399
173400
173401
173402
173403
173404
173405
173406
173407
173408
173409
173410
173411
173412
173413
173414
173744
173745
173746
173747
173748
173749
173750
173751
173752
173753
173754
173755
173756
173757
173758
173759
173760
173761
173762
173763
173764
173765
173766
173767
173768
173769
173770
173771
173772
173773
173774
173775
173776
173777
173778
173779
173780
173781
173782
173783
173784
173785
173786
173787
173788
173789
173790
173791
173792
173793
173794
173795
173796
173797
173798
173799
173800
173801
173802
173803
173804
173805
173806
173807
173808
173809
173810
173811
173812
173813
173814
174144
174145
174146
174147
174148
174149
174150
174151
174152
174153
174154
174155
174156
174157
174158
174159
174160
174161
174162
174163
174164
174165
174166
174167
174168
174169
174170
174171
174172
174173
174174
174175
174176
174177
174178
174179
174180
174181
174182
174183
174184
174185
174186
174187
174188
174189
174190
174191
174192
174193
174194
174195
174196
174197
174198
174199
174200
174201
174202
174203
174204
174205
174206
174207
174208
174209
174210
174211
174212
174213
174214
174548
174549
174550
174551
174552
174553
174554
174555
174556
174557
174558
174559
174560
174561
174562
174563
174564
174565
174566
174567
174568
174569
174570
174571
174572
174573
174574
174575
174576
174577
174578
174579
174580
174581
174582
174583
174584
174585
174586
174587
174588
174589
174590
174591
174592
174593
174594
174595
174596
174597
174598
174599
174600
174601
174602
174603
174604
174605
174606
174607
174608
174609
174610
174611
174612
174613
174614
174615
174616
174617
174950
174951
174952
174953
174954
174955
174956
174957
174958
174959
174960
174961
174962
174963
174964
174965
174966
174967
174968
174969
174970
174971
174972
174973
174974
174975
174976
174977
174978
174979
174980
174981
174982
174983
174984
174985
174986
174987
174988
174989
174990
174991
174992
174993
174994
174995
174996
174997
174998
174999
175000
175001
175002
175003
175004
175005
175006
175007
175008
175009
175010
175011
175012
175013
175014
175015
175016
175017
175018
175019
175352
175353
175354
175355
175356
175357
175358
175359
175360
175361
175362
175363
175364
175365
175366
175367
175368
175369
175370
175371
175372
175373
175374
175375
175376
175377
175378
175379
175380
175381
175382
175383
175384
175385
175386
175387
175388
175389
175390
175391
175392
175393
175394
175395
175396
175397
175398
175399
175400
175401
175402
175403
175404
175405
175406
175407
175408
175409
175410
175411
175412
175413
175414
175415
175416
175417
175418
175419
175420
175421
175754
175755
175756
175757
175758
175759
175760
175761
175762
175763
175764
175765
175766
175767
175768
175769
175770
175771
175772
175773
175774
175775
175776
175777
175778
175779
175780
175781
175782
175783
175784
175785
175786
175787
175788
175789
175790
175791
175792
175793
175794
175795
175796
175797
175798
175799
175800
175801
175802
175803
175804
175805
175806
175807
175808
175809
175810
175811
175812
175813
175814
175815
175816
175817
175818
175819
175820
175821
176154
176155
176156
176157
176158
176159
176160
176161
176162
176163
176164
176165
176166
176167
176168
176169
176170
176171
176172
176173
176174
176175
176176
176177
176178
176179
176180
176181
176182
176183
176184
176185
176186
176187
176188
176189
176190
176191
176192
176193
176194
176195
176196
176197
176198
176199
176200
176201
176202
176203
176204
176205
176206
176207
176208
176209
176210
176211
176212
176213
176214
176215
176216
176217
176218
176219
176220
176221
Coefficient of the plane:
0.0141543 -0.00262727 0.999896 14.7977
Inliers Indices
Indices Size:
5604
Data:
146248
146249
146250
146251
146252
146253
146254
146255
146256
146257
146258
146259
146260
146261
146262
146263
146264
146265
146266
146267
146268
146269
146270
146271
146272
146273
146274
146275
146276
146277
146278
146279
146280
146281
146282
146283
146284
146285
146286
146287
146288
146289
146290
146291
146292
146293
146294
146295
146296
146297
146298
146299
146300
146301
146302
146303
146304
146305
146306
146307
146308
146309
146310
146311
146312
146313
146314
146315
146316
146317
146318
146319
146320
146321
146322
146323
146657
146658
146659
146660
146661
146662
146663
146664
146665
146666
146667
146668
146669
146670
146671
146672
146673
146674
146675
146676
146677
146678
146679
146680
146681
146682
146683
146684
146685
146686
146687
146688
146689
146690
146691
146692
146693
146694
146695
146696
146697
146698
146699
146700
146701
146702
146703
146704
146705
146706
146707
146708
146709
146710
146711
146712
146713
146714
146715
146716
146717
146718
146719
146720
146721
146722
146723
146724
146725
146726
146727
146728
146729
146730
146731
146732
146733
147066
147067
147068
147069
147070
147071
147072
147073
147074
147075
147076
147077
147078
147079
147080
147081
147082
147083
147084
147085
147086
147087
147088
147089
147090
147091
147092
147093
147094
147095
147096
147097
147098
147099
147100
147101
147102
147103
147104
147105
147106
147107
147108
147109
147110
147111
147112
147113
147114
147115
147116
147117
147118
147119
147120
147121
147122
147123
147124
147125
147126
147127
147128
147129
147130
147131
147132
147133
147134
147135
147136
147137
147138
147139
147140
147141
147142
147476
147477
147478
147479
147480
147481
147482
147483
147484
147485
147486
147487
147488
147489
147490
147491
147492
147493
147494
147495
147496
147497
147498
147499
147500
147501
147502
147503
147504
147505
147506
147507
147508
147509
147510
147511
147512
147513
147514
147515
147516
147517
147518
147519
147520
147521
147522
147523
147524
147525
147526
147527
147528
147529
147530
147531
147532
147533
147534
147535
147536
147537
147538
147539
147540
147541
147542
147543
147544
147545
147546
147547
147548
147549
147550
147551
147882
147883
147884
147885
147886
147887
147888
147889
147890
147891
147892
147893
147894
147895
147896
147897
147898
147899
147900
147901
147902
147903
147904
147905
147906
147907
147908
147909
147910
147911
147912
147913
147914
147915
147916
147917
147918
147919
147920
147921
147922
147923
147924
147925
147926
147927
147928
147929
147930
147931
147932
147933
147934
147935
147936
147937
147938
147939
147940
147941
147942
147943
147944
147945
147946
147947
147948
147949
147950
147951
147952
147953
147954
147955
147956
147957
148288
148289
148290
148291
148292
148293
148294
148295
148296
148297
148298
148299
148300
148301
148302
148303
148304
148305
148306
148307
148308
148309
148310
148311
148312
148313
148314
148315
148316
148317
148318
148319
148320
148321
148322
148323
148324
148325
148326
148327
148328
148329
148330
148331
148332
148333
148334
148335
148336
148337
148338
148339
148340
148341
148342
148343
148344
148345
148346
148347
148348
148349
148350
148695
148696
148697
148698
148699
148700
148701
148702
148703
148704
148705
148706
148707
148708
148709
148710
148711
148712
148713
148714
148715
148716
148717
148718
148719
148720
148721
148722
148723
148724
148725
148726
148727
148728
148729
148730
148731
148732
148733
148734
148735
148736
148737
148738
148739
148740
148741
148742
148743
148744
148745
148746
148747
148748
148749
148750
148751
148752
148753
148754
148755
148756
148757
148758
148759
148760
148761
148762
148763
148764
149101
149102
149103
149104
149105
149106
149107
149108
149109
149110
149111
149112
149113
149114
149115
149116
149117
149118
149119
149120
149121
149122
149123
149124
149125
149126
149127
149128
149129
149130
149131
149132
149133
149134
149135
149136
149137
149138
149139
149140
149141
149142
149143
149144
149145
149146
149147
149148
149149
149150
149151
149152
149153
149154
149155
149156
149157
149158
149159
149160
149161
149162
149163
149164
149165
149166
149167
149168
149169
149170
149171
149508
149509
149510
149512
149513
149514
149515
149516
149517
149518
149519
149520
149521
149522
149523
149524
149525
149526
149527
149528
149529
149530
149531
149532
149533
149534
149535
149536
149537
149538
149539
149540
149541
149542
149543
149544
149545
149546
149547
149548
149549
149550
149551
149552
149553
149554
149555
149556
149557
149558
149559
149560
149561
149562
149563
149564
149565
149566
149567
149568
149569
149570
149571
149572
149573
149574
149575
149576
149577
149578
149579
149916
149917
149918
149919
149920
149921
149922
149923
149924
149925
149926
149927
149928
149929
149930
149931
149932
149933
149934
149935
149936
149937
149938
149939
149940
149941
149942
149943
149944
149945
149946
149947
149948
149949
149950
149951
149952
149953
149954
149955
149956
149957
149958
149959
149960
149961
149962
149963
149964
149965
149966
149967
149968
149969
149970
149971
149972
149973
149974
149975
149976
149977
149978
149979
149980
149981
149982
149983
149984
149985
149986
149987
149988
149989
149990
149991
150323
150326
150327
150328
150329
150330
150331
150332
150333
150334
150335
150336
150337
150338
150339
150340
150341
150342
150343
150344
150345
150346
150347
150348
150349
150350
150351
150352
150353
150354
150355
150356
150357
150358
150359
150360
150361
150362
150363
150364
150365
150366
150367
150368
150369
150370
150371
150372
150373
150374
150375
150376
150377
150378
150379
150380
150381
150382
150383
150384
150385
150386
150387
150388
150389
150390
150391
150392
150393
150394
150395
150396
150397
150398
150730
150731
150732
150733
150734
150735
150736
150737
150738
150739
150740
150741
150742
150743
150744
150745
150746
150747
150748
150749
150750
150751
150752
150753
150754
150755
150756
150757
150758
150759
150760
150761
150762
150763
150764
150765
150766
150767
150768
150769
150770
150771
150772
150773
150774
150775
150776
150777
150778
150779
150780
150781
150782
150783
150784
150785
150786
150787
150788
150789
150790
150791
150792
150793
150794
150795
150796
150797
150798
150799
150800
150801
150802
150803
150804
150805
150806
151143
151144
151145
151146
151147
151148
151149
151150
151151
151152
151153
151154
151155
151156
151157
151158
151159
151160
151161
151162
151163
151164
151165
151166
151167
151168
151169
151170
151171
151172
151173
151174
151175
151176
151177
151178
151179
151180
151181
151182
151183
151184
151185
151186
151187
151188
151189
151190
151191
151192
151193
151194
151195
151196
151197
151198
151199
151200
151201
151202
151203
151204
151205
151206
151207
151208
151209
151210
151211
151212
151213
151214
151215
151216
151217
151554
151555
151556
151557
151558
151559
151560
151561
151562
151563
151564
151565
151566
151567
151568
151569
151570
151571
151572
151573
151574
151575
151576
151577
151578
151579
151580
151581
151582
151583
151584
151585
151586
151587
151588
151589
151590
151591
151592
151593
151594
151595
151596
151597
151598
151599
151600
151601
151602
151603
151604
151605
151606
151607
151608
151609
151610
151611
151612
151613
151614
151615
151616
151617
151618
151619
151620
151621
151622
151623
151624
151625
151626
151627
151628
151629
151966
151967
151968
151969
151970
151971
151972
151973
151974
151975
151976
151977
151978
151979
151980
151981
151982
151983
151984
151985
151986
151987
151988
151989
151990
151991
151992
151993
151994
151995
151996
151997
151998
151999
152000
152001
152002
152003
152004
152005
152006
152007
152008
152009
152010
152011
152012
152013
152014
152015
152016
152017
152018
152019
152020
152021
152022
152023
152024
152025
152026
152027
152028
152029
152030
152031
152032
152033
152034
152035
152036
152037
152038
152039
152040
152041
152378
152379
152380
152381
152382
152383
152384
152385
152386
152387
152388
152389
152390
152391
152392
152393
152394
152395
152396
152397
152398
152399
152400
152401
152402
152403
152404
152405
152406
152407
152408
152409
152410
152411
152412
152413
152414
152415
152416
152417
152418
152419
152420
152421
152422
152423
152424
152425
152426
152427
152428
152429
152430
152431
152432
152433
152434
152435
152436
152437
152438
152439
152440
152441
152442
152443
152444
152445
152446
152447
152448
152449
152450
152451
152452
152453
152790
152791
152792
152793
152794
152795
152796
152797
152798
152799
152800
152801
152802
152803
152804
152805
152806
152807
152808
152809
152810
152811
152812
152813
152814
152815
152816
152817
152818
152819
152820
152821
152822
152823
152824
152825
152826
152827
152828
152829
152830
152831
152832
152833
152834
152835
152836
152837
152838
152839
152840
152841
152842
152843
152844
152845
152846
152847
152848
152849
152850
152851
152852
152853
152854
152855
152856
152857
152858
152859
152860
152861
152862
152863
152864
152865
153199
153200
153201
153202
153203
153204
153205
153206
153207
153208
153209
153210
153211
153212
153213
153214
153215
153216
153217
153218
153219
153220
153221
153222
153223
153224
153225
153226
153227
153228
153229
153230
153231
153232
153233
153234
153235
153236
153237
153238
153239
153240
153241
153242
153243
153244
153245
153246
153247
153248
153249
153250
153251
153252
153253
153254
153255
153256
153257
153258
153259
153260
153261
153262
153263
153264
153265
153266
153267
153268
153269
153270
153271
153272
153273
153274
153608
153609
153610
153611
153612
153613
153614
153615
153616
153617
153618
153619
153620
153621
153622
153623
153624
153625
153626
153627
153628
153629
153630
153631
153632
153633
153634
153635
153636
153637
153638
153639
153640
153641
153642
153643
153644
153645
153646
153647
153648
153649
153650
153651
153652
153653
153654
153655
153656
153657
153658
153659
153660
153661
153662
153663
153664
153665
153666
153667
153668
153669
153670
153671
153672
153673
153674
153675
153676
153677
153678
153679
153680
153681
153682
153683
153684
154017
154018
154019
154020
154021
154022
154023
154024
154025
154026
154027
154028
154029
154030
154031
154032
154033
154034
154035
154036
154037
154038
154039
154040
154041
154042
154043
154044
154045
154046
154047
154048
154049
154050
154051
154052
154053
154054
154055
154056
154057
154058
154059
154060
154061
154062
154063
154064
154065
154066
154067
154068
154069
154070
154071
154072
154073
154074
154075
154076
154077
154078
154079
154080
154081
154082
154083
154084
154085
154086
154087
154088
154089
154090
154091
154092
154093
154427
154428
154429
154430
154431
154432
154433
154434
154435
154436
154437
154438
154439
154440
154441
154442
154443
154444
154445
154446
154447
154448
154449
154450
154451
154452
154453
154454
154455
154456
154457
154458
154459
154460
154461
154462
154463
154464
154465
154466
154467
154468
154469
154470
154471
154472
154473
154474
154475
154476
154477
154478
154479
154480
154481
154482
154483
154484
154485
154486
154487
154488
154489
154490
154491
154492
154493
154494
154495
154496
154497
154498
154499
154500
154501
154502
154503
154837
154838
154839
154840
154841
154842
154843
154844
154845
154846
154847
154848
154849
154850
154851
154852
154853
154854
154855
154856
154857
154858
154859
154860
154861
154862
154863
154864
154865
154866
154867
154868
154869
154870
154871
154872
154873
154874
154875
154876
154877
154878
154879
154880
154881
154882
154883
154884
154885
154886
154887
154888
154889
154890
154891
154892
154893
154894
154895
154896
154897
154898
154899
154900
154901
154902
154903
154904
154905
154906
154907
154908
154909
154910
154911
154912
155246
155247
155248
155249
155250
155251
155252
155253
155254
155255
155256
155257
155258
155259
155260
155261
155262
155263
155264
155265
155266
155267
155268
155269
155270
155271
155272
155273
155274
155275
155276
155277
155278
155279
155280
155281
155282
155283
155284
155285
155286
155287
155288
155289
155290
155291
155292
155293
155294
155295
155296
155297
155298
155299
155300
155301
155302
155303
155304
155305
155306
155307
155308
155309
155310
155311
155312
155313
155314
155315
155316
155317
155318
155319
155320
155321
155322
155323
155657
155658
155659
155660
155661
155662
155663
155664
155665
155666
155667
155668
155669
155670
155671
155672
155673
155674
155675
155676
155677
155678
155679
155680
155681
155682
155683
155684
155685
155686
155687
155688
155689
155690
155691
155692
155693
155694
155695
155696
155697
155698
155699
155700
155701
155702
155703
155704
155705
155706
155707
155708
155709
155710
155711
155712
155713
155714
155715
155716
155717
155718
155719
155720
155721
155722
155723
155724
155725
155726
155727
155728
155729
155730
155731
155732
155733
156068
156069
156070
156071
156072
156073
156074
156075
156076
156077
156078
156079
156080
156081
156082
156083
156084
156085
156086
156087
156088
156089
156090
156091
156092
156093
156094
156095
156096
156097
156098
156099
156100
156101
156102
156103
156104
156105
156106
156107
156108
156109
156110
156111
156112
156113
156114
156115
156116
156117
156118
156119
156120
156121
156122
156123
156124
156125
156126
156127
156128
156129
156130
156131
156132
156133
156134
156135
156136
156137
156138
156139
156140
156141
156142
156143
156144
156482
156483
156484
156485
156486
156487
156488
156489
156490
156491
156492
156493
156494
156495
156496
156497
156498
156499
156500
156501
156502
156503
156504
156505
156506
156507
156508
156509
156510
156511
156512
156513
156514
156515
156516
156517
156518
156519
156520
156521
156522
156523
156524
156525
156526
156527
156528
156529
156530
156531
156532
156533
156534
156535
156536
156537
156538
156539
156540
156541
156542
156543
156544
156545
156546
156547
156548
156549
156550
156551
156552
156553
156554
156555
156556
156557
156558
156896
156897
156898
156899
156900
156901
156902
156903
156904
156905
156906
156907
156908
156909
156910
156911
156912
156913
156914
156915
156916
156917
156918
156919
156920
156921
156922
156923
156924
156925
156926
156927
156928
156929
156930
156931
156932
156933
156934
156935
156936
156937
156938
156939
156940
156941
156942
156943
156944
156945
156946
156947
156948
156949
156950
156951
156952
156953
156954
156955
156956
156957
156958
156959
156960
156961
156962
156963
156964
156965
156966
156967
156968
156969
156970
156971
156972
157312
157313
157314
157315
157316
157317
157318
157319
157320
157321
157322
157323
157324
157325
157326
157327
157328
157329
157330
157331
157332
157333
157334
157335
157336
157337
157338
157339
157340
157341
157342
157343
157344
157345
157346
157347
157348
157349
157350
157351
157352
157353
157354
157355
157356
157357
157358
157359
157360
157361
157362
157363
157364
157365
157366
157367
157368
157369
157370
157371
157372
157373
157374
157375
157376
157377
157378
157379
157380
157381
157382
157383
157384
157385
157386
157387
157388
157727
157728
157729
157730
157731
157732
157733
157734
157735
157736
157737
157738
157739
157740
157741
157742
157743
157744
157745
157746
157747
157748
157749
157750
157751
157752
157753
157754
157755
157756
157757
157758
157759
157760
157761
157762
157763
157764
157765
157766
157767
157768
157769
157770
157771
157772
157773
157774
157775
157776
157777
157778
157779
157780
157781
157782
157783
157784
157785
157786
157787
157788
157789
157790
157791
157792
157793
157794
157795
157796
157797
157798
157799
157800
157801
157802
157803
158137
158138
158139
158140
158141
158142
158143
158144
158145
158146
158147
158148
158149
158150
158151
158152
158153
158154
158155
158156
158157
158158
158159
158160
158161
158162
158163
158164
158165
158166
158167
158168
158169
158170
158171
158172
158173
158174
158175
158176
158177
158178
158179
158180
158181
158182
158183
158184
158185
158186
158187
158188
158189
158190
158191
158192
158193
158194
158195
158196
158197
158198
158199
158200
158201
158202
158203
158204
158205
158206
158207
158208
158209
158210
158211
158212
158213
158547
158548
158549
158550
158551
158552
158553
158554
158555
158556
158557
158558
158559
158560
158561
158562
158563
158564
158565
158566
158567
158568
158569
158570
158571
158572
158573
158574
158575
158576
158577
158578
158579
158580
158581
158582
158583
158584
158585
158586
158587
158588
158589
158590
158591
158592
158593
158594
158595
158596
158597
158598
158599
158600
158601
158602
158603
158604
158605
158606
158607
158608
158609
158610
158611
158612
158613
158614
158615
158616
158617
158618
158619
158620
158621
158622
158623
158958
158959
158960
158961
158962
158963
158964
158965
158966
158967
158968
158969
158970
158971
158972
158973
158974
158975
158976
158977
158978
158979
158980
158981
158982
158983
158984
158985
158986
158987
158988
158989
158990
158991
158992
158993
158994
158995
158996
158997
158998
158999
159000
159001
159002
159003
159004
159005
159006
159007
159008
159009
159010
159011
159012
159013
159014
159015
159016
159017
159018
159019
159020
159021
159022
159023
159024
159025
159026
159027
159028
159029
159030
159031
159032
159033
159034
159368
159369
159370
159371
159372
159373
159374
159375
159376
159377
159378
159379
159380
159381
159382
159383
159384
159385
159386
159387
159388
159389
159390
159391
159392
159393
159394
159395
159396
159397
159398
159399
159400
159401
159402
159403
159404
159405
159406
159407
159408
159409
159410
159411
159412
159413
159414
159415
159416
159417
159418
159419
159420
159421
159422
159423
159424
159425
159426
159427
159428
159429
159430
159431
159432
159433
159434
159435
159436
159437
159438
159439
159440
159441
159442
159443
159444
159779
159780
159781
159782
159783
159784
159785
159786
159787
159788
159789
159790
159791
159792
159793
159794
159795
159796
159797
159798
159799
159800
159801
159802
159803
159804
159805
159806
159807
159808
159809
159810
159811
159812
159813
159814
159815
159816
159817
159818
159819
159820
159821
159822
159823
159824
159825
159826
159827
159828
159829
159830
159831
159832
159833
159834
159835
159836
159837
159838
159839
159840
159841
159842
159843
159844
159845
159846
159847
159848
159849
159850
159851
159852
159853
159854
160190
160191
160192
160193
160194
160195
160196
160197
160198
160199
160200
160201
160202
160203
160204
160205
160206
160207
160208
160209
160210
160211
160212
160213
160214
160215
160216
160217
160218
160219
160220
160221
160222
160223
160224
160225
160226
160227
160228
160229
160230
160231
160232
160233
160234
160235
160236
160237
160238
160239
160240
160241
160242
160243
160244
160245
160246
160247
160248
160249
160250
160251
160252
160253
160254
160255
160256
160257
160258
160259
160260
160261
160262
160263
160264
160265
160602
160603
160604
160605
160606
160607
160608
160609
160610
160611
160612
160613
160614
160615
160616
160617
160618
160619
160620
160621
160622
160623
160624
160625
160626
160627
160628
160629
160630
160631
160632
160633
160634
160635
160636
160637
160638
160639
160640
160641
160642
160643
160644
160645
160646
160647
160648
160649
160650
160651
160652
160653
160654
160655
160656
160657
160658
160659
160660
160661
160662
160663
160664
160665
160666
160667
160668
160669
160670
160671
160672
160673
160674
160675
160676
160677
160678
160679
161015
161016
161017
161018
161019
161020
161021
161022
161023
161024
161025
161026
161027
161028
161029
161030
161031
161032
161033
161034
161035
161036
161037
161038
161039
161040
161041
161042
161043
161044
161045
161046
161047
161048
161049
161050
161051
161052
161053
161054
161055
161056
161057
161058
161059
161060
161061
161062
161063
161064
161065
161066
161067
161068
161069
161070
161071
161072
161073
161074
161075
161076
161077
161078
161079
161080
161081
161082
161083
161084
161085
161086
161087
161088
161089
161090
161091
161092
161420
161421
161422
161423
161424
161425
161426
161427
161428
161429
161430
161431
161432
161433
161434
161435
161436
161437
161438
161439
161440
161441
161442
161443
161444
161445
161446
161447
161448
161449
161450
161451
161452
161453
161454
161455
161456
161457
161458
161459
161460
161461
161462
161463
161464
161465
161466
161467
161468
161469
161470
161471
161472
161473
161474
161475
161476
161477
161478
161479
161480
161481
161482
161483
161484
161485
161486
161487
161488
161489
161490
161491
161492
161493
161494
161495
161496
161497
161817
161818
161819
161820
161821
161822
161823
161824
161825
161826
161827
161828
161829
161830
161831
161832
161833
161834
161835
161836
161837
161838
161839
161840
161841
161842
161843
161844
161845
161846
161847
161848
161849
161850
161851
161852
161853
161854
161855
161856
161857
161858
161859
161860
161861
161862
161863
161864
161865
161866
161867
161868
161869
161870
161871
161872
161873
161874
161875
161876
161877
161878
161879
161880
161881
161882
161883
161884
161885
161886
161887
161888
161889
161890
161891
161892
161893
161894
162215
162216
162217
162218
162219
162220
162221
162222
162223
162224
162225
162226
162227
162228
162229
162230
162231
162232
162233
162234
162235
162236
162237
162238
162239
162240
162241
162242
162243
162244
162245
162246
162247
162248
162249
162250
162251
162252
162253
162254
162255
162256
162257
162258
162259
162260
162261
162262
162263
162264
162265
162266
162267
162268
162269
162270
162271
162272
162273
162274
162275
162276
162277
162278
162279
162280
162281
162282
162283
162284
162285
162286
162287
162288
162289
162290
162291
162611
162612
162613
162614
162615
162616
162617
162618
162619
162620
162621
162622
162623
162624
162625
162626
162627
162628
162629
162630
162631
162632
162633
162634
162635
162636
162637
162638
162639
162640
162641
162642
162643
162644
162645
162646
162647
162648
162649
162650
162651
162652
162653
162654
162655
162656
162657
162658
162659
162660
162661
162662
162663
162664
162665
162666
162667
162668
162669
162670
162671
162672
162673
162674
162675
162676
162677
162678
162679
162680
162681
162682
162683
162684
162685
162686
162687
162688
163008
163009
163010
163011
163012
163013
163014
163015
163016
163017
163018
163019
163020
163021
163022
163023
163024
163025
163026
163027
163028
163029
163030
163031
163032
163033
163034
163035
163036
163037
163038
163039
163040
163041
163042
163043
163044
163045
163046
163047
163048
163049
163050
163051
163052
163053
163054
163055
163056
163057
163058
163059
163060
163061
163062
163063
163064
163065
163066
163067
163068
163069
163070
163071
163072
163073
163074
163075
163076
163077
163078
163079
163080
163081
163082
163083
163084
163405
163406
163407
163408
163409
163410
163411
163412
163413
163414
163415
163416
163417
163418
163419
163420
163421
163422
163423
163424
163425
163426
163427
163428
163429
163430
163431
163432
163433
163434
163435
163436
163437
163438
163439
163440
163441
163442
163443
163444
163445
163446
163447
163448
163449
163450
163451
163452
163453
163454
163455
163456
163457
163458
163459
163460
163461
163462
163463
163464
163465
163466
163467
163468
163469
163470
163471
163472
163473
163474
163475
163476
163477
163478
163479
163480
163481
163800
163801
163802
163803
163804
163805
163806
163807
163808
163809
163810
163811
163812
163813
163814
163815
163816
163817
163818
163819
163820
163821
163822
163823
163824
163825
163826
163827
163828
163829
163830
163831
163832
163833
163834
163835
163836
163837
163838
163839
163840
163841
163842
163843
163844
163845
163846
163847
163848
163849
163850
163851
163852
163853
163854
163855
163856
163857
163858
163859
163860
163861
163862
163863
163864
163865
163866
163867
163868
163869
163870
163871
163872
163873
163874
163875
163876
164196
164197
164198
164199
164200
164201
164202
164203
164204
164205
164206
164207
164208
164209
164210
164211
164212
164213
164214
164215
164216
164217
164218
164219
164220
164221
164222
164223
164224
164225
164226
164227
164228
164229
164230
164231
164232
164233
164234
164235
164236
164237
164238
164239
164240
164241
164242
164243
164244
164245
164246
164247
164248
164249
164250
164251
164252
164253
164254
164255
164256
164257
164258
164259
164260
164261
164262
164263
164264
164265
164266
164267
164268
164269
164271
164272
164593
164594
164595
164596
164597
164598
164599
164600
164601
164602
164603
164604
164605
164606
164607
164608
164609
164610
164611
164612
164613
164614
164615
164616
164617
164618
164619
164620
164621
164622
164623
164624
164625
164626
164627
164628
164629
164630
164631
164632
164633
164634
164635
164636
164637
164638
164639
164640
164641
164642
164643
164644
164645
164646
164647
164648
164649
164650
164651
164652
164653
164654
164655
164656
164657
164658
164659
164660
164661
164662
164663
164664
164665
164666
164669
164991
164992
164993
164994
164995
164996
164997
164998
164999
165000
165001
165002
165003
165004
165005
165006
165007
165008
165009
165010
165011
165012
165013
165014
165015
165016
165017
165018
165019
165020
165021
165022
165023
165024
165025
165026
165027
165028
165029
165030
165031
165032
165033
165034
165035
165036
165037
165038
165039
165040
165041
165042
165043
165044
165045
165046
165047
165048
165049
165050
165051
165052
165053
165054
165055
165056
165057
165058
165059
165060
165061
165062
165063
165064
165066
165067
165390
165391
165392
165393
165394
165395
165396
165397
165398
165399
165400
165401
165402
165403
165404
165405
165406
165407
165408
165409
165410
165411
165412
165413
165414
165415
165416
165417
165418
165419
165420
165421
165422
165423
165424
165425
165426
165427
165428
165429
165430
165431
165432
165433
165434
165435
165436
165437
165438
165439
165440
165441
165442
165443
165444
165445
165446
165447
165448
165449
165450
165451
165452
165453
165454
165455
165456
165457
165458
165459
165460
165461
165462
165463
165464
165465
165789
165790
165791
165792
165793
165794
165795
165796
165797
165798
165799
165800
165801
165802
165803
165804
165805
165806
165807
165808
165809
165810
165811
165812
165813
165814
165815
165816
165817
165818
165819
165820
165821
165822
165823
165824
165825
165826
165827
165828
165829
165830
165831
165832
165833
165834
165835
165836
165837
165838
165839
165840
165841
165842
165843
165844
165845
165846
165847
165848
165849
165850
165851
165852
165853
165854
165855
165856
165857
165858
165859
165860
165861
165862
165863
165864
166185
166186
166187
166188
166189
166190
166191
166192
166193
166194
166195
166196
166197
166198
166199
166200
166201
166202
166203
166204
166205
166206
166207
166208
166209
166210
166211
166212
166213
166214
166215
166216
166217
166218
166219
166220
166221
166222
166223
166224
166225
166226
166227
166228
166229
166230
166231
166232
166233
166234
166235
166236
166237
166238
166239
166240
166241
166242
166243
166244
166245
166246
166247
166248
166249
166250
166251
166252
166253
166254
166255
166256
166257
166258
166259
166260
166261
166583
166584
166585
166586
166587
166588
166589
166590
166591
166592
166593
166594
166595
166596
166597
166598
166599
166600
166601
166602
166603
166604
166605
166606
166607
166608
166609
166610
166611
166612
166613
166614
166615
166616
166617
166618
166619
166620
166621
166622
166623
166624
166625
166626
166627
166628
166629
166630
166631
166632
166633
166634
166635
166636
166637
166638
166639
166640
166641
166642
166643
166644
166645
166646
166647
166648
166649
166650
166651
166652
166653
166654
166655
166656
166657
166979
166980
166981
166982
166983
166984
166985
166986
166987
166988
166989
166990
166991
166992
166993
166994
166995
166996
166997
166998
166999
167000
167001
167002
167003
167004
167005
167006
167007
167008
167009
167010
167011
167012
167013
167014
167015
167016
167017
167018
167019
167020
167021
167022
167023
167024
167025
167026
167027
167028
167029
167030
167031
167032
167033
167034
167035
167036
167037
167038
167039
167040
167041
167042
167043
167044
167045
167046
167047
167048
167049
167050
167051
167052
167374
167375
167376
167377
167378
167379
167380
167381
167382
167383
167384
167385
167386
167387
167388
167389
167390
167391
167392
167393
167394
167395
167396
167397
167398
167399
167400
167401
167402
167403
167404
167405
167406
167407
167408
167409
167410
167411
167412
167413
167414
167415
167416
167417
167418
167419
167420
167421
167422
167423
167424
167425
167426
167427
167428
167429
167430
167431
167432
167433
167434
167435
167436
167437
167438
167439
167440
167441
167442
167443
167444
167445
167446
167447
167448
167770
167771
167772
167773
167774
167775
167776
167777
167778
167779
167780
167781
167782
167783
167784
167785
167786
167787
167788
167789
167790
167791
167792
167793
167794
167795
167796
167797
167798
167799
167800
167801
167802
167803
167804
167805
167806
167807
167808
167809
167810
167811
167812
167813
167814
167815
167816
167817
167818
167819
167820
167821
167822
167823
167824
167825
167826
167827
167828
167829
167830
167831
167832
167833
167834
167835
167836
167837
167838
167839
167840
167841
167842
167843
168167
168168
168169
168170
168171
168172
168173
168174
168175
168176
168177
168178
168179
168180
168181
168182
168183
168184
168185
168186
168187
168188
168189
168190
168191
168192
168193
168194
168195
168196
168197
168198
168199
168200
168201
168202
168203
168204
168205
168206
168207
168208
168209
168210
168211
168212
168213
168214
168215
168216
168217
168218
168219
168220
168221
168222
168223
168224
168225
168226
168227
168228
168229
168230
168231
168232
168233
168234
168235
168236
168237
168238
168239
168240
168564
168565
168566
168567
168568
168569
168570
168571
168572
168573
168574
168575
168576
168577
168578
168579
168580
168581
168582
168583
168584
168585
168586
168587
168588
168589
168590
168591
168592
168593
168594
168595
168596
168597
168598
168599
168600
168601
168602
168603
168604
168605
168606
168607
168608
168609
168610
168611
168612
168613
168614
168615
168616
168617
168618
168619
168620
168621
168622
168623
168624
168625
168626
168627
168628
168629
168630
168631
168632
168633
168634
168635
168636
168960
168961
168962
168963
168964
168965
168966
168967
168968
168969
168970
168971
168972
168973
168974
168975
168976
168977
168978
168979
168980
168981
168982
168983
168984
168985
168986
168987
168988
168989
168990
168991
168992
168993
168994
168995
168996
168997
168998
168999
169000
169001
169002
169003
169004
169005
169006
169007
169008
169009
169010
169011
169012
169013
169014
169015
169016
169017
169018
169019
169020
169021
169022
169023
169024
169025
169026
169027
169028
169029
169030
169031
169032
169033
169357
169358
169359
169360
169361
169362
169363
169364
169365
169366
169367
169368
169369
169370
169371
169372
169373
169374
169375
169376
169377
169378
169379
169380
169381
169382
169383
169384
169385
169386
169387
169388
169389
169390
169391
169392
169393
169394
169395
169396
169397
169398
169399
169400
169401
169402
169403
169404
169405
169406
169407
169408
169409
169410
169411
169412
169413
169414
169415
169416
169417
169418
169419
169420
169421
169422
169423
169424
169425
169426
169427
169428
169429
169430
169755
169756
169757
169758
169759
169760
169761
169762
169763
169764
169765
169766
169767
169768
169769
169770
169771
169772
169773
169774
169775
169776
169777
169778
169779
169780
169781
169782
169783
169784
169785
169786
169787
169788
169789
169790
169791
169792
169793
169794
169795
169796
169797
169798
169799
169800
169801
169802
169803
169804
169805
169806
169807
169808
169809
169810
169811
169812
169813
169814
169815
169816
169817
169818
169819
169820
169821
169822
169823
169824
169825
169826
169827
170153
170154
170155
170156
170157
170158
170159
170160
170161
170162
170163
170164
170165
170166
170167
170168
170169
170170
170171
170172
170173
170174
170175
170176
170177
170178
170179
170180
170181
170182
170183
170184
170185
170186
170187
170188
170189
170190
170191
170192
170193
170194
170195
170196
170197
170198
170199
170200
170201
170202
170203
170204
170205
170206
170207
170208
170209
170210
170211
170212
170213
170214
170215
170216
170217
170218
170219
170220
170221
170222
170223
170224
170549
170550
170551
170552
170553
170554
170555
170556
170557
170558
170559
170560
170561
170562
170563
170564
170565
170566
170567
170568
170569
170570
170571
170572
170573
170574
170575
170576
170577
170578
170579
170580
170581
170582
170583
170584
170585
170586
170587
170588
170589
170590
170591
170592
170593
170594
170595
170596
170597
170598
170599
170600
170601
170602
170603
170604
170605
170606
170607
170608
170609
170610
170611
170612
170613
170614
170615
170616
170617
170618
170619
170620
170621
170947
170948
170949
170950
170951
170952
170953
170954
170955
170956
170957
170958
170959
170960
170961
170962
170963
170964
170965
170966
170967
170968
170969
170970
170971
170972
170973
170974
170975
170976
170977
170978
170979
170980
170981
170982
170983
170984
170985
170986
170987
170988
170989
170990
170991
170992
170993
170994
170995
170996
170997
170998
170999
171000
171001
171002
171003
171004
171005
171006
171007
171008
171009
171010
171011
171012
171013
171014
171015
171016
171017
171018
171019
171346
171347
171348
171349
171350
171351
171352
171353
171354
171355
171356
171357
171358
171359
171360
171361
171362
171363
171364
171365
171366
171367
171368
171369
171370
171371
171372
171373
171374
171375
171376
171377
171378
171379
171380
171381
171382
171383
171384
171385
171386
171387
171388
171389
171390
171391
171392
171393
171394
171395
171396
171397
171398
171399
171400
171401
171402
171403
171404
171405
171406
171407
171408
171409
171410
171411
171412
171413
171414
171415
171416
171417
171418
171745
171746
171747
171748
171749
171750
171751
171752
171753
171754
171755
171756
171757
171758
171759
171760
171761
171762
171763
171764
171765
171766
171767
171768
171769
171770
171771
171772
171773
171774
171775
171776
171777
171778
171779
171780
171781
171782
171783
171784
171785
171786
171787
171788
171789
171790
171791
171792
171793
171794
171795
171796
171797
171798
171799
171800
171801
171802
171803
171804
171805
171806
171807
171808
171809
171810
171811
171812
171813
171814
171815
171816
172144
172145
172146
172147
172148
172149
172150
172151
172152
172153
172154
172155
172156
172157
172158
172159
172160
172161
172162
172163
172164
172165
172166
172167
172168
172169
172170
172171
172172
172173
172174
172175
172176
172177
172178
172179
172180
172181
172182
172183
172184
172185
172186
172187
172188
172189
172190
172191
172192
172193
172194
172195
172196
172197
172198
172199
172200
172201
172202
172203
172204
172205
172206
172207
172208
172209
172210
172211
172212
172213
172214
172215
172543
172544
172545
172546
172547
172548
172549
172550
172551
172552
172553
172554
172555
172556
172557
172558
172559
172560
172561
172562
172563
172564
172565
172566
172567
172568
172569
172570
172571
172572
172573
172574
172575
172576
172577
172578
172579
172580
172581
172582
172583
172584
172585
172586
172587
172588
172589
172590
172591
172592
172593
172594
172595
172596
172597
172598
172599
172600
172601
172602
172603
172604
172605
172606
172607
172608
172609
172610
172611
172612
172613
172614
172943
172944
172945
172946
172947
172948
172949
172950
172951
172952
172953
172954
172955
172956
172957
172958
172959
172960
172961
172962
172963
172964
172965
172966
172967
172968
172969
172970
172971
172972
172973
172974
172975
172976
172977
172978
172979
172980
172981
172982
172983
172984
172985
172986
172987
172988
172989
172990
172991
172992
172993
172994
172995
172996
172997
172998
172999
173000
173001
173002
173003
173004
173005
173006
173007
173008
173009
173010
173011
173012
173013
173014
173344
173345
173346
173347
173348
173349
173350
173351
173352
173353
173354
173355
173356
173357
173358
173359
173360
173361
173362
173363
173364
173365
173366
173367
173368
173369
173370
173371
173372
173373
173374
173375
173376
173377
173378
173379
173380
173381
173382
173383
173384
173385
173386
173387
173388
173389
173390
173391
173392
173393
173394
173395
173396
173397
173398
173399
173400
173401
173402
173403
173404
173405
173406
173407
173408
173409
173410
173411
173412
173413
173414
173744
173745
173746
173747
173748
173749
173750
173751
173752
173753
173754
173755
173756
173757
173758
173759
173760
173761
173762
173763
173764
173765
173766
173767
173768
173769
173770
173771
173772
173773
173774
173775
173776
173777
173778
173779
173780
173781
173782
173783
173784
173785
173786
173787
173788
173789
173790
173791
173792
173793
173794
173795
173796
173797
173798
173799
173800
173801
173802
173803
173804
173805
173806
173807
173808
173809
173810
173811
173812
173813
173814
174144
174145
174146
174147
174148
174149
174150
174151
174152
174153
174154
174155
174156
174157
174158
174159
174160
174161
174162
174163
174164
174165
174166
174167
174168
174169
174170
174171
174172
174173
174174
174175
174176
174177
174178
174179
174180
174181
174182
174183
174184
174185
174186
174187
174188
174189
174190
174191
174192
174193
174194
174195
174196
174197
174198
174199
174200
174201
174202
174203
174204
174205
174206
174207
174208
174209
174210
174211
174212
174213
174214
174548
174549
174550
174551
174552
174553
174554
174555
174556
174557
174558
174559
174560
174561
174562
174563
174564
174565
174566
174567
174568
174569
174570
174571
174572
174573
174574
174575
174576
174577
174578
174579
174580
174581
174582
174583
174584
174585
174586
174587
174588
174589
174590
174591
174592
174593
174594
174595
174596
174597
174598
174599
174600
174601
174602
174603
174604
174605
174606
174607
174608
174609
174610
174611
174612
174613
174614
174615
174616
174617
174950
174951
174952
174953
174954
174955
174956
174957
174958
174959
174960
174961
174962
174963
174964
174965
174966
174967
174968
174969
174970
174971
174972
174973
174974
174975
174976
174977
174978
174979
174980
174981
174982
174983
174984
174985
174986
174987
174988
174989
174990
174991
174992
174993
174994
174995
174996
174997
174998
174999
175000
175001
175002
175003
175004
175005
175006
175007
175008
175009
175010
175011
175012
175013
175014
175015
175016
175017
175018
175019
175352
175353
175354
175355
175356
175357
175358
175359
175360
175361
175362
175363
175364
175365
175366
175367
175368
175369
175370
175371
175372
175373
175374
175375
175376
175377
175378
175379
175380
175381
175382
175383
175384
175385
175386
175387
175388
175389
175390
175391
175392
175393
175394
175395
175396
175397
175398
175399
175400
175401
175402
175403
175404
175405
175406
175407
175408
175409
175410
175411
175412
175413
175414
175415
175416
175417
175418
175419
175420
175421
175754
175755
175756
175757
175758
175759
175760
175761
175762
175763
175764
175765
175766
175767
175768
175769
175770
175771
175772
175773
175774
175775
175776
175777
175778
175779
175780
175781
175782
175783
175784
175785
175786
175787
175788
175789
175790
175791
175792
175793
175794
175795
175796
175797
175798
175799
175800
175801
175802
175803
175804
175805
175806
175807
175808
175809
175810
175811
175812
175813
175814
175815
175816
175817
175818
175819
175820
175821
176154
176155
176156
176157
176158
176159
176160
176161
176162
176163
176164
176165
176166
176167
176168
176169
176170
176171
176172
176173
176174
176175
176176
176177
176178
176179
176180
176181
176182
176183
176184
176185
176186
176187
176188
176189
176190
176191
176192
176193
176194
176195
176196
176197
176198
176199
176200
176201
176202
176203
176204
176205
176206
176207
176208
176209
176210
176211
176212
176213
176214
176215
176216
176217
176218
176219
176220
176221
