Sample Indices
Indices Size:
911
Data:
126348
126349
126350
126351
126352
127147
127540
127541
127542
127543
127544
127545
127546
127547
127548
127549
127550
127938
127939
127940
127941
127942
127943
127944
127945
127946
127947
127948
127949
127950
127951
127952
128337
128338
128339
128340
128341
128342
128343
128344
128345
128346
128347
128348
128349
128735
128736
128737
128738
128739
128740
128741
128742
128743
128744
128745
128746
128747
129132
129133
129134
129135
129136
129137
129138
129139
129140
129141
129142
129143
129144
129145
129530
129531
129532
129533
129534
129535
129536
129537
129538
129539
129540
129541
129542
129543
129544
129545
129546
129547
129548
129932
129933
129934
129935
129936
129937
129938
129939
129940
129941
129942
129943
129944
129945
129946
129947
129948
129949
129950
130334
130335
130336
130337
130338
130339
130340
130341
130342
130343
130344
130345
130346
130347
130732
130733
130734
130735
130736
130737
130738
130739
130740
130741
130742
130743
130744
131130
131131
131132
131133
131134
131135
131136
131137
131138
131139
131140
131141
131142
131528
131529
131530
131531
131532
131533
131534
131535
131536
131537
131538
131539
131540
131541
131542
131543
131544
131545
131546
131930
131931
131932
131933
131934
131935
131936
131937
131938
131939
131940
131941
131942
131943
131944
131945
131946
131947
131948
132332
132333
132334
132335
132336
132337
132338
132339
132340
132341
132342
132343
132344
132345
132730
132731
132732
132733
132734
132735
132736
132737
132738
132739
132740
132741
132742
132743
133128
133129
133130
133131
133132
133133
133134
133135
133136
133137
133138
133139
133140
133141
133526
133527
133528
133529
133530
133531
133532
133533
133534
133535
133536
133537
133538
133539
133540
133541
133542
133543
133544
133928
133929
133930
133931
133932
133933
133934
133935
133936
133937
133938
133939
133940
133941
133942
133943
133944
133945
133946
134330
134331
134332
134333
134334
134335
134336
134337
134338
134339
134340
134341
134342
134728
134729
134730
134731
134732
134733
134734
134735
134736
134737
134738
134739
134740
134741
135126
135127
135128
135129
135130
135131
135132
135133
135134
135135
135136
135137
135138
135139
135525
135526
135527
135528
135529
135530
135531
135532
135533
135534
135535
135536
135537
135538
135924
135925
135926
135927
135928
135929
135930
135931
135932
135933
135934
135935
135936
135937
135938
135939
135940
135941
135942
135943
136328
136329
136330
136331
136332
136333
136334
136335
136336
136337
136338
136339
136340
136341
136342
136343
136344
136345
136346
136731
136732
136733
136734
136735
136736
136737
136738
136739
136740
136741
136742
136743
136744
136745
136746
136747
136748
136749
136750
137135
137136
137137
137138
137139
137140
137141
137142
137143
137144
137145
137146
137147
137148
137535
137536
137537
137538
137539
137540
137541
137542
137543
137544
137545
137546
137547
137548
137549
137937
137938
137939
137940
137941
137942
137943
137944
137945
137946
137947
137948
137949
137950
138338
138339
138340
138341
138342
138343
138344
138345
138346
138347
138348
138349
138350
138351
138739
138740
138741
138742
138743
138744
138745
138746
138747
138748
138749
138750
138751
138752
139140
139141
139142
139143
139144
139145
139146
139147
139148
139149
139150
139151
139152
139153
139154
139155
139156
139157
139158
139159
139545
139546
139547
139548
139549
139550
139551
139552
139553
139554
139555
139556
139557
139558
139559
139560
139561
139562
139563
139564
139950
139951
139952
139953
139954
139955
139956
139957
139958
139959
139960
139961
139962
139963
139964
139965
139966
139967
139968
139969
140356
140357
140358
140359
140360
140361
140362
140363
140364
140365
140366
140367
140368
140369
140758
140759
140760
140761
140762
140763
140764
140765
140766
140767
140768
140769
140770
140771
141160
141161
141162
141163
141164
141165
141166
141167
141168
141169
141170
141171
141172
141173
141174
141563
141564
141565
141566
141567
141568
141569
141570
141571
141572
141573
141574
141575
141576
141966
141967
141968
141969
141970
141971
141972
141973
141974
141975
141976
141977
141978
141979
142369
142370
142371
142372
142373
142374
142375
142376
142377
142378
142379
142380
142381
142382
142383
142384
142385
142386
142387
142388
142776
142777
142778
142779
142780
142781
142782
142783
142784
142785
142786
142787
142788
142789
142790
142791
142792
142793
142794
142795
143183
143184
143185
143186
143187
143188
143189
143190
143191
143192
143193
143194
143195
143196
143197
143198
143199
143200
143201
143202
143590
143591
143592
143593
143594
143595
143596
143597
143598
143599
143600
143601
143602
143603
143604
143994
143995
143996
143997
143998
143999
144000
144001
144002
144003
144004
144005
144006
144007
144398
144399
144400
144401
144402
144403
144404
144405
144406
144407
144408
144409
144410
144411
144802
144803
144804
144805
144806
144807
144808
144809
144810
144811
144812
144813
144814
144815
145206
145207
145208
145209
145210
145211
145212
145213
145214
145215
145216
145217
145218
145219
145220
145612
145613
145614
145615
145616
145617
145618
145619
145620
145621
145622
145623
145624
145625
146017
146018
146019
146020
146021
146022
146023
146024
146025
146026
146027
146028
146029
146030
146031
146032
146033
146034
146035
146036
146426
146427
146428
146429
146430
146431
146432
146433
146434
146435
146436
146437
146438
146439
146440
146441
146442
146443
146444
146445
146835
146836
146837
146838
146839
146840
146841
146842
146843
146844
146845
146846
146847
146848
146849
146850
146851
146852
146853
146854
147244
147245
147246
147247
147248
147249
147250
147251
147252
147253
147254
147255
147256
147257
147258
147259
147260
147261
147262
147263
147654
147655
147656
147657
147658
147659
147660
147661
147662
147663
147664
147665
147666
147667
148060
148061
148062
148063
148064
148065
148066
148067
148068
148069
148070
148071
148072
148073
148466
148467
148468
148469
148470
148471
148472
148473
148474
148475
148476
148477
148478
148479
148872
148873
148874
148875
148876
148877
148878
148879
148880
148881
148882
148883
148884
148885
148886
149279
149280
149281
149282
149283
149284
149285
149286
149287
149288
149289
149290
149291
149292
149686
149687
149688
149689
149690
149691
149692
149693
149694
149695
149696
149697
149698
149699
150100
150101
150102
150103
150104
150105
150106
150511
150512
150513
150514
150922
150923
150924
150925
150926
Coefficient of the plane:
-0.0811512 -0.994363 -0.0682391 120.969
Inliers Indices
Indices Size:
911
Data:
126348
126349
126350
126351
126352
127147
127540
127541
127542
127543
127544
127545
127546
127547
127548
127549
127550
127938
127939
127940
127941
127942
127943
127944
127945
127946
127947
127948
127949
127950
127951
127952
128337
128338
128339
128340
128341
128342
128343
128344
128345
128346
128347
128348
128349
128735
128736
128737
128738
128739
128740
128741
128742
128743
128744
128745
128746
128747
129132
129133
129134
129135
129136
129137
129138
129139
129140
129141
129142
129143
129144
129145
129530
129531
129532
129533
129534
129535
129536
129537
129538
129539
129540
129541
129542
129543
129544
129545
129546
129547
129548
129932
129933
129934
129935
129936
129937
129938
129939
129940
129941
129942
129943
129944
129945
129946
129947
129948
129949
129950
130334
130335
130336
130337
130338
130339
130340
130341
130342
130343
130344
130345
130346
130347
130732
130733
130734
130735
130736
130737
130738
130739
130740
130741
130742
130743
130744
131130
131131
131132
131133
131134
131135
131136
131137
131138
131139
131140
131141
131142
131528
131529
131530
131531
131532
131533
131534
131535
131536
131537
131538
131539
131540
131541
131542
131543
131544
131545
131546
131930
131931
131932
131933
131934
131935
131936
131937
131938
131939
131940
131941
131942
131943
131944
131945
131946
131947
131948
132332
132333
132334
132335
132336
132337
132338
132339
132340
132341
132342
132343
132344
132345
132730
132731
132732
132733
132734
132735
132736
132737
132738
132739
132740
132741
132742
132743
133128
133129
133130
133131
133132
133133
133134
133135
133136
133137
133138
133139
133140
133141
133526
133527
133528
133529
133530
133531
133532
133533
133534
133535
133536
133537
133538
133539
133540
133541
133542
133543
133544
133928
133929
133930
133931
133932
133933
133934
133935
133936
133937
133938
133939
133940
133941
133942
133943
133944
133945
133946
134330
134331
134332
134333
134334
134335
134336
134337
134338
134339
134340
134341
134342
134728
134729
134730
134731
134732
134733
134734
134735
134736
134737
134738
134739
134740
134741
135126
135127
135128
135129
135130
135131
135132
135133
135134
135135
135136
135137
135138
135139
135525
135526
135527
135528
135529
135530
135531
135532
135533
135534
135535
135536
135537
135538
135924
135925
135926
135927
135928
135929
135930
135931
135932
135933
135934
135935
135936
135937
135938
135939
135940
135941
135942
135943
136328
136329
136330
136331
136332
136333
136334
136335
136336
136337
136338
136339
136340
136341
136342
136343
136344
136345
136346
136731
136732
136733
136734
136735
136736
136737
136738
136739
136740
136741
136742
136743
136744
136745
136746
136747
136748
136749
136750
137135
137136
137137
137138
137139
137140
137141
137142
137143
137144
137145
137146
137147
137148
137535
137536
137537
137538
137539
137540
137541
137542
137543
137544
137545
137546
137547
137548
137549
137937
137938
137939
137940
137941
137942
137943
137944
137945
137946
137947
137948
137949
137950
138338
138339
138340
138341
138342
138343
138344
138345
138346
138347
138348
138349
138350
138351
138739
138740
138741
138742
138743
138744
138745
138746
138747
138748
138749
138750
138751
138752
139140
139141
139142
139143
139144
139145
139146
139147
139148
139149
139150
139151
139152
139153
139154
139155
139156
139157
139158
139159
139545
139546
139547
139548
139549
139550
139551
139552
139553
139554
139555
139556
139557
139558
139559
139560
139561
139562
139563
139564
139950
139951
139952
139953
139954
139955
139956
139957
139958
139959
139960
139961
139962
139963
139964
139965
139966
139967
139968
139969
140356
140357
140358
140359
140360
140361
140362
140363
140364
140365
140366
140367
140368
140369
140758
140759
140760
140761
140762
140763
140764
140765
140766
140767
140768
140769
140770
140771
141160
141161
141162
141163
141164
141165
141166
141167
141168
141169
141170
141171
141172
141173
141174
141563
141564
141565
141566
141567
141568
141569
141570
141571
141572
141573
141574
141575
141576
141966
141967
141968
141969
141970
141971
141972
141973
141974
141975
141976
141977
141978
141979
142369
142370
142371
142372
142373
142374
142375
142376
142377
142378
142379
142380
142381
142382
142383
142384
142385
142386
142387
142388
142776
142777
142778
142779
142780
142781
142782
142783
142784
142785
142786
142787
142788
142789
142790
142791
142792
142793
142794
142795
143183
143184
143185
143186
143187
143188
143189
143190
143191
143192
143193
143194
143195
143196
143197
143198
143199
143200
143201
143202
143590
143591
143592
143593
143594
143595
143596
143597
143598
143599
143600
143601
143602
143603
143604
143994
143995
143996
143997
143998
143999
144000
144001
144002
144003
144004
144005
144006
144007
144398
144399
144400
144401
144402
144403
144404
144405
144406
144407
144408
144409
144410
144411
144802
144803
144804
144805
144806
144807
144808
144809
144810
144811
144812
144813
144814
144815
145206
145207
145208
145209
145210
145211
145212
145213
145214
145215
145216
145217
145218
145219
145220
145612
145613
145614
145615
145616
145617
145618
145619
145620
145621
145622
145623
145624
145625
146017
146018
146019
146020
146021
146022
146023
146024
146025
146026
146027
146028
146029
146030
146031
146032
146033
146034
146035
146036
146426
146427
146428
146429
146430
146431
146432
146433
146434
146435
146436
146437
146438
146439
146440
146441
146442
146443
146444
146445
146835
146836
146837
146838
146839
146840
146841
146842
146843
146844
146845
146846
146847
146848
146849
146850
146851
146852
146853
146854
147244
147245
147246
147247
147248
147249
147250
147251
147252
147253
147254
147255
147256
147257
147258
147259
147260
147261
147262
147263
147654
147655
147656
147657
147658
147659
147660
147661
147662
147663
147664
147665
147666
147667
148060
148061
148062
148063
148064
148065
148066
148067
148068
148069
148070
148071
148072
148073
148466
148467
148468
148469
148470
148471
148472
148473
148474
148475
148476
148477
148478
148479
148872
148873
148874
148875
148876
148877
148878
148879
148880
148881
148882
148883
148884
148885
148886
149279
149280
149281
149282
149283
149284
149285
149286
149287
149288
149289
149290
149291
149292
149686
149687
149688
149689
149690
149691
149692
149693
149694
149695
149696
149697
149698
149699
150100
150101
150102
150103
150104
150105
150106
150511
150512
150513
150514
150922
150923
150924
150925
150926
