Sample Indices
Indices Size:
1573
Data:
193283
194109
194121
194523
194524
194525
194526
194527
194528
194529
194530
194531
194532
194533
194534
194535
194536
194938
194939
194940
194941
194942
194943
194944
194945
194946
194947
194948
194949
194950
194951
195351
195352
195353
195354
195355
195356
195357
195358
195359
195360
195361
195362
195363
195364
195768
195769
195770
195771
195772
195773
195774
195775
195776
195777
195778
195779
195780
195781
196181
196182
196183
196184
196185
196186
196187
196188
196189
196190
196191
196192
196193
196194
196195
196597
196598
196599
196600
196601
196602
196603
196604
196605
196606
196607
196608
196609
196610
197014
197015
197016
197017
197018
197019
197020
197021
197022
197023
197024
197025
197026
197027
197432
197433
197434
197435
197436
197437
197438
197439
197440
197441
197442
197443
197444
197445
197847
197848
197849
197850
197851
197852
197853
197854
197855
197856
197857
197858
197859
197860
198264
198265
198266
198267
198268
198269
198270
198271
198272
198273
198274
198275
198276
198277
198278
198680
198681
198682
198683
198684
198685
198686
198687
198688
198689
198690
198691
198692
198693
198694
199096
199097
199098
199099
199100
199101
199102
199103
199104
199105
199106
199107
199108
199109
199110
199514
199515
199516
199517
199518
199519
199520
199521
199522
199523
199524
199525
199526
199527
199528
199932
199933
199934
199935
199936
199937
199938
199939
199940
199941
199942
199943
199944
199945
199946
200352
200353
200354
200355
200356
200357
200358
200359
200360
200361
200362
200363
200364
200365
200366
200769
200770
200771
200772
200774
200775
200776
200777
200778
200779
200780
200781
200782
200783
200784
200785
200786
200787
200788
201197
201198
201199
201200
201201
201202
201203
201204
201205
201206
201207
201208
201209
201210
201211
201620
201621
201622
201623
201624
201625
201626
201627
201628
201629
201630
201631
201632
201633
201634
202043
202044
202045
202046
202047
202048
202049
202050
202051
202052
202053
202054
202055
202056
202057
202466
202467
202468
202469
202470
202471
202472
202473
202474
202475
202476
202477
202478
202479
202480
202890
202891
202892
202893
202894
202895
202896
202897
202898
202899
202900
202901
202902
202903
202904
202905
203314
203315
203316
203317
203318
203319
203320
203321
203322
203323
203324
203325
203326
203327
203328
203329
203740
203741
203742
203743
203744
203745
203746
203747
203748
203749
203750
203751
203752
203753
203754
203755
204166
204167
204168
204169
204170
204171
204172
204173
204174
204175
204176
204177
204178
204179
204180
204181
204593
204594
204595
204596
204597
204598
204599
204600
204601
204602
204603
204604
204605
204606
204607
205019
205020
205021
205022
205023
205024
205025
205026
205027
205028
205029
205030
205031
205032
205033
205446
205447
205448
205449
205450
205451
205452
205453
205454
205455
205456
205457
205458
205459
205460
205872
205873
205874
205875
205876
205877
205878
205879
205880
205881
205882
205883
205884
205885
205886
206297
206298
206299
206300
206301
206302
206303
206304
206305
206306
206307
206308
206309
206310
206311
206723
206724
206725
206726
206727
206728
206729
206730
206731
206732
206733
206734
206735
206736
206737
207149
207150
207151
207152
207153
207154
207155
207156
207157
207158
207159
207160
207161
207162
207163
207164
207577
207578
207579
207580
207581
207582
207583
207584
207585
207586
207587
207588
207589
207590
207591
207592
208005
208006
208007
208008
208009
208010
208011
208012
208013
208014
208015
208016
208017
208018
208019
208020
208432
208433
208434
208435
208436
208437
208438
208439
208440
208441
208442
208443
208444
208445
208446
208447
208859
208860
208861
208862
208863
208864
208865
208866
208867
208868
208869
208870
208871
208872
208873
208874
209287
209288
209289
209290
209291
209292
209293
209294
209295
209296
209297
209298
209299
209300
209301
209302
209715
209716
209717
209718
209719
209720
209721
209722
209723
209724
209725
209726
209727
209728
209729
209730
210143
210144
210145
210146
210147
210148
210149
210150
210151
210152
210153
210154
210155
210156
210157
210158
210571
210572
210573
210574
210575
210576
210577
210578
210579
210580
210581
210582
210583
210584
210585
210586
210587
211000
211001
211002
211003
211004
211005
211006
211007
211008
211009
211010
211011
211012
211013
211014
211015
211420
211421
211422
211423
211424
211425
211427
211428
211429
211430
211431
211432
211433
211434
211435
211436
211437
211438
211439
211440
211441
211442
211443
211857
211858
211859
211860
211861
211862
211863
211864
211865
211866
211867
211868
211869
211870
211871
211872
212286
212287
212288
212289
212290
212291
212292
212293
212294
212295
212296
212297
212298
212299
212300
212301
212715
212716
212717
212718
212719
212720
212721
212722
212723
212724
212725
212726
212727
212728
212729
212730
213144
213145
213146
213147
213148
213149
213150
213151
213152
213153
213154
213155
213156
213157
213158
213159
213573
213574
213575
213576
213577
213578
213579
213580
213581
213582
213583
213584
213585
213586
213587
213588
213589
214003
214004
214005
214006
214007
214008
214009
214010
214011
214012
214013
214014
214015
214016
214017
214018
214019
214020
214021
214022
214434
214435
214436
214437
214438
214439
214440
214441
214442
214443
214444
214445
214446
214447
214448
214449
214450
214863
214864
214865
214866
214867
214868
214869
214870
214871
214872
214873
214874
214875
214876
214877
214878
214879
215294
215295
215296
215297
215298
215299
215300
215301
215302
215303
215304
215305
215306
215307
215308
215309
215310
215725
215726
215727
215728
215729
215730
215731
215732
215733
215734
215735
215736
215737
215738
215739
215740
215741
216156
216157
216158
216159
216160
216161
216162
216163
216164
216165
216166
216167
216168
216169
216170
216171
216172
216588
216589
216590
216591
216592
216593
216594
216595
216596
216597
216598
216599
216600
216601
216602
216603
216604
217021
217022
217023
217024
217025
217026
217027
217028
217029
217030
217031
217032
217033
217034
217035
217036
217037
217453
217454
217455
217456
217457
217458
217459
217460
217461
217462
217463
217464
217465
217466
217467
217468
217469
217885
217886
217887
217888
217889
217890
217891
217892
217893
217894
217895
217896
217897
217898
217899
217900
217901
217902
217903
217904
218318
218319
218320
218321
218322
218323
218324
218325
218326
218327
218328
218329
218330
218331
218332
218333
218334
218722
218723
218750
218751
218752
218753
218754
218755
218756
218757
218758
218759
218760
218761
218762
218763
218764
218765
218766
219154
219155
219156
219181
219182
219183
219184
219185
219186
219187
219188
219189
219190
219191
219192
219193
219194
219195
219196
219197
219585
219586
219587
219613
219614
219615
219616
219617
219618
219619
219620
219621
219622
219623
219624
219625
219626
219627
219628
219629
220017
220018
220044
220045
220046
220047
220048
220049
220050
220051
220052
220053
220054
220055
220056
220057
220058
220059
220060
220061
220450
220451
220478
220479
220480
220481
220482
220483
220484
220485
220486
220487
220488
220489
220490
220491
220492
220493
220494
220495
220884
220909
220910
220911
220912
220913
220914
220915
220916
220917
220918
220919
220920
220921
220922
220923
220924
220925
220926
221313
221338
221339
221340
221341
221342
221343
221344
221345
221346
221347
221348
221349
221350
221351
221352
221353
221354
221355
221742
221768
221769
221770
221771
221772
221773
221774
221775
221776
221777
221778
221779
221780
221781
221782
221783
221784
221785
222171
222172
222200
222201
222202
222203
222204
222205
222206
222207
222208
222209
222210
222211
222212
222213
222214
222215
222216
222605
222606
222631
222632
222633
222634
222635
222636
222637
222638
222639
222640
222641
222642
222643
222644
222645
222646
222647
222651
223034
223035
223061
223062
223063
223064
223065
223066
223067
223068
223069
223070
223071
223072
223073
223074
223075
223076
223077
223081
223464
223465
223492
223493
223494
223495
223496
223497
223498
223499
223500
223501
223502
223503
223504
223505
223506
223507
223508
223512
223895
223896
223924
223925
223926
223927
223928
223929
223930
223931
223932
223933
223934
223935
223936
223937
223938
223939
223940
224325
224326
224327
224328
224329
224337
224338
224354
224355
224356
224357
224358
224359
224360
224361
224362
224363
224364
224365
224366
224367
224368
224369
224370
224755
224756
224757
224758
224759
224764
224765
224766
224767
224768
224769
224770
224771
224772
224773
224774
224775
224776
224777
224778
224779
224780
224781
224784
224785
224786
224787
224788
224789
224790
224791
224792
224793
224794
224795
224796
224797
224798
224799
224800
224801
225188
225189
225200
225201
225216
225217
225218
225219
225220
225221
225222
225223
225224
225225
225226
225227
225228
225229
225230
225231
225232
225236
225618
225619
225647
225648
225649
225650
225651
225652
225653
225654
225655
225656
225657
225658
225659
225660
225661
225662
225663
225664
226049
226050
226078
226079
226080
226081
226082
226083
226084
226085
226086
226087
226088
226089
226090
226091
226092
226093
226094
226095
226096
226097
226098
226479
226480
226508
226509
226510
226511
226512
226513
226514
226515
226516
226517
226518
226519
226520
226521
226522
226523
226524
226525
226908
226909
226910
226938
226939
226940
226941
226942
226943
226944
226945
226946
226947
226948
226949
226950
226951
226952
226953
226954
227338
227339
227340
227368
227369
227370
227371
227372
227373
227374
227375
227376
227377
227378
227379
227380
227381
227382
227383
227384
227768
227795
227796
227797
227798
227799
227800
227801
227802
227803
227804
227805
227806
227807
227808
227809
227810
227811
227812
228198
228199
228224
228225
228226
228227
228228
228229
228230
228231
228232
228233
228234
228235
228236
228237
228238
228239
228240
228241
228625
228626
228652
228653
228654
228655
228656
228657
228658
228659
228660
228661
228662
228663
228664
228665
228666
228667
228668
228669
229051
229052
229053
229081
229082
229083
229084
229085
229086
229087
229088
229089
229090
229091
229092
229093
229094
229095
229096
229097
229480
229481
229509
229510
229511
229512
229513
229514
229515
229516
229517
229518
229519
229520
229521
229522
229523
229524
229525
229526
229909
229937
229938
229939
229940
229941
229942
229943
229944
229945
229946
229947
229948
229949
229950
229951
229952
229953
229954
230336
230337
230338
230366
230367
230368
230369
230370
230371
230372
230373
230374
230375
230376
230377
230378
230379
230380
230381
230382
230383
230384
230385
230386
230765
230766
230793
230794
230795
230796
230797
230798
230799
230800
230801
230802
230803
230804
230805
230806
230807
230808
230809
231187
231213
231214
231215
231216
231217
231218
231219
231220
231221
231222
231223
231224
231225
231226
231227
231228
231229
231233
231610
231638
231639
231640
231641
231642
231643
231644
231645
231646
231647
231648
231649
231650
231651
231652
231653
231654
232036
232037
232063
232064
232065
232066
232067
232068
232069
232070
232071
232072
232073
232074
232075
232076
232077
232078
232079
232080
Coefficient of the plane:
0.997767 -0.0176146 0.0644328 65.5963
Inliers Indices
Indices Size:
1573
Data:
193283
194109
194121
194523
194524
194525
194526
194527
194528
194529
194530
194531
194532
194533
194534
194535
194536
194938
194939
194940
194941
194942
194943
194944
194945
194946
194947
194948
194949
194950
194951
195351
195352
195353
195354
195355
195356
195357
195358
195359
195360
195361
195362
195363
195364
195768
195769
195770
195771
195772
195773
195774
195775
195776
195777
195778
195779
195780
195781
196181
196182
196183
196184
196185
196186
196187
196188
196189
196190
196191
196192
196193
196194
196195
196597
196598
196599
196600
196601
196602
196603
196604
196605
196606
196607
196608
196609
196610
197014
197015
197016
197017
197018
197019
197020
197021
197022
197023
197024
197025
197026
197027
197432
197433
197434
197435
197436
197437
197438
197439
197440
197441
197442
197443
197444
197445
197847
197848
197849
197850
197851
197852
197853
197854
197855
197856
197857
197858
197859
197860
198264
198265
198266
198267
198268
198269
198270
198271
198272
198273
198274
198275
198276
198277
198278
198680
198681
198682
198683
198684
198685
198686
198687
198688
198689
198690
198691
198692
198693
198694
199096
199097
199098
199099
199100
199101
199102
199103
199104
199105
199106
199107
199108
199109
199110
199514
199515
199516
199517
199518
199519
199520
199521
199522
199523
199524
199525
199526
199527
199528
199932
199933
199934
199935
199936
199937
199938
199939
199940
199941
199942
199943
199944
199945
199946
200352
200353
200354
200355
200356
200357
200358
200359
200360
200361
200362
200363
200364
200365
200366
200769
200770
200771
200772
200774
200775
200776
200777
200778
200779
200780
200781
200782
200783
200784
200785
200786
200787
200788
201197
201198
201199
201200
201201
201202
201203
201204
201205
201206
201207
201208
201209
201210
201211
201620
201621
201622
201623
201624
201625
201626
201627
201628
201629
201630
201631
201632
201633
201634
202043
202044
202045
202046
202047
202048
202049
202050
202051
202052
202053
202054
202055
202056
202057
202466
202467
202468
202469
202470
202471
202472
202473
202474
202475
202476
202477
202478
202479
202480
202890
202891
202892
202893
202894
202895
202896
202897
202898
202899
202900
202901
202902
202903
202904
202905
203314
203315
203316
203317
203318
203319
203320
203321
203322
203323
203324
203325
203326
203327
203328
203329
203740
203741
203742
203743
203744
203745
203746
203747
203748
203749
203750
203751
203752
203753
203754
203755
204166
204167
204168
204169
204170
204171
204172
204173
204174
204175
204176
204177
204178
204179
204180
204181
204593
204594
204595
204596
204597
204598
204599
204600
204601
204602
204603
204604
204605
204606
204607
205019
205020
205021
205022
205023
205024
205025
205026
205027
205028
205029
205030
205031
205032
205033
205446
205447
205448
205449
205450
205451
205452
205453
205454
205455
205456
205457
205458
205459
205460
205872
205873
205874
205875
205876
205877
205878
205879
205880
205881
205882
205883
205884
205885
205886
206297
206298
206299
206300
206301
206302
206303
206304
206305
206306
206307
206308
206309
206310
206311
206723
206724
206725
206726
206727
206728
206729
206730
206731
206732
206733
206734
206735
206736
206737
207149
207150
207151
207152
207153
207154
207155
207156
207157
207158
207159
207160
207161
207162
207163
207164
207577
207578
207579
207580
207581
207582
207583
207584
207585
207586
207587
207588
207589
207590
207591
207592
208005
208006
208007
208008
208009
208010
208011
208012
208013
208014
208015
208016
208017
208018
208019
208020
208432
208433
208434
208435
208436
208437
208438
208439
208440
208441
208442
208443
208444
208445
208446
208447
208859
208860
208861
208862
208863
208864
208865
208866
208867
208868
208869
208870
208871
208872
208873
208874
209287
209288
209289
209290
209291
209292
209293
209294
209295
209296
209297
209298
209299
209300
209301
209302
209715
209716
209717
209718
209719
209720
209721
209722
209723
209724
209725
209726
209727
209728
209729
209730
210143
210144
210145
210146
210147
210148
210149
210150
210151
210152
210153
210154
210155
210156
210157
210158
210571
210572
210573
210574
210575
210576
210577
210578
210579
210580
210581
210582
210583
210584
210585
210586
210587
211000
211001
211002
211003
211004
211005
211006
211007
211008
211009
211010
211011
211012
211013
211014
211015
211420
211421
211422
211423
211424
211425
211427
211428
211429
211430
211431
211432
211433
211434
211435
211436
211437
211438
211439
211440
211441
211442
211443
211857
211858
211859
211860
211861
211862
211863
211864
211865
211866
211867
211868
211869
211870
211871
211872
212286
212287
212288
212289
212290
212291
212292
212293
212294
212295
212296
212297
212298
212299
212300
212301
212715
212716
212717
212718
212719
212720
212721
212722
212723
212724
212725
212726
212727
212728
212729
212730
213144
213145
213146
213147
213148
213149
213150
213151
213152
213153
213154
213155
213156
213157
213158
213159
213573
213574
213575
213576
213577
213578
213579
213580
213581
213582
213583
213584
213585
213586
213587
213588
213589
214003
214004
214005
214006
214007
214008
214009
214010
214011
214012
214013
214014
214015
214016
214017
214018
214019
214020
214021
214022
214434
214435
214436
214437
214438
214439
214440
214441
214442
214443
214444
214445
214446
214447
214448
214449
214450
214863
214864
214865
214866
214867
214868
214869
214870
214871
214872
214873
214874
214875
214876
214877
214878
214879
215294
215295
215296
215297
215298
215299
215300
215301
215302
215303
215304
215305
215306
215307
215308
215309
215310
215725
215726
215727
215728
215729
215730
215731
215732
215733
215734
215735
215736
215737
215738
215739
215740
215741
216156
216157
216158
216159
216160
216161
216162
216163
216164
216165
216166
216167
216168
216169
216170
216171
216172
216588
216589
216590
216591
216592
216593
216594
216595
216596
216597
216598
216599
216600
216601
216602
216603
216604
217021
217022
217023
217024
217025
217026
217027
217028
217029
217030
217031
217032
217033
217034
217035
217036
217037
217453
217454
217455
217456
217457
217458
217459
217460
217461
217462
217463
217464
217465
217466
217467
217468
217469
217885
217886
217887
217888
217889
217890
217891
217892
217893
217894
217895
217896
217897
217898
217899
217900
217901
217902
217903
217904
218318
218319
218320
218321
218322
218323
218324
218325
218326
218327
218328
218329
218330
218331
218332
218333
218334
218722
218723
218750
218751
218752
218753
218754
218755
218756
218757
218758
218759
218760
218761
218762
218763
218764
218765
218766
219154
219155
219156
219181
219182
219183
219184
219185
219186
219187
219188
219189
219190
219191
219192
219193
219194
219195
219196
219197
219585
219586
219587
219613
219614
219615
219616
219617
219618
219619
219620
219621
219622
219623
219624
219625
219626
219627
219628
219629
220017
220018
220044
220045
220046
220047
220048
220049
220050
220051
220052
220053
220054
220055
220056
220057
220058
220059
220060
220061
220450
220451
220478
220479
220480
220481
220482
220483
220484
220485
220486
220487
220488
220489
220490
220491
220492
220493
220494
220495
220884
220909
220910
220911
220912
220913
220914
220915
220916
220917
220918
220919
220920
220921
220922
220923
220924
220925
220926
221313
221338
221339
221340
221341
221342
221343
221344
221345
221346
221347
221348
221349
221350
221351
221352
221353
221354
221355
221742
221768
221769
221770
221771
221772
221773
221774
221775
221776
221777
221778
221779
221780
221781
221782
221783
221784
221785
222171
222172
222200
222201
222202
222203
222204
222205
222206
222207
222208
222209
222210
222211
222212
222213
222214
222215
222216
222605
222606
222631
222632
222633
222634
222635
222636
222637
222638
222639
222640
222641
222642
222643
222644
222645
222646
222647
222651
223034
223035
223061
223062
223063
223064
223065
223066
223067
223068
223069
223070
223071
223072
223073
223074
223075
223076
223077
223081
223464
223465
223492
223493
223494
223495
223496
223497
223498
223499
223500
223501
223502
223503
223504
223505
223506
223507
223508
223512
223895
223896
223924
223925
223926
223927
223928
223929
223930
223931
223932
223933
223934
223935
223936
223937
223938
223939
223940
224325
224326
224327
224328
224329
224337
224338
224354
224355
224356
224357
224358
224359
224360
224361
224362
224363
224364
224365
224366
224367
224368
224369
224370
224755
224756
224757
224758
224759
224764
224765
224766
224767
224768
224769
224770
224771
224772
224773
224774
224775
224776
224777
224778
224779
224780
224781
224784
224785
224786
224787
224788
224789
224790
224791
224792
224793
224794
224795
224796
224797
224798
224799
224800
224801
225188
225189
225200
225201
225216
225217
225218
225219
225220
225221
225222
225223
225224
225225
225226
225227
225228
225229
225230
225231
225232
225236
225618
225619
225647
225648
225649
225650
225651
225652
225653
225654
225655
225656
225657
225658
225659
225660
225661
225662
225663
225664
226049
226050
226078
226079
226080
226081
226082
226083
226084
226085
226086
226087
226088
226089
226090
226091
226092
226093
226094
226095
226096
226097
226098
226479
226480
226508
226509
226510
226511
226512
226513
226514
226515
226516
226517
226518
226519
226520
226521
226522
226523
226524
226525
226908
226909
226910
226938
226939
226940
226941
226942
226943
226944
226945
226946
226947
226948
226949
226950
226951
226952
226953
226954
227338
227339
227340
227368
227369
227370
227371
227372
227373
227374
227375
227376
227377
227378
227379
227380
227381
227382
227383
227384
227768
227795
227796
227797
227798
227799
227800
227801
227802
227803
227804
227805
227806
227807
227808
227809
227810
227811
227812
228198
228199
228224
228225
228226
228227
228228
228229
228230
228231
228232
228233
228234
228235
228236
228237
228238
228239
228240
228241
228625
228626
228652
228653
228654
228655
228656
228657
228658
228659
228660
228661
228662
228663
228664
228665
228666
228667
228668
228669
229051
229052
229053
229081
229082
229083
229084
229085
229086
229087
229088
229089
229090
229091
229092
229093
229094
229095
229096
229097
229480
229481
229509
229510
229511
229512
229513
229514
229515
229516
229517
229518
229519
229520
229521
229522
229523
229524
229525
229526
229909
229937
229938
229939
229940
229941
229942
229943
229944
229945
229946
229947
229948
229949
229950
229951
229952
229953
229954
230336
230337
230338
230366
230367
230368
230369
230370
230371
230372
230373
230374
230375
230376
230377
230378
230379
230380
230381
230382
230383
230384
230385
230386
230765
230766
230793
230794
230795
230796
230797
230798
230799
230800
230801
230802
230803
230804
230805
230806
230807
230808
230809
231187
231213
231214
231215
231216
231217
231218
231219
231220
231221
231222
231223
231224
231225
231226
231227
231228
231229
231233
231610
231638
231639
231640
231641
231642
231643
231644
231645
231646
231647
231648
231649
231650
231651
231652
231653
231654
232036
232037
232063
232064
232065
232066
232067
232068
232069
232070
232071
232072
232073
232074
232075
232076
232077
232078
232079
232080
