stamp 1509348845 101801000
estimate
    0.99962   0.0275386 -0.00108381    -13.7482
 -0.0274473    0.998315   0.0511278     59.6316
 0.00248997  -0.0510786    0.998692     1.79289
          0           0           0           1
odom
  0.999506  0.0271658  0.0158061   -13.7319
-0.0275746   0.999275  0.0262537     59.624
-0.0150814 -0.0266766    0.99953    1.06431
         0          0          0          1
accum_distance 62.1513
floor_coeffs -0.000456051    -0.058199     0.998305      1.80329
id 31
