Sample Indices
Indices Size:
1352
Data:
185945
185946
187134
187135
187136
187137
187138
187139
187140
187141
187142
187143
187144
187145
187146
187147
187534
187535
187536
187537
187538
187539
187540
187541
187542
187543
187544
187545
187546
187547
187935
187936
187937
187938
187939
187940
187941
187942
187943
187944
187945
187946
187947
187948
188335
188336
188337
188338
188339
188340
188341
188342
188343
188344
188345
188346
188347
188348
188349
188350
188351
188352
188353
188739
188740
188741
188742
188743
188744
188745
188746
188747
188748
188749
188750
188751
188752
188753
188754
188755
188756
188757
189143
189144
189145
189146
189147
189148
189149
189150
189151
189152
189153
189154
189155
189156
189157
189158
189159
189160
189161
189162
189548
189549
189550
189551
189552
189553
189554
189555
189556
189557
189558
189559
189560
189561
189949
189950
189951
189952
189953
189954
189955
189956
189957
189958
189959
189960
189961
189962
190351
190352
190353
190354
190355
190356
190357
190358
190359
190360
190361
190362
190363
190364
190752
190753
190754
190755
190756
190757
190758
190759
190760
190761
190762
190763
190764
190765
191154
191155
191156
191157
191158
191159
191160
191161
191162
191163
191164
191165
191166
191167
191556
191557
191558
191559
191560
191561
191562
191563
191564
191565
191566
191567
191568
191569
191958
191959
191960
191961
191962
191963
191964
191965
191966
191967
191968
191969
191970
191971
191972
191973
191974
191975
191976
191977
192365
192366
192367
192368
192369
192370
192371
192372
192373
192374
192375
192376
192377
192378
192379
192380
192381
192382
192383
192771
192772
192773
192774
192775
192776
192777
192778
192779
192780
192781
192782
192783
192784
192785
192786
192787
192788
192789
192790
193178
193179
193180
193181
193182
193183
193184
193185
193186
193187
193188
193189
193190
193191
193192
193193
193194
193195
193196
193197
193585
193586
193587
193588
193589
193590
193591
193592
193593
193594
193595
193596
193597
193598
193599
193600
193601
193602
193603
193604
193992
193993
193994
193995
193996
193997
193998
193999
194000
194001
194002
194003
194004
194005
194395
194396
194397
194398
194399
194400
194401
194402
194403
194404
194405
194406
194407
194408
194409
194799
194800
194801
194802
194803
194804
194805
194806
194807
194808
194809
194810
194811
194812
195203
195204
195205
195206
195207
195208
195209
195210
195211
195212
195213
195214
195215
195216
195607
195608
195609
195610
195611
195612
195613
195614
195615
195616
195617
195618
195619
195620
196011
196012
196013
196014
196015
196016
196017
196018
196019
196020
196021
196022
196023
196024
196025
196416
196417
196418
196419
196420
196421
196422
196423
196424
196425
196426
196427
196428
196429
196821
196822
196823
196824
196825
196826
196827
196828
196829
196830
196831
196832
196833
196834
197226
197227
197228
197229
197230
197231
197232
197233
197234
197235
197236
197237
197238
197239
197631
197632
197633
197634
197635
197636
197637
197638
197639
197640
197641
197642
197643
197644
197645
197646
197647
197648
197649
197650
198040
198041
198042
198043
198044
198045
198046
198047
198048
198049
198050
198051
198052
198053
198054
198055
198056
198057
198058
198059
198449
198450
198451
198452
198453
198454
198455
198456
198457
198458
198459
198460
198461
198462
198463
198464
198465
198466
198467
198468
198469
198860
198861
198862
198863
198864
198865
198866
198867
198868
198869
198870
198871
198872
198873
198874
198875
198876
198877
198878
198879
199270
199271
199272
199273
199274
199275
199276
199277
199278
199279
199280
199281
199282
199283
199284
199285
199286
199287
199288
199289
199680
199681
199682
199683
199684
199685
199686
199687
199688
199689
199690
199691
199692
199693
199694
200086
200087
200088
200089
200090
200091
200092
200093
200094
200095
200096
200097
200098
200099
200100
200494
200495
200496
200497
200498
200499
200500
200501
200502
200503
200504
200505
200506
200507
200901
200902
200903
200904
200905
200906
200907
200908
200909
200910
200911
200912
200913
200914
201308
201309
201310
201311
201312
201313
201314
201315
201316
201317
201318
201319
201320
201321
201715
201716
201717
201718
201719
201720
201721
201722
201723
201724
201725
201726
201727
201728
201729
202122
202123
202124
202125
202126
202127
202128
202129
202130
202131
202132
202133
202134
202135
202136
202531
202532
202533
202534
202535
202536
202537
202538
202539
202540
202541
202542
202543
202544
202545
202546
202547
202548
202549
202550
202943
202944
202945
202946
202947
202948
202949
202950
202951
202952
202953
202954
202955
202956
202957
202958
202959
202960
202961
202962
203355
203356
203357
203358
203359
203360
203361
203362
203363
203364
203365
203366
203367
203368
203369
203370
203371
203372
203373
203374
203767
203768
203769
203770
203771
203772
203773
203774
203775
203776
203777
203778
203779
203780
203781
203782
203783
203784
203785
203786
203787
204181
204182
204183
204184
204185
204186
204187
204188
204189
204190
204191
204192
204193
204194
204195
204196
204197
204198
204199
204200
204594
204595
204596
204597
204598
204599
204600
204601
204602
204603
204604
204605
204606
204607
205003
205004
205005
205006
205007
205008
205009
205010
205011
205012
205013
205014
205015
205016
205412
205413
205414
205415
205416
205417
205418
205419
205420
205421
205422
205423
205424
205425
205426
205821
205822
205823
205824
205825
205826
205827
205828
205829
205830
205831
205832
205833
205834
205835
206232
206233
206234
206235
206236
206237
206238
206239
206240
206241
206242
206243
206244
206245
206642
206643
206644
206645
206646
206647
206648
206649
206650
206651
206652
206653
206654
206655
207052
207053
207054
207055
207056
207057
207058
207059
207060
207061
207062
207063
207064
207065
207066
207462
207463
207464
207465
207466
207467
207468
207469
207470
207471
207472
207473
207474
207475
207476
207873
207874
207875
207876
207877
207878
207879
207880
207881
207882
207883
207884
207885
207886
207887
207888
207889
207890
207891
207892
208288
208289
208290
208291
208292
208293
208294
208295
208296
208297
208298
208299
208300
208301
208302
208303
208304
208305
208306
208307
208703
208704
208705
208706
208707
208708
208709
208710
208711
208712
208713
208714
208715
208716
208717
208718
208719
208720
208721
208722
209118
209119
209120
209121
209122
209123
209124
209125
209126
209127
209128
209129
209130
209131
209132
209133
209134
209135
209136
209137
209533
209534
209535
209536
209537
209538
209539
209540
209541
209542
209543
209544
209545
209546
209547
209946
209947
209948
209949
209950
209951
209952
209953
209954
209955
209956
209957
209958
209959
210358
210359
210360
210361
210362
210363
210364
210365
210366
210367
210368
210369
210370
210371
210770
210771
210772
210773
210774
210775
210776
210777
210778
210779
210780
210781
210782
210783
211182
211183
211184
211185
211186
211187
211188
211189
211190
211191
211192
211193
211194
211195
211196
211595
211596
211597
211598
211599
211600
211601
211602
211603
211604
211605
211606
211607
211608
212008
212009
212010
212011
212012
212013
212014
212015
212016
212017
212018
212019
212020
212021
212421
212422
212423
212424
212425
212426
212427
212428
212429
212430
212431
212432
212433
212434
212435
212436
212437
212438
212439
212440
212838
212839
212840
212841
212842
212843
212844
212845
212846
212847
212848
212849
212850
212851
212852
212853
212854
212855
212856
212857
213256
213257
213258
213259
213260
213261
213262
213263
213264
213265
213266
213267
213268
213269
213270
213271
213272
213273
213274
213673
213674
213675
213676
213677
213678
213679
213680
213681
213682
213683
213684
213685
213686
213687
213688
213689
213690
213691
213692
214091
214092
214093
214094
214095
214096
214097
214098
214099
214100
214101
214102
214103
214104
214505
214506
214507
214508
214509
214510
214511
214512
214513
214514
214515
214516
214517
214518
214920
214921
214922
214923
214924
214925
214926
214927
214928
214929
214930
214931
214932
214933
215334
215335
215336
215337
215338
215339
215340
215341
215342
215343
215344
215345
215346
215347
215749
215750
215751
215752
215753
215754
215755
215756
215757
215758
215759
215760
215761
215762
216164
216165
216166
216167
216168
216169
216170
216171
216172
216173
216174
216175
216176
216177
216579
216580
216581
216582
216583
216584
216585
216586
216587
216588
216589
216590
216591
216592
216593
216594
216595
216596
216597
216598
216999
217000
217001
217002
217003
217004
217005
217006
217007
217008
217009
217010
217011
217012
217013
217014
217015
217016
217017
217418
217419
217420
217421
217422
217423
217424
217425
217426
217427
217428
217429
217430
217431
217432
217433
217434
217435
217436
217837
217838
217839
217840
217841
217842
217843
217844
217845
217846
217847
217848
217849
217850
217851
217852
217853
217854
217855
217856
218257
218258
218259
218260
218261
218262
218263
218264
218265
218266
218267
218268
218269
218270
218672
218673
218674
218675
218676
218677
218678
218679
218680
218681
218682
218683
218684
219086
219087
219088
219089
219090
219091
219092
219093
219094
219095
219096
219097
219098
219099
219500
219501
219502
219503
219504
219505
219506
219507
219508
219509
219510
219511
219512
219513
219514
219915
219916
219917
219918
219919
219920
219921
219922
219923
219924
219925
219926
219927
219928
219929
220330
220331
220332
220333
220334
220335
220336
220337
220338
220339
220340
220341
220342
220343
220344
220746
220747
220748
220749
220750
220751
220752
220753
220754
220755
220756
220757
Coefficient of the plane:
-0.00124035 -0.99989 -0.0147497 121.37
Inliers Indices
Indices Size:
1352
Data:
185945
185946
187134
187135
187136
187137
187138
187139
187140
187141
187142
187143
187144
187145
187146
187147
187534
187535
187536
187537
187538
187539
187540
187541
187542
187543
187544
187545
187546
187547
187935
187936
187937
187938
187939
187940
187941
187942
187943
187944
187945
187946
187947
187948
188335
188336
188337
188338
188339
188340
188341
188342
188343
188344
188345
188346
188347
188348
188349
188350
188351
188352
188353
188739
188740
188741
188742
188743
188744
188745
188746
188747
188748
188749
188750
188751
188752
188753
188754
188755
188756
188757
189143
189144
189145
189146
189147
189148
189149
189150
189151
189152
189153
189154
189155
189156
189157
189158
189159
189160
189161
189162
189548
189549
189550
189551
189552
189553
189554
189555
189556
189557
189558
189559
189560
189561
189949
189950
189951
189952
189953
189954
189955
189956
189957
189958
189959
189960
189961
189962
190351
190352
190353
190354
190355
190356
190357
190358
190359
190360
190361
190362
190363
190364
190752
190753
190754
190755
190756
190757
190758
190759
190760
190761
190762
190763
190764
190765
191154
191155
191156
191157
191158
191159
191160
191161
191162
191163
191164
191165
191166
191167
191556
191557
191558
191559
191560
191561
191562
191563
191564
191565
191566
191567
191568
191569
191958
191959
191960
191961
191962
191963
191964
191965
191966
191967
191968
191969
191970
191971
191972
191973
191974
191975
191976
191977
192365
192366
192367
192368
192369
192370
192371
192372
192373
192374
192375
192376
192377
192378
192379
192380
192381
192382
192383
192771
192772
192773
192774
192775
192776
192777
192778
192779
192780
192781
192782
192783
192784
192785
192786
192787
192788
192789
192790
193178
193179
193180
193181
193182
193183
193184
193185
193186
193187
193188
193189
193190
193191
193192
193193
193194
193195
193196
193197
193585
193586
193587
193588
193589
193590
193591
193592
193593
193594
193595
193596
193597
193598
193599
193600
193601
193602
193603
193604
193992
193993
193994
193995
193996
193997
193998
193999
194000
194001
194002
194003
194004
194005
194395
194396
194397
194398
194399
194400
194401
194402
194403
194404
194405
194406
194407
194408
194409
194799
194800
194801
194802
194803
194804
194805
194806
194807
194808
194809
194810
194811
194812
195203
195204
195205
195206
195207
195208
195209
195210
195211
195212
195213
195214
195215
195216
195607
195608
195609
195610
195611
195612
195613
195614
195615
195616
195617
195618
195619
195620
196011
196012
196013
196014
196015
196016
196017
196018
196019
196020
196021
196022
196023
196024
196025
196416
196417
196418
196419
196420
196421
196422
196423
196424
196425
196426
196427
196428
196429
196821
196822
196823
196824
196825
196826
196827
196828
196829
196830
196831
196832
196833
196834
197226
197227
197228
197229
197230
197231
197232
197233
197234
197235
197236
197237
197238
197239
197631
197632
197633
197634
197635
197636
197637
197638
197639
197640
197641
197642
197643
197644
197645
197646
197647
197648
197649
197650
198040
198041
198042
198043
198044
198045
198046
198047
198048
198049
198050
198051
198052
198053
198054
198055
198056
198057
198058
198059
198449
198450
198451
198452
198453
198454
198455
198456
198457
198458
198459
198460
198461
198462
198463
198464
198465
198466
198467
198468
198469
198860
198861
198862
198863
198864
198865
198866
198867
198868
198869
198870
198871
198872
198873
198874
198875
198876
198877
198878
198879
199270
199271
199272
199273
199274
199275
199276
199277
199278
199279
199280
199281
199282
199283
199284
199285
199286
199287
199288
199289
199680
199681
199682
199683
199684
199685
199686
199687
199688
199689
199690
199691
199692
199693
199694
200086
200087
200088
200089
200090
200091
200092
200093
200094
200095
200096
200097
200098
200099
200100
200494
200495
200496
200497
200498
200499
200500
200501
200502
200503
200504
200505
200506
200507
200901
200902
200903
200904
200905
200906
200907
200908
200909
200910
200911
200912
200913
200914
201308
201309
201310
201311
201312
201313
201314
201315
201316
201317
201318
201319
201320
201321
201715
201716
201717
201718
201719
201720
201721
201722
201723
201724
201725
201726
201727
201728
201729
202122
202123
202124
202125
202126
202127
202128
202129
202130
202131
202132
202133
202134
202135
202136
202531
202532
202533
202534
202535
202536
202537
202538
202539
202540
202541
202542
202543
202544
202545
202546
202547
202548
202549
202550
202943
202944
202945
202946
202947
202948
202949
202950
202951
202952
202953
202954
202955
202956
202957
202958
202959
202960
202961
202962
203355
203356
203357
203358
203359
203360
203361
203362
203363
203364
203365
203366
203367
203368
203369
203370
203371
203372
203373
203374
203767
203768
203769
203770
203771
203772
203773
203774
203775
203776
203777
203778
203779
203780
203781
203782
203783
203784
203785
203786
203787
204181
204182
204183
204184
204185
204186
204187
204188
204189
204190
204191
204192
204193
204194
204195
204196
204197
204198
204199
204200
204594
204595
204596
204597
204598
204599
204600
204601
204602
204603
204604
204605
204606
204607
205003
205004
205005
205006
205007
205008
205009
205010
205011
205012
205013
205014
205015
205016
205412
205413
205414
205415
205416
205417
205418
205419
205420
205421
205422
205423
205424
205425
205426
205821
205822
205823
205824
205825
205826
205827
205828
205829
205830
205831
205832
205833
205834
205835
206232
206233
206234
206235
206236
206237
206238
206239
206240
206241
206242
206243
206244
206245
206642
206643
206644
206645
206646
206647
206648
206649
206650
206651
206652
206653
206654
206655
207052
207053
207054
207055
207056
207057
207058
207059
207060
207061
207062
207063
207064
207065
207066
207462
207463
207464
207465
207466
207467
207468
207469
207470
207471
207472
207473
207474
207475
207476
207873
207874
207875
207876
207877
207878
207879
207880
207881
207882
207883
207884
207885
207886
207887
207888
207889
207890
207891
207892
208288
208289
208290
208291
208292
208293
208294
208295
208296
208297
208298
208299
208300
208301
208302
208303
208304
208305
208306
208307
208703
208704
208705
208706
208707
208708
208709
208710
208711
208712
208713
208714
208715
208716
208717
208718
208719
208720
208721
208722
209118
209119
209120
209121
209122
209123
209124
209125
209126
209127
209128
209129
209130
209131
209132
209133
209134
209135
209136
209137
209533
209534
209535
209536
209537
209538
209539
209540
209541
209542
209543
209544
209545
209546
209547
209946
209947
209948
209949
209950
209951
209952
209953
209954
209955
209956
209957
209958
209959
210358
210359
210360
210361
210362
210363
210364
210365
210366
210367
210368
210369
210370
210371
210770
210771
210772
210773
210774
210775
210776
210777
210778
210779
210780
210781
210782
210783
211182
211183
211184
211185
211186
211187
211188
211189
211190
211191
211192
211193
211194
211195
211196
211595
211596
211597
211598
211599
211600
211601
211602
211603
211604
211605
211606
211607
211608
212008
212009
212010
212011
212012
212013
212014
212015
212016
212017
212018
212019
212020
212021
212421
212422
212423
212424
212425
212426
212427
212428
212429
212430
212431
212432
212433
212434
212435
212436
212437
212438
212439
212440
212838
212839
212840
212841
212842
212843
212844
212845
212846
212847
212848
212849
212850
212851
212852
212853
212854
212855
212856
212857
213256
213257
213258
213259
213260
213261
213262
213263
213264
213265
213266
213267
213268
213269
213270
213271
213272
213273
213274
213673
213674
213675
213676
213677
213678
213679
213680
213681
213682
213683
213684
213685
213686
213687
213688
213689
213690
213691
213692
214091
214092
214093
214094
214095
214096
214097
214098
214099
214100
214101
214102
214103
214104
214505
214506
214507
214508
214509
214510
214511
214512
214513
214514
214515
214516
214517
214518
214920
214921
214922
214923
214924
214925
214926
214927
214928
214929
214930
214931
214932
214933
215334
215335
215336
215337
215338
215339
215340
215341
215342
215343
215344
215345
215346
215347
215749
215750
215751
215752
215753
215754
215755
215756
215757
215758
215759
215760
215761
215762
216164
216165
216166
216167
216168
216169
216170
216171
216172
216173
216174
216175
216176
216177
216579
216580
216581
216582
216583
216584
216585
216586
216587
216588
216589
216590
216591
216592
216593
216594
216595
216596
216597
216598
216999
217000
217001
217002
217003
217004
217005
217006
217007
217008
217009
217010
217011
217012
217013
217014
217015
217016
217017
217418
217419
217420
217421
217422
217423
217424
217425
217426
217427
217428
217429
217430
217431
217432
217433
217434
217435
217436
217837
217838
217839
217840
217841
217842
217843
217844
217845
217846
217847
217848
217849
217850
217851
217852
217853
217854
217855
217856
218257
218258
218259
218260
218261
218262
218263
218264
218265
218266
218267
218268
218269
218270
218672
218673
218674
218675
218676
218677
218678
218679
218680
218681
218682
218683
218684
219086
219087
219088
219089
219090
219091
219092
219093
219094
219095
219096
219097
219098
219099
219500
219501
219502
219503
219504
219505
219506
219507
219508
219509
219510
219511
219512
219513
219514
219915
219916
219917
219918
219919
219920
219921
219922
219923
219924
219925
219926
219927
219928
219929
220330
220331
220332
220333
220334
220335
220336
220337
220338
220339
220340
220341
220342
220343
220344
220746
220747
220748
220749
220750
220751
220752
220753
220754
220755
220756
220757
