Sample Indices
Indices Size:
1585
Data:
250310
250714
250715
250716
250717
250718
250719
250720
250721
250722
250723
250724
250725
250726
251131
251132
251133
251134
251135
251136
251137
251138
251139
251140
251141
251142
251143
251548
251549
251550
251551
251552
251553
251554
251555
251556
251557
251558
251559
251560
251965
251966
251967
251968
251969
251970
251971
251972
251973
251974
251975
251976
251977
252381
252382
252383
252384
252385
252386
252387
252388
252389
252390
252391
252392
252393
252394
252801
252802
252803
252804
252805
252806
252807
252808
252809
252810
252811
252812
252813
252814
252815
252816
253221
253222
253223
253224
253225
253226
253227
253228
253229
253230
253231
253232
253233
253234
253638
253639
253640
253641
253642
253643
253644
253645
253646
253647
253648
253649
253650
253651
254057
254058
254059
254060
254061
254062
254063
254064
254065
254066
254067
254068
254069
254070
254474
254475
254476
254477
254478
254479
254480
254481
254482
254483
254484
254485
254486
254487
254488
254489
254893
254894
254895
254896
254897
254898
254899
254900
254901
254902
254903
254904
254905
254906
254907
255314
255315
255316
255317
255318
255319
255320
255321
255322
255323
255324
255325
255326
255327
255736
255737
255738
255739
255740
255741
255742
255743
255744
255745
255746
255747
255748
255749
256153
256154
256155
256156
256159
256160
256161
256162
256163
256164
256165
256166
256167
256168
256169
256170
256171
256172
256578
256579
256580
256581
256584
256585
256586
256587
256588
256589
256590
256591
256592
256593
256594
256595
256596
256597
257008
257009
257010
257011
257012
257013
257014
257015
257016
257017
257018
257019
257020
257021
257022
257433
257434
257435
257436
257437
257438
257439
257440
257441
257442
257443
257444
257445
257446
257447
257859
257860
257861
257862
257863
257864
257865
257866
257867
257868
257869
257870
257871
257872
257873
258285
258286
258287
258288
258289
258290
258291
258292
258293
258294
258295
258296
258297
258298
258299
258711
258712
258713
258714
258715
258716
258717
258718
258719
258720
258721
258722
258723
258724
258725
259137
259138
259139
259140
259141
259142
259143
259144
259145
259146
259147
259148
259149
259150
259151
259565
259566
259567
259568
259569
259570
259571
259572
259573
259574
259575
259576
259577
259578
259579
259993
259994
259995
259996
259997
259998
259999
260000
260001
260002
260003
260004
260005
260006
260007
260421
260422
260423
260424
260425
260426
260427
260428
260429
260430
260431
260432
260433
260434
260435
260850
260851
260852
260853
260854
260855
260856
260857
260858
260859
260860
260861
260862
260863
260864
261279
261280
261281
261282
261283
261284
261285
261286
261287
261288
261289
261290
261291
261292
261293
261707
261708
261709
261710
261711
261712
261713
261714
261715
261716
261717
261718
261719
261720
261722
262135
262136
262137
262138
262139
262140
262141
262142
262143
262144
262145
262146
262147
262148
262149
262150
262565
262566
262567
262568
262569
262570
262571
262572
262573
262574
262575
262576
262577
262578
262580
262995
262996
262997
262998
262999
263000
263001
263002
263003
263004
263005
263006
263007
263008
263009
263010
263424
263425
263426
263427
263428
263429
263430
263431
263432
263433
263434
263435
263436
263437
263438
263439
263853
263854
263855
263856
263857
263858
263859
263860
263861
263862
263863
263864
263865
263866
263867
263868
264283
264284
264285
264286
264287
264288
264289
264290
264291
264292
264293
264294
264295
264296
264297
264298
264713
264714
264715
264716
264717
264718
264719
264720
264721
264722
264723
264724
264725
264726
264727
264728
265143
265144
265145
265146
265147
265148
265149
265150
265151
265152
265153
265154
265155
265156
265157
265158
265159
265160
265161
265573
265574
265575
265576
265577
265578
265579
265580
265581
265582
265583
265584
265585
265586
265587
265588
266003
266004
266005
266006
266007
266008
266009
266010
266011
266012
266013
266014
266015
266016
266017
266018
266019
266426
266427
266428
266429
266430
266433
266434
266435
266436
266437
266438
266439
266440
266441
266442
266443
266444
266445
266446
266447
266448
266449
266863
266864
266865
266866
266867
266868
266869
266870
266871
266872
266873
266874
266875
266876
266877
266878
266879
267294
267295
267296
267297
267298
267299
267300
267301
267302
267303
267304
267305
267306
267307
267308
267309
267310
267725
267726
267727
267728
267729
267730
267731
267732
267733
267734
267735
267736
267737
267738
267739
267740
267741
268157
268158
268159
268160
268161
268162
268163
268164
268165
268166
268167
268168
268169
268170
268171
268172
268588
268589
268590
268591
268592
268593
268594
268595
268596
268597
268598
268599
268600
268601
268602
268603
268604
268605
268606
268607
269020
269021
269022
269023
269024
269025
269026
269027
269028
269029
269030
269031
269032
269033
269034
269035
269453
269454
269455
269456
269457
269458
269459
269460
269461
269462
269463
269464
269465
269466
269467
269468
269469
269472
269886
269887
269888
269889
269890
269891
269892
269893
269894
269895
269896
269897
269898
269899
269900
269901
269902
270319
270320
270321
270322
270323
270324
270325
270326
270327
270328
270329
270330
270331
270332
270333
270334
270335
270753
270754
270755
270756
270757
270758
270759
270760
270761
270762
270763
270764
270765
270766
270767
270768
271185
271186
271187
271188
271189
271190
271191
271192
271193
271194
271195
271196
271197
271198
271199
271200
271201
271619
271620
271621
271622
271623
271624
271625
271626
271627
271628
271629
271630
271631
271632
271633
271634
271635
272053
272054
272055
272056
272057
272058
272059
272060
272061
272062
272063
272064
272065
272066
272067
272068
272069
272487
272488
272489
272490
272491
272492
272493
272494
272495
272496
272497
272498
272499
272500
272501
272502
272503
272504
272918
272919
272920
272921
272922
272923
272924
272925
272926
272927
272928
272929
272930
272931
272932
272933
272934
272935
273324
273325
273351
273352
273353
273354
273355
273356
273357
273358
273359
273360
273361
273362
273363
273364
273365
273366
273367
273756
273757
273782
273783
273784
273785
273786
273787
273788
273789
273790
273791
273792
273793
273794
273795
273796
273797
273798
274187
274188
274213
274214
274215
274216
274217
274218
274219
274220
274221
274222
274223
274224
274225
274226
274227
274228
274229
274619
274620
274645
274646
274647
274648
274649
274650
274651
274652
274653
274654
274655
274656
274657
274658
274659
274660
274661
275050
275077
275078
275079
275080
275081
275082
275083
275084
275085
275086
275087
275088
275089
275090
275091
275092
275093
275481
275484
275507
275508
275509
275510
275511
275512
275513
275514
275515
275516
275517
275518
275519
275520
275521
275522
275523
275910
275911
275912
275913
275914
275915
275917
275918
275937
275938
275939
275940
275941
275942
275943
275944
275945
275946
275947
275948
275949
275950
275951
275952
275953
276340
276341
276366
276367
276368
276369
276370
276371
276372
276373
276374
276375
276376
276377
276378
276379
276380
276381
276382
276769
276770
276794
276795
276796
276797
276798
276799
276800
276801
276802
276803
276804
276805
276806
276807
276808
276809
276810
276811
277197
277198
277199
277224
277225
277226
277227
277228
277229
277230
277231
277232
277233
277234
277235
277236
277237
277238
277239
277240
277244
277627
277628
277655
277656
277657
277658
277659
277660
277661
277662
277663
277664
277665
277666
277667
277668
277669
277670
277671
277672
278058
278059
278069
278070
278071
278086
278087
278088
278089
278090
278091
278092
278093
278094
278095
278096
278097
278098
278099
278100
278101
278102
278103
278106
278488
278489
278490
278491
278492
278500
278501
278517
278518
278519
278520
278521
278522
278523
278524
278525
278526
278527
278528
278529
278530
278531
278532
278533
278537
278919
278920
278921
278922
278923
278924
278925
278926
278927
278928
278929
278930
278931
278932
278933
278934
278935
278936
278937
278938
278939
278940
278941
278942
278943
278944
278945
278948
278949
278950
278951
278952
278953
278954
278955
278956
278957
278958
278959
278960
278961
278962
278963
278964
279352
279353
279364
279379
279380
279381
279382
279383
279384
279385
279386
279387
279388
279389
279390
279391
279392
279393
279394
279395
279396
279781
279782
279809
279810
279811
279812
279813
279814
279815
279816
279817
279818
279819
279820
279821
279822
279823
279824
279825
279826
280210
280211
280212
280239
280240
280241
280242
280243
280244
280245
280246
280247
280248
280249
280250
280251
280252
280253
280254
280255
280256
280640
280641
280642
280669
280670
280671
280672
280673
280674
280675
280676
280677
280678
280679
280680
280681
280682
280683
280684
280685
280686
281070
281071
281099
281100
281101
281102
281103
281104
281105
281106
281107
281108
281109
281110
281111
281112
281113
281114
281115
281499
281500
281527
281528
281529
281530
281531
281532
281533
281534
281535
281536
281537
281538
281539
281540
281541
281542
281543
281544
281928
281929
281957
281958
281959
281960
281961
281962
281963
281964
281965
281966
281967
281968
281969
281970
281971
281972
281973
282357
282385
282386
282387
282388
282389
282390
282391
282392
282393
282394
282395
282396
282397
282398
282399
282400
282401
282812
282813
282814
282815
282816
282817
282818
282819
282820
282821
282822
282823
282824
282825
282826
282827
282828
282829
283213
283238
283239
283240
283241
283242
283243
283244
283245
283246
283247
283248
283249
283250
283251
283252
283253
283254
283255
283637
283638
283639
283664
283665
283666
283667
283668
283669
283670
283671
283672
283673
283674
283675
283676
283677
283678
283679
283680
283681
284064
284065
284066
284093
284094
284095
284096
284097
284098
284099
284100
284101
284102
284103
284104
284105
284106
284107
284108
284109
284110
284494
284495
284523
284524
284525
284526
284527
284528
284529
284530
284531
284532
284533
284534
284535
284536
284537
284538
284539
284540
284921
284922
284923
284951
284952
284953
284954
284955
284956
284957
284958
284959
284960
284961
284962
284963
284964
284965
284966
284967
284971
285349
285350
285351
285378
285379
285380
285381
285382
285383
285384
285385
285386
285387
285388
285389
285390
285391
285392
285393
285394
285395
285777
285805
285806
285807
285808
285809
285810
285811
285812
285813
285814
285815
285816
285817
285818
285819
285820
285821
286204
286232
286233
286234
286235
286236
286237
286238
286239
286240
286241
286242
286243
286244
286245
286246
286247
286248
286631
286632
286659
286660
286661
286662
286663
286664
286665
286666
286667
286668
286669
286670
286671
286672
286673
286674
286675
287050
287076
287077
287078
287079
287080
287081
287082
287083
287084
287085
287086
287087
287088
287089
287090
287091
287092
287093
287473
287500
287501
287502
287503
287504
287505
287506
287507
287508
287509
287510
287511
287512
287513
287514
287515
287516
287517
287898
287923
287924
287925
287926
287927
287928
287929
287930
287931
287932
287933
287934
287935
287936
287937
287938
287939
287940
288322
288323
288351
288352
288353
288354
288355
288356
288357
288358
288359
288360
288361
288362
288363
288364
288365
288366
288367
Coefficient of the plane:
0.999287 0.00729983 0.0370515 67.9649
Inliers Indices
Indices Size:
1585
Data:
250310
250714
250715
250716
250717
250718
250719
250720
250721
250722
250723
250724
250725
250726
251131
251132
251133
251134
251135
251136
251137
251138
251139
251140
251141
251142
251143
251548
251549
251550
251551
251552
251553
251554
251555
251556
251557
251558
251559
251560
251965
251966
251967
251968
251969
251970
251971
251972
251973
251974
251975
251976
251977
252381
252382
252383
252384
252385
252386
252387
252388
252389
252390
252391
252392
252393
252394
252801
252802
252803
252804
252805
252806
252807
252808
252809
252810
252811
252812
252813
252814
252815
252816
253221
253222
253223
253224
253225
253226
253227
253228
253229
253230
253231
253232
253233
253234
253638
253639
253640
253641
253642
253643
253644
253645
253646
253647
253648
253649
253650
253651
254057
254058
254059
254060
254061
254062
254063
254064
254065
254066
254067
254068
254069
254070
254474
254475
254476
254477
254478
254479
254480
254481
254482
254483
254484
254485
254486
254487
254488
254489
254893
254894
254895
254896
254897
254898
254899
254900
254901
254902
254903
254904
254905
254906
254907
255314
255315
255316
255317
255318
255319
255320
255321
255322
255323
255324
255325
255326
255327
255736
255737
255738
255739
255740
255741
255742
255743
255744
255745
255746
255747
255748
255749
256153
256154
256155
256156
256159
256160
256161
256162
256163
256164
256165
256166
256167
256168
256169
256170
256171
256172
256578
256579
256580
256581
256584
256585
256586
256587
256588
256589
256590
256591
256592
256593
256594
256595
256596
256597
257008
257009
257010
257011
257012
257013
257014
257015
257016
257017
257018
257019
257020
257021
257022
257433
257434
257435
257436
257437
257438
257439
257440
257441
257442
257443
257444
257445
257446
257447
257859
257860
257861
257862
257863
257864
257865
257866
257867
257868
257869
257870
257871
257872
257873
258285
258286
258287
258288
258289
258290
258291
258292
258293
258294
258295
258296
258297
258298
258299
258711
258712
258713
258714
258715
258716
258717
258718
258719
258720
258721
258722
258723
258724
258725
259137
259138
259139
259140
259141
259142
259143
259144
259145
259146
259147
259148
259149
259150
259151
259565
259566
259567
259568
259569
259570
259571
259572
259573
259574
259575
259576
259577
259578
259579
259993
259994
259995
259996
259997
259998
259999
260000
260001
260002
260003
260004
260005
260006
260007
260421
260422
260423
260424
260425
260426
260427
260428
260429
260430
260431
260432
260433
260434
260435
260850
260851
260852
260853
260854
260855
260856
260857
260858
260859
260860
260861
260862
260863
260864
261279
261280
261281
261282
261283
261284
261285
261286
261287
261288
261289
261290
261291
261292
261293
261707
261708
261709
261710
261711
261712
261713
261714
261715
261716
261717
261718
261719
261720
261722
262135
262136
262137
262138
262139
262140
262141
262142
262143
262144
262145
262146
262147
262148
262149
262150
262565
262566
262567
262568
262569
262570
262571
262572
262573
262574
262575
262576
262577
262578
262580
262995
262996
262997
262998
262999
263000
263001
263002
263003
263004
263005
263006
263007
263008
263009
263010
263424
263425
263426
263427
263428
263429
263430
263431
263432
263433
263434
263435
263436
263437
263438
263439
263853
263854
263855
263856
263857
263858
263859
263860
263861
263862
263863
263864
263865
263866
263867
263868
264283
264284
264285
264286
264287
264288
264289
264290
264291
264292
264293
264294
264295
264296
264297
264298
264713
264714
264715
264716
264717
264718
264719
264720
264721
264722
264723
264724
264725
264726
264727
264728
265143
265144
265145
265146
265147
265148
265149
265150
265151
265152
265153
265154
265155
265156
265157
265158
265159
265160
265161
265573
265574
265575
265576
265577
265578
265579
265580
265581
265582
265583
265584
265585
265586
265587
265588
266003
266004
266005
266006
266007
266008
266009
266010
266011
266012
266013
266014
266015
266016
266017
266018
266019
266426
266427
266428
266429
266430
266433
266434
266435
266436
266437
266438
266439
266440
266441
266442
266443
266444
266445
266446
266447
266448
266449
266863
266864
266865
266866
266867
266868
266869
266870
266871
266872
266873
266874
266875
266876
266877
266878
266879
267294
267295
267296
267297
267298
267299
267300
267301
267302
267303
267304
267305
267306
267307
267308
267309
267310
267725
267726
267727
267728
267729
267730
267731
267732
267733
267734
267735
267736
267737
267738
267739
267740
267741
268157
268158
268159
268160
268161
268162
268163
268164
268165
268166
268167
268168
268169
268170
268171
268172
268588
268589
268590
268591
268592
268593
268594
268595
268596
268597
268598
268599
268600
268601
268602
268603
268604
268605
268606
268607
269020
269021
269022
269023
269024
269025
269026
269027
269028
269029
269030
269031
269032
269033
269034
269035
269453
269454
269455
269456
269457
269458
269459
269460
269461
269462
269463
269464
269465
269466
269467
269468
269469
269472
269886
269887
269888
269889
269890
269891
269892
269893
269894
269895
269896
269897
269898
269899
269900
269901
269902
270319
270320
270321
270322
270323
270324
270325
270326
270327
270328
270329
270330
270331
270332
270333
270334
270335
270753
270754
270755
270756
270757
270758
270759
270760
270761
270762
270763
270764
270765
270766
270767
270768
271185
271186
271187
271188
271189
271190
271191
271192
271193
271194
271195
271196
271197
271198
271199
271200
271201
271619
271620
271621
271622
271623
271624
271625
271626
271627
271628
271629
271630
271631
271632
271633
271634
271635
272053
272054
272055
272056
272057
272058
272059
272060
272061
272062
272063
272064
272065
272066
272067
272068
272069
272487
272488
272489
272490
272491
272492
272493
272494
272495
272496
272497
272498
272499
272500
272501
272502
272503
272504
272918
272919
272920
272921
272922
272923
272924
272925
272926
272927
272928
272929
272930
272931
272932
272933
272934
272935
273324
273325
273351
273352
273353
273354
273355
273356
273357
273358
273359
273360
273361
273362
273363
273364
273365
273366
273367
273756
273757
273782
273783
273784
273785
273786
273787
273788
273789
273790
273791
273792
273793
273794
273795
273796
273797
273798
274187
274188
274213
274214
274215
274216
274217
274218
274219
274220
274221
274222
274223
274224
274225
274226
274227
274228
274229
274619
274620
274645
274646
274647
274648
274649
274650
274651
274652
274653
274654
274655
274656
274657
274658
274659
274660
274661
275050
275077
275078
275079
275080
275081
275082
275083
275084
275085
275086
275087
275088
275089
275090
275091
275092
275093
275481
275484
275507
275508
275509
275510
275511
275512
275513
275514
275515
275516
275517
275518
275519
275520
275521
275522
275523
275910
275911
275912
275913
275914
275915
275917
275918
275937
275938
275939
275940
275941
275942
275943
275944
275945
275946
275947
275948
275949
275950
275951
275952
275953
276340
276341
276366
276367
276368
276369
276370
276371
276372
276373
276374
276375
276376
276377
276378
276379
276380
276381
276382
276769
276770
276794
276795
276796
276797
276798
276799
276800
276801
276802
276803
276804
276805
276806
276807
276808
276809
276810
276811
277197
277198
277199
277224
277225
277226
277227
277228
277229
277230
277231
277232
277233
277234
277235
277236
277237
277238
277239
277240
277244
277627
277628
277655
277656
277657
277658
277659
277660
277661
277662
277663
277664
277665
277666
277667
277668
277669
277670
277671
277672
278058
278059
278069
278070
278071
278086
278087
278088
278089
278090
278091
278092
278093
278094
278095
278096
278097
278098
278099
278100
278101
278102
278103
278106
278488
278489
278490
278491
278492
278500
278501
278517
278518
278519
278520
278521
278522
278523
278524
278525
278526
278527
278528
278529
278530
278531
278532
278533
278537
278919
278920
278921
278922
278923
278924
278925
278926
278927
278928
278929
278930
278931
278932
278933
278934
278935
278936
278937
278938
278939
278940
278941
278942
278943
278944
278945
278948
278949
278950
278951
278952
278953
278954
278955
278956
278957
278958
278959
278960
278961
278962
278963
278964
279352
279353
279364
279379
279380
279381
279382
279383
279384
279385
279386
279387
279388
279389
279390
279391
279392
279393
279394
279395
279396
279781
279782
279809
279810
279811
279812
279813
279814
279815
279816
279817
279818
279819
279820
279821
279822
279823
279824
279825
279826
280210
280211
280212
280239
280240
280241
280242
280243
280244
280245
280246
280247
280248
280249
280250
280251
280252
280253
280254
280255
280256
280640
280641
280642
280669
280670
280671
280672
280673
280674
280675
280676
280677
280678
280679
280680
280681
280682
280683
280684
280685
280686
281070
281071
281099
281100
281101
281102
281103
281104
281105
281106
281107
281108
281109
281110
281111
281112
281113
281114
281115
281499
281500
281527
281528
281529
281530
281531
281532
281533
281534
281535
281536
281537
281538
281539
281540
281541
281542
281543
281544
281928
281929
281957
281958
281959
281960
281961
281962
281963
281964
281965
281966
281967
281968
281969
281970
281971
281972
281973
282357
282385
282386
282387
282388
282389
282390
282391
282392
282393
282394
282395
282396
282397
282398
282399
282400
282401
282812
282813
282814
282815
282816
282817
282818
282819
282820
282821
282822
282823
282824
282825
282826
282827
282828
282829
283213
283238
283239
283240
283241
283242
283243
283244
283245
283246
283247
283248
283249
283250
283251
283252
283253
283254
283255
283637
283638
283639
283664
283665
283666
283667
283668
283669
283670
283671
283672
283673
283674
283675
283676
283677
283678
283679
283680
283681
284064
284065
284066
284093
284094
284095
284096
284097
284098
284099
284100
284101
284102
284103
284104
284105
284106
284107
284108
284109
284110
284494
284495
284523
284524
284525
284526
284527
284528
284529
284530
284531
284532
284533
284534
284535
284536
284537
284538
284539
284540
284921
284922
284923
284951
284952
284953
284954
284955
284956
284957
284958
284959
284960
284961
284962
284963
284964
284965
284966
284967
284971
285349
285350
285351
285378
285379
285380
285381
285382
285383
285384
285385
285386
285387
285388
285389
285390
285391
285392
285393
285394
285395
285777
285805
285806
285807
285808
285809
285810
285811
285812
285813
285814
285815
285816
285817
285818
285819
285820
285821
286204
286232
286233
286234
286235
286236
286237
286238
286239
286240
286241
286242
286243
286244
286245
286246
286247
286248
286631
286632
286659
286660
286661
286662
286663
286664
286665
286666
286667
286668
286669
286670
286671
286672
286673
286674
286675
287050
287076
287077
287078
287079
287080
287081
287082
287083
287084
287085
287086
287087
287088
287089
287090
287091
287092
287093
287473
287500
287501
287502
287503
287504
287505
287506
287507
287508
287509
287510
287511
287512
287513
287514
287515
287516
287517
287898
287923
287924
287925
287926
287927
287928
287929
287930
287931
287932
287933
287934
287935
287936
287937
287938
287939
287940
288322
288323
288351
288352
288353
288354
288355
288356
288357
288358
288359
288360
288361
288362
288363
288364
288365
288366
288367
