Sample Indices
Indices Size:
3134
Data:
48
291
293
294
295
296
297
298
299
300
301
567
569
570
571
572
573
574
575
576
577
578
579
580
581
582
583
584
585
586
587
588
589
590
591
592
593
594
595
596
597
598
599
600
601
602
603
604
605
606
607
608
609
610
611
612
613
614
615
616
617
618
619
620
621
622
623
624
625
626
627
628
789
790
791
792
793
794
795
796
797
798
799
800
801
802
803
804
805
806
807
808
809
810
811
812
813
814
815
816
817
818
819
820
821
822
823
824
825
826
827
828
829
830
831
832
833
834
835
836
837
838
839
840
841
842
843
844
845
846
982
983
984
985
986
987
988
989
990
991
992
993
994
995
996
997
998
999
1000
1001
1002
1003
1004
1005
1006
1007
1008
1009
1010
1011
1012
1013
1014
1015
1130
1131
1132
1133
1134
1135
1136
1137
1138
1139
1140
1141
1142
1143
1144
1145
1146
1147
1148
1149
1150
1151
1152
1153
1154
1155
1156
1157
1158
1159
1301
1302
1303
1307
1308
1309
1310
1311
1312
1313
1314
1315
1316
1317
1318
1319
1320
1321
1322
1323
1324
1325
1326
1327
1328
1329
1330
1331
1332
1333
1334
1335
1336
1337
1338
1339
1340
1341
1342
1343
1344
1345
1473
1474
1475
1476
1477
1478
1479
1480
1481
1482
1483
1484
1485
1486
1487
1488
1489
1490
1491
1492
1493
1494
1495
1496
1497
1498
1499
1500
1501
1645
1646
1647
1648
1649
1650
1651
1652
1653
1654
1655
1656
1657
1658
1659
1660
1661
1662
1663
1664
1665
1666
1667
1668
2095
2100
2101
2102
2103
2104
2105
2106
2108
2109
2111
2113
2115
2117
2119
2121
2122
2123
2124
2125
2126
2127
2128
2129
2130
2131
2132
2133
2134
2135
2136
2137
2138
2139
2140
2141
2142
2143
2144
2145
2146
2147
2148
2149
2150
2151
2152
2153
2154
2155
2156
2157
2158
2159
2160
2161
2162
2163
2164
2165
2166
2167
2168
2169
2170
2171
2172
2173
2174
2175
2176
2177
2178
2179
2180
2181
2182
2183
2184
2185
2186
2187
2188
2189
2190
2191
2192
2193
2194
2195
2196
2197
2384
2386
2387
2388
2389
2390
2391
2392
2393
2394
2395
2396
2397
2398
2399
2400
2633
2634
2635
2636
2637
2638
2639
2640
2641
2642
2643
2644
2645
2646
2647
2844
2845
2846
2847
2848
2849
2850
2851
2852
2853
2854
2855
2856
2857
2858
2859
3061
3062
3064
3065
3066
3067
3068
3069
3070
3071
3072
3073
3074
3075
3259
3260
3261
3262
3263
3264
3265
3266
3267
3268
3269
3270
3271
3272
3273
3274
3275
3276
3277
3278
3279
3280
3281
3282
3283
3284
3491
3492
3493
3496
3497
3498
3499
3500
3501
3502
3503
3504
3505
3506
3507
3508
3509
3510
3511
3738
3740
3741
3742
3743
3744
3745
3746
3747
3748
3749
3750
3751
3752
3753
3754
3973
3974
3975
3976
3977
3978
3979
3980
3981
3982
3983
3984
3985
3986
3987
3988
4187
4188
4189
4190
4191
4192
4193
4194
4195
4196
4197
4198
4199
4378
4379
4380
4381
4382
4383
4384
4385
4386
4387
4388
4389
4390
4391
4392
4393
4587
4588
4589
4590
4591
4592
4593
4594
4595
4596
4597
4598
4599
4600
4601
4602
4778
4779
4780
4781
4782
4783
4784
4785
4786
4787
4788
4789
4790
4791
4792
4793
4794
4953
4954
4955
4956
4957
4958
4959
4960
4961
4962
4963
4964
4965
5138
5139
5140
5141
5142
5143
5144
5145
5146
5147
5148
5149
5329
5330
5331
5332
5333
5334
5335
5336
5337
5338
5339
5340
5341
5342
5499
5500
5501
5502
5503
5504
5505
5506
5507
5508
5509
5510
5511
5512
5513
5667
5668
5670
5671
5672
5673
5674
5675
5676
5677
5678
5679
5680
5681
5682
5683
5864
5865
5866
5867
5868
5869
5870
5871
5872
5873
5874
5875
5876
5877
5878
5879
5880
6019
6020
6021
6022
6023
6024
6025
6026
6027
6028
6029
6030
6031
6032
6033
6034
6035
6223
6224
6225
6226
6227
6228
6229
6230
6231
6232
6233
6234
6235
6236
6237
6238
6239
6428
6429
6430
6431
6432
6433
6434
6435
6436
6437
6438
6439
6440
6441
6442
6443
6444
6445
6446
6628
6629
6630
6631
6632
6633
6634
6635
6636
6637
6638
6639
6640
6641
6642
6643
6644
6645
6815
6816
6817
6818
6819
6820
6821
6822
6823
6824
6825
6826
6827
6828
6829
6830
6831
7078
7079
7080
7081
7082
7083
7084
7085
7086
7087
7088
7089
7090
7091
7092
7093
7094
7310
7311
7313
7314
7315
7316
7317
7318
7319
7320
7321
7322
7323
7324
7325
7540
7541
7542
7543
7544
7545
7546
7547
7548
7549
7550
7551
7552
7553
7554
7555
7556
7557
7775
7776
7777
7778
7779
7780
7781
7782
7783
7784
7785
7786
7787
7788
7789
7790
7791
7979
7980
7981
7982
7983
7984
7985
7986
7987
7988
7989
7990
7991
7992
7993
7994
8186
8187
8188
8189
8190
8191
8192
8193
8194
8195
8196
8197
8198
8199
8200
8201
8202
8405
8406
8407
8408
8409
8410
8411
8412
8413
8414
8415
8416
8417
8418
8419
8420
8421
8616
8617
8618
8619
8620
8621
8622
8623
8624
8625
8626
8627
8628
8629
8630
8631
8632
8844
8845
8846
8847
8848
8849
8850
8851
8852
8853
8854
8855
8856
8857
8858
8859
8860
8861
9097
9098
9099
9100
9101
9102
9103
9104
9105
9106
9107
9108
9109
9110
9111
9112
9113
9289
9290
9292
9293
9294
9295
9296
9297
9298
9299
9300
9301
9302
9303
9304
9474
9475
9476
9477
9478
9479
9480
9481
9482
9483
9484
9485
9486
9487
9488
9489
9659
9660
9661
9662
9663
9664
9665
9666
9667
9668
9669
9670
9671
9672
9673
9674
9849
9850
9851
9852
9853
9854
9855
9856
9857
9858
9859
9860
9861
9862
9863
9864
9865
9866
10032
10033
10034
10049
10050
10051
10052
10053
10054
10055
10056
10057
10058
10059
10060
10061
10062
10578
10579
10580
10581
10593
10594
10595
10596
10597
10598
10599
10600
10601
10602
10603
10604
10605
10606
10607
10823
10824
10825
10826
10827
10828
10829
10830
10831
10832
10833
10834
10835
10836
10837
10838
11068
11069
11070
11071
11072
11073
11074
11075
11076
11077
11078
11079
11080
11081
11082
11083
11084
11085
11295
11296
11297
11298
11299
11300
11301
11302
11303
11304
11305
11306
11307
11308
11309
11310
11311
11312
11313
11540
11541
11542
11543
11544
11545
11546
11547
11548
11549
11550
11551
11552
11553
11554
11775
11776
11777
11778
11779
11780
11781
11782
11783
11784
11785
11786
11787
11788
11789
11790
11791
12037
12038
12039
12040
12041
12042
12043
12044
12045
12046
12047
12048
12049
12050
12051
12356
12357
12358
12359
12360
12361
12362
12363
12364
12365
12366
12367
12368
12369
12370
12371
12573
12574
12576
12577
12578
12579
12580
12581
12582
12583
12584
12585
12586
12587
12588
12777
12778
12779
12780
12781
12782
12783
12784
12785
12786
12787
12788
12789
12790
12791
12792
12793
12794
12795
12992
12993
12994
12995
12996
12997
12998
12999
13000
13001
13002
13003
13004
13005
13006
13007
13189
13190
13191
13192
13193
13194
13195
13196
13197
13198
13199
13200
13201
13202
13203
13204
13396
13397
13398
13399
13400
13401
13402
13403
13404
13405
13406
13407
13408
13409
13410
13411
13412
13413
13414
13610
13611
13612
13613
13614
13615
13616
13617
13618
13619
13620
13621
13622
13623
13624
13625
13626
13627
13800
13801
13802
13803
13804
13805
13806
13807
13808
13809
13810
13811
13812
13813
13814
13815
13816
13985
13986
13987
13988
13989
13990
13991
13992
13993
13994
13995
13996
13997
13998
13999
14000
14001
14002
14162
14163
14164
14165
14166
14167
14168
14169
14170
14171
14172
14173
14174
14175
14176
14177
14178
14179
14338
14339
14340
14341
14342
14343
14344
14345
14346
14347
14348
14349
14350
14351
14352
14353
14511
14512
14513
14514
14515
14516
14517
14518
14519
14520
14521
14522
14523
14524
14525
14526
14527
14688
14689
14690
14691
14692
14693
14694
14695
14696
14697
14698
14699
14700
14701
14702
14703
14704
14705
14865
14866
14867
14868
14869
14870
14871
14872
14873
14874
14875
14876
14877
14878
14879
14880
14881
15035
15036
15037
15038
15039
15040
15041
15042
15043
15044
15045
15046
15047
15048
15049
15050
15051
15212
15213
15214
15215
15216
15217
15218
15219
15220
15221
15222
15223
15224
15225
15226
15350
15351
15352
15353
15354
15355
15356
15357
15358
15359
15360
15361
15362
15363
15364
15376
15377
15378
15379
15380
15381
15382
15383
15384
15385
15386
15387
15388
15389
15390
15401
15402
15403
15404
15405
15406
15407
15408
15409
15410
15411
15412
15413
15414
15415
15416
15417
15429
15430
15431
15432
15433
15434
15435
15436
15437
15438
15439
15440
15441
15442
15443
15444
15445
15456
15457
15458
15459
15460
15461
15462
15463
15464
15465
15466
15467
15468
15469
15470
15481
15482
15483
15485
15486
15487
15488
15489
15490
15491
15492
15493
15494
15495
15496
15497
15509
15510
15511
15512
15513
15514
15515
15516
15517
15518
15519
15520
15521
15522
15523
15524
15525
15526
15537
15538
15539
15540
15541
15542
15543
15544
15545
15546
15547
15548
15549
15550
15551
15562
15563
15564
15565
15566
15567
15568
15569
15570
15571
15572
15573
15574
15575
15576
15577
15588
15589
15590
15591
15592
15593
15594
15595
15596
15597
15598
15599
15600
15601
15602
15603
15615
15616
15617
15618
15619
15620
15621
15622
15623
15624
15625
15626
15627
15628
15629
15641
15642
15643
15644
15645
15646
15647
15648
15649
15650
15651
15652
15653
15654
15655
15667
15668
15669
15670
15671
15672
15673
15674
15675
15676
15677
15678
15679
15680
15681
15682
15692
15693
15694
15695
15696
15697
15698
15699
15700
15701
15702
15703
15704
15705
15706
15707
15719
15720
15721
15722
15723
15724
15725
15726
15727
15728
15729
15730
15731
15732
15733
15734
15746
15747
15748
15749
15750
15751
15752
15753
15754
15755
15756
15757
15758
15759
15760
15771
15772
15773
15774
15775
15776
15777
15778
15779
15780
15781
15782
15783
15784
15785
15786
15799
15800
15801
15802
15803
15804
15805
15806
15807
15808
15809
15810
15811
15812
15813
15814
15815
15827
15828
15829
15830
15831
15832
15833
15834
15835
15836
15837
15838
15839
15840
15841
15842
15843
15853
15854
15855
15856
15857
15858
15859
15860
15861
15862
15863
15864
15865
15866
15867
15879
15880
15881
15882
15883
15884
15885
15886
15887
15888
15889
15890
15891
15892
15893
15894
15906
15907
15908
15909
15910
15911
15912
15913
15914
15915
15916
15917
15918
15919
15920
15921
15922
15923
15935
15936
15937
15938
15939
15940
15941
15942
15943
15944
15945
15946
15947
15948
15949
15961
15962
15963
15964
15965
15966
15967
15968
15969
15970
15971
15972
15973
15974
15975
15976
15988
15989
15990
15991
15992
15993
15994
15995
15996
15997
15998
15999
16000
16001
16002
16003
16014
16015
16016
16017
16018
16019
16020
16021
16022
16023
16024
16025
16026
16027
16028
16029
16041
16042
16043
16044
16045
16046
16047
16048
16049
16050
16051
16052
16053
16054
16055
16066
16067
16068
16069
16070
16071
16072
16073
16074
16075
16076
16077
16078
16079
16080
16081
16093
16094
16095
16096
16097
16098
16099
16100
16101
16102
16103
16104
16105
16106
16107
16108
16119
16120
16121
16122
16123
16124
16125
16126
16127
16128
16129
16130
16131
16132
16133
16144
16145
16146
16147
16148
16149
16150
16151
16152
16153
16154
16155
16156
16157
16158
16159
16171
16172
16173
16174
16175
16176
16177
16178
16179
16180
16181
16182
16183
16184
16185
16197
16198
16199
16200
16201
16202
16203
16204
16205
16206
16207
16208
16209
16210
16211
16223
16224
16225
16226
16227
16228
16229
16230
16231
16232
16233
16234
16235
16236
16237
16238
16251
16252
16253
16254
16255
16256
16257
16258
16259
16260
16261
16262
16263
16264
16265
16266
16278
16279
16280
16281
16282
16283
16284
16285
16286
16287
16288
16289
16290
16291
16292
16305
16306
16307
16308
16309
16310
16311
16312
16313
16314
16315
16316
16317
16318
16319
16320
16331
16332
16333
16334
16335
16336
16337
16338
16339
16340
16341
16342
16343
16344
16345
16346
16347
16360
16361
16362
16363
16364
16365
16366
16367
16368
16369
16370
16371
16372
16373
16374
16375
16386
16387
16388
16389
16390
16391
16392
16393
16394
16395
16396
16397
16398
16399
16400
16401
16402
16403
16415
16416
16417
16418
16419
16420
16421
16422
16423
16424
16425
16426
16427
16428
16429
16430
16443
16444
16445
16446
16447
16448
16449
16450
16451
16452
16453
16454
16455
16456
16457
16458
16471
16472
16473
16474
16475
16476
16477
16478
16479
16480
16481
16482
16483
16484
16485
16497
16498
16499
16500
16501
16502
16503
16504
16505
16506
16507
16508
16509
16510
16511
16512
16513
16527
16528
16529
16530
16531
16532
16533
16534
16535
16536
16537
16538
16539
16540
16541
16542
16543
16557
16558
16559
16560
16561
16562
16563
16564
16565
16566
16567
16568
16569
16570
16571
16572
16586
16587
16588
16589
16590
16591
16592
16593
16594
16595
16596
16597
16598
16599
16600
16612
16613
16614
16615
16616
16617
16618
16619
16620
16621
16622
16623
16624
16625
16626
16627
16640
16641
16642
16643
16644
16645
16646
16647
16648
16649
16650
16651
16652
16653
16654
16661
16662
16663
16664
16665
16666
16667
16668
16669
16670
16671
16672
16679
16680
16681
16682
16683
16684
16685
16686
16687
16688
16689
16697
16698
16699
16700
16701
16702
16703
16704
16705
16706
16707
16716
16717
16718
16719
16720
16721
16722
16723
16724
16725
16726
16727
16735
16736
16737
16738
16739
16740
16741
16742
16743
16744
16745
16753
16754
16755
16756
16757
16758
16759
16760
16761
16762
16770
16771
16772
16773
16774
16775
16776
16777
16778
16779
16780
16787
16788
16789
16790
16791
16792
16793
16794
16795
16796
16797
16806
16807
16808
16809
16810
16811
16812
16813
16814
16815
16816
16817
16824
16825
16826
16827
16828
16829
16830
16831
16832
16833
16834
16835
16844
16845
16846
16847
16848
16849
16850
16851
16852
16853
16854
16861
16862
16863
16864
16865
16866
16867
16868
16869
16870
16871
16879
16880
16881
16882
16883
16884
16885
16886
16887
16888
16889
16896
16897
16898
16899
16900
16901
16902
16903
16904
16905
16906
16907
16915
16916
16917
16918
16919
16920
16921
16922
16923
16924
16925
16932
16933
16934
16935
16936
16937
16938
16939
16940
16941
16942
16949
16950
16951
16952
16953
16954
16955
16956
16957
16958
16959
16968
16969
16970
16971
16972
16973
16974
16975
16976
16977
16978
16979
16987
16988
16989
16990
16991
16992
16993
16994
16995
16996
16997
16998
17005
17006
17007
17008
17009
17010
17011
17012
17013
17014
17015
17023
17024
17025
17026
17027
17028
17029
17030
17031
17032
17033
17040
17041
17042
17043
17044
17045
17046
17047
17048
17049
17050
17051
17052
17060
17061
17062
17063
17064
17065
17066
17067
17068
17069
17070
17071
17080
17081
17082
17083
17084
17085
17086
17087
17088
17089
17090
17091
17099
17100
17101
17102
17103
17104
17105
17106
17107
17108
17109
17116
17117
17118
17119
17120
17121
17122
17123
17124
17125
17126
17127
17134
17135
17136
17137
17138
17139
17140
17141
17142
17143
17144
17152
17153
17154
17155
17156
17157
17158
17159
17160
17161
17162
17170
17171
17172
17173
17174
17175
17176
17177
17178
17179
17180
17187
17188
17189
17190
17191
17192
17193
17194
17195
17196
17197
17205
17206
17207
17208
17209
17210
17211
17212
17213
17214
17215
17222
17223
17224
17225
17226
17227
17228
17229
17230
17231
17232
17240
17241
17242
17243
17244
17245
17246
17247
17248
17249
17250
17251
17259
17260
17261
17262
17263
17264
17265
17266
17267
17268
17269
17276
17277
17278
17279
17280
17281
17282
17283
17284
17285
17286
17287
17294
17295
17296
17297
17298
17299
17300
17301
17302
17303
17304
17305
17312
17313
17314
17315
17316
17317
17318
17319
17320
17321
17322
17323
17331
17332
17333
17334
17335
17336
17337
17338
17339
17340
17341
17348
17349
17350
17351
17352
17353
17354
17355
17356
17357
17365
17366
17367
17368
17369
17370
17371
17372
17373
17374
17375
17383
17384
17385
17386
17387
17388
17389
17390
17391
17392
17393
17394
17395
17402
17403
17404
17405
17406
17407
17408
17409
17410
17411
17412
17413
17422
17423
17424
17425
17426
17427
17428
17429
17430
17431
17432
17439
17440
17441
17442
17443
17444
17445
17446
17447
17448
17449
17456
17457
17458
17459
17460
17461
17462
17463
17464
17465
17466
17475
17476
17477
17478
17479
17480
17481
17482
17483
17484
17485
17493
17494
17495
17496
17497
17498
17499
17500
17501
17502
17503
17510
17511
17512
17513
17514
17515
17516
17517
17518
17519
17520
17521
17528
17529
17530
17531
17532
17533
17534
17535
17536
17537
17538
17545
17546
17547
17548
17549
17550
17551
17552
17553
17554
17555
17556
17564
17565
17566
17567
17568
17569
17570
17571
17572
17573
17574
17575
17583
17584
17585
17586
17587
17588
17589
17590
17591
17592
17593
17594
17602
17603
17604
17605
17606
17607
17608
17609
17610
17611
17612
17613
17621
17622
17623
17624
17625
17626
17627
17628
17629
17630
17631
17632
17641
17642
17643
17644
17645
17646
17647
17648
17649
17650
17651
17652
17659
17660
17661
17662
17663
17664
17665
17666
17667
17668
17676
17677
17678
17679
17680
17681
17682
17683
17684
17685
17686
17694
17695
17696
17697
17698
17699
17700
17701
17702
17703
17704
17713
17714
17715
17716
17717
17718
17719
17720
17721
17722
17723
17724
17731
17732
17733
17734
17735
17736
17737
17738
17739
17740
17741
17748
17749
17750
17751
17752
17753
17754
17755
17756
17757
17758
17759
17767
17768
17769
17770
17771
17772
17773
17774
17775
17776
17777
17785
17786
17787
17788
17789
17790
17791
17792
17793
17794
17795
17802
17803
17804
17805
17806
17807
17808
17809
17810
17811
17812
17813
17820
17821
17822
17823
17824
17825
17826
17827
17828
17829
17830
17838
17839
17840
17841
17842
17843
17844
17845
17846
17847
17848
17856
17857
17858
17859
17860
17861
17862
17863
17864
17865
17866
17867
17875
17876
17877
17878
17879
17880
17881
17882
17883
17884
17885
17893
17894
17895
17896
17897
17898
17899
17900
17901
17902
17903
17904
17912
17913
17914
17915
17916
17917
17918
17919
17920
17921
17922
17930
17931
17932
17933
17934
17935
17936
17937
17938
17939
17940
17941
17949
17950
17951
17952
17953
17954
17955
17956
17957
17958
17959
17966
17967
17968
17969
17970
17971
17972
17973
17974
17975
17976
17985
17986
17987
17988
17989
17990
17991
17992
17993
17994
17995
18003
18004
18005
18006
18007
18008
18009
18010
18011
18012
18013
18021
18022
18023
18024
18025
18026
18027
18028
18029
18030
18031
18038
18039
18040
18041
18042
18043
18044
18045
18046
18047
18055
18056
18057
18058
18059
18060
18061
18062
18063
18064
18072
18073
18074
18075
18076
18077
18078
18079
18080
18081
18088
18089
18090
18091
18092
18093
18094
18095
18096
18097
18098
18099
18105
18106
18107
18108
18109
18110
18111
18112
18113
18114
18115
18124
18125
18126
18127
18128
18129
18130
18131
18132
18133
18134
18141
18142
18143
18144
18145
18146
18147
18148
18149
18150
18151
18156
18159
18160
18161
18162
18163
18164
18165
18166
18167
18168
18169
18175
18176
18177
18178
Coefficient of the plane:
0.00074296 -0.999999 -0.00143885 -39.6657
Inliers Indices
Indices Size:
874
Data:
16
17
18
19
20
21
22
23
24
25
26
27
28
29
30
31
32
33
34
35
36
37
38
44
45
46
47
48
49
50
51
52
53
72
77
78
79
80
81
82
83
84
85
86
87
88
89
90
91
92
93
94
95
101
102
103
104
105
106
107
108
109
110
111
112
113
114
131
136
142
143
144
145
146
147
148
149
150
151
152
153
154
155
156
157
158
159
160
169
173
174
175
176
177
178
179
180
181
182
183
184
185
186
187
188
189
190
191
199
200
211
212
213
214
215
216
217
218
219
220
221
222
223
224
225
226
227
228
229
230
231
232
233
239
243
244
245
246
247
248
249
250
251
252
253
254
255
256
257
258
259
260
261
262
271
272
273
274
275
276
277
278
279
280
281
282
283
284
290
291
292
293
294
295
296
297
311
312
313
314
315
316
317
318
319
320
321
322
323
324
325
326
327
328
329
330
331
350
351
352
353
354
355
356
357
358
359
360
361
362
382
387
393
397
402
408
409
413
417
422
423
429
432
436
437
442
443
447
448
453
454
455
456
457
458
459
460
461
462
463
464
470
475
481
482
488
492
498
499
505
510
516
520
524
533
538
543
544
549
553
559
560
564
569
576
581
585
589
590
594
598
602
606
610
615
616
620
625
629
630
636
641
646
657
663
669
675
681
686
691
697
698
704
709
715
716
723
728
734
735
741
745
751
757
762
767
768
774
777
783
789
794
801
802
807
812
818
819
824
829
835
840
845
851
857
862
868
874
879
885
886
891
896
902
903
909
914
920
921
926
930
935
941
946
952
953
957
962
968
974
979
985
991
996
1002
1009
1014
1020
1021
1027
1032
1038
1043
1048
1054
1055
1061
1066
1073
1074
1080
1085
1091
1096
1101
1107
1112
1117
1123
1127
1132
1137
1138
1143
1147
1153
1158
1163
1170
1171
1177
1181
1187
1188
1193
1198
1204
1210
1215
1221
1222
1229
1234
1240
1246
1251
1257
1263
1268
1275
1281
1286
1293
1294
1299
1304
1310
1316
1321
1327
1332
1337
1344
1345
1350
1355
1361
1362
1367
1368
1373
1379
1380
1384
1389
1395
1399
1404
1410
1414
1419
1425
1429
1434
1440
1446
1451
1457
1458
1463
1468
1473
1474
1478
1479
1483
1489
1494
1499
1506
1507
1512
1517
1523
1527
1532
1538
1539
1543
1548
1554
1559
1564
1570
1574
1579
1585
1589
1594
1600
1605
1610
1616
1617
1621
1626
1632
1633
1637
1642
1648
1653
1658
1664
1669
1674
1680
1686
1690
1696
1697
1702
1707
1713
1717
1718
1723
1729
1734
1739
1745
1751
1756
1762
1766
1771
1777
1778
1783
1788
1794
1798
1803
1809
1810
1814
1819
1825
1830
1835
1841
1845
1850
1856
1861
1866
1872
1876
1881
1887
1888
1892
1897
1903
1907
1912
1918
1922
1927
1934
1939
1944
1950
1954
1959
1965
1969
1974
1980
1981
1985
1990
1996
2002
2007
2013
2018
2023
2029
2030
2036
2041
2047
2052
2057
2063
2068
2073
2079
2084
2089
2095
2101
2106
2112
2117
2118
2123
2129
2133
2138
2144
2148
2153
2160
2164
2169
2175
2180
2183
2187
2188
2191
2195
2199
2202
2206
2210
2213
2217
2221
2222
2225
2229
2233
2236
2239
2243
2246
2250
2254
2257
2261
2265
2268
2269
2273
2277
2280
2284
2288
2289
2292
2296
2300
2303
2307
2311
2314
2318
2322
2325
2329
2333
2334
2337
2341
2345
2348
2352
2356
2359
2363
2367
2370
2371
2375
2379
2382
2386
2390
2391
2394
2398
2402
2405
2409
2413
2417
2421
2425
2426
2429
2433
2437
2438
2441
2445
2449
2450
2453
2457
2461
2464
2468
2472
2473
2477
2480
2484
2487
2491
2495
2498
2502
2506
2509
2513
2517
2520
2524
2528
2531
2535
2539
2543
2547
2551
2554
2558
2562
2566
2569
2573
2574
2577
2581
2585
2586
2590
2594
2598
2601
2605
2609
2612
2616
2620
2622
2626
2630
2633
2634
2638
2642
2643
2646
2650
2654
2655
2658
2662
2666
2670
2673
2677
2680
2684
2688
2691
2695
2699
2702
2706
2710
2713
2717
2721
2722
2725
2729
2733
2737
2741
2745
2749
2753
2757
2760
2764
2768
2769
2772
2776
2780
2781
2785
2788
2792
2793
2796
2797
2801
2806
2808
2812
2816
2818
2822
2826
2829
2833
2837
2841
2844
2848
2849
2852
2856
2860
2863
2867
2871
2872
2875
2879
2883
2886
2890
2894
2899
2902
2906
2909
2913
2917
2920
2924
2928
2932
2936
2940
2943
2947
2951
2955
2959
2963
2966
2970
2974
2978
2982
2986
2989
2993
2997
3000
3004
3008
3011
3015
3019
3023
3027
3033
3034
3038
3044
3048
3052
3054
3058
3062
3064
3067
3071
3074
3078
3082
3083
3086
3090
3094
3097
3101
3105
3108
3112
3116
3120
3121
3125
3132
