0.008303161379
0.006011363848
0.004870646226
0.004144395964
0.003682834624
0.00336833476
0.003126495323
0.002936457903
0.002760926458
0.00260772641
0.002480861398
0.002288600532
0.002124748326
0.001990265215
0.001888215304
0.001749607428
0.001643785787
0.001551984176
0.001453041943
0.001351166348
0.001267928833
0.001185610769
0.001107407662
0.001043929579
0.0009763264506
0.0009154533352
0.0008552407991
0.00080150161
0.000749042413
0.0006997800818
0.0006543907401
0.00061054251
0.0005716236681
0.0005348461501
0.0005009105169
0.0004696763576
0.0004402338315
0.0004134398839
0.0003888499303
0.0003653303403
0.0003434092899
0.0003231649849
0.0003046257205
0.0002868938465
0.0002713872913
0.0002569494229
0.0002439457764
0.0002320430438
0.0002214994263
0.0002117640829
0.000203027375
0.0001939053482
0.0001844733289
0.0001753277812
0.0001661442381
0.0001579378794
0.0001516762519
0.0001472503795
0.0001435253337
0.0001416530407
0.000140202896
0.0001395140199
0.0001410156268
0.000144120094
0.0001490769659
0.0001555824393
0.0001635734207
0.0001714250134
0.0001792979778
0.0001870901788
0.0001948089458
0.0002014468683
0.0002052543572
0.0002060682901
0.0002025665076
0.0001925042605
0.0001774116616
0.0001650555101
0.0001600694523
0.0001653922239
0.0001787571161
0.0001953787975
0.000216269565
0.0002391891089
0.0002602954673
0.000287074724
0.0003200787413
0.0003600647892
0.0004050944085
0.0004472446702
0.0004886509894
0.000520340028
