532.7527582
347.1881496
274.9869082
234.3916009
207.6121518
188.2801057
173.4908897
161.7096738
152.0402747
143.9200941
136.9759487
125.6548016
116.7475785
109.5036181
103.4628756
96.02934027
90.0027834
84.98930901
79.45219945
73.85444271
69.30138005
64.81779471
60.55484647
57.04334509
53.32332022
49.94758876
46.64590984
43.72823688
40.97029772
38.41103145
36.06323846
33.74024662
31.67821561
29.71886771
27.89556039
26.1801466
24.56142784
23.09103675
21.69565547
20.4004166
19.20019778
18.09103876
17.05945586
16.09893353
15.20644902
14.38037532
13.61930165
12.91471689
12.26819495
11.67488824
11.12840484
10.63014772
10.17640853
9.763185758
9.389921934
9.05461246
8.754500692
8.488413578
8.254848066
8.051772541
7.878800488
7.734547026
7.618436121
7.530106001
7.469455495
7.436741804
7.432667253
7.458342397
7.515396919
7.60604963
7.733124887
7.900273217
8.111813575
8.373045326
8.690213703
9.070755671
9.523219573
10.05745339
10.68497586
11.41881803
12.27377554
13.26685329
14.41726758
15.74702704
17.28106243
19.04771259
21.07940467
23.41298083
26.09069469
29.16048168
32.67739117
36.70410287
