568.5399398
342.4648377
261.4178688
218.090125
190.4737285
171.029017
156.4331124
144.9779085
135.688436
127.9641759
121.4131889
110.83807
102.6063017
95.96680012
90.46645281
83.74133911
78.32268172
73.83669143
68.90398885
63.93926377
59.91641724
55.96752439
52.22374315
49.14722785
45.89468632
42.94860721
40.07166296
37.53261764
35.13503824
32.91196717
30.87379509
28.85796206
27.06895641
25.36906391
23.78692638
22.29787274
20.89196435
19.61391183
18.39988407
17.27163462
16.22466135
15.25550595
14.3523963
13.50963491
12.72459278
11.99589295
11.32238528
10.69664354
10.12019427
9.588883369
9.097146074
8.64642751
8.233594341
7.855219997
7.51101752
7.199381544
6.917980306
6.665925467
6.441985921
6.244351974
6.072726254
5.925736476
5.802672636
5.702882979
5.625779825
5.570888485
5.537942676
5.526703117
5.537115901
5.569240511
5.623253898
5.699505155
5.798408563
5.920539211
6.066572345
6.237345729
6.433768625
6.656853946
6.907812025
7.187914637
7.498530902
7.841211084
8.217593553
8.629501118
9.078867021
9.567765628
10.09847042
10.67339419
11.29518449
11.96661818
12.69074651
13.47080325
