0.001161297929
0.002322595859
0.003483893788
0.004645191717
0.005806489646
0.006967787576
0.008129085505
0.009290383434
0.01045168136
0.01161297929
0.01277427722
0.01393557515
0.01509687308
0.01625817101
0.01741946894
0.01858076687
0.0197420648
0.02090336273
0.02206466066
0.02322595859
0.02438725651
0.02554855444
0.02670985237
0.0278711503
0.02903244823
0.03019374616
0.03135504409
0.03251634202
0.03367763995
0.03483893788
0.03600023581
0.03716153374
0.03832283167
0.0394841296
0.04064542752
0.04180672545
0.04296802338
0.04412932131
0.04529061924
0.04645191717
0.0476132151
0.04877451303
0.04993581096
0.05109710889
0.05225840682
0.05341970475
0.05458100268
0.05574230061
0.05690359853
0.05806489646
0.05922619439
0.06038749232
0.06154879025
0.06271008818
0.06387138611
0.06503268404
0.06619398197
0.0673552799
0.06851657783
0.06967787576
0.07083917369
0.07200047162
0.07316176954
0.07432306747
0.0754843654
0.07780696126
0.07896825919
0.08012955712
0.08129085505
0.08361345091
0.08477474884
0.08593604677
0.08825864263
0.08941994055
0.09058123848
0.09290383434
0.09406513227
0.09638772813
0.09754902606
0.09987162192
0.1010329198
0.1033555157
0.1056781116
0.1068394095
0.1091620054
0.1114846012
0.1126458991
0.114968495
0.1172910909
0.1196136867
0.1219362826
0.1242588784
0.1254201764
0.1277427722
0.1300653681
0.1335492619
0.1358718577
0.1381944536
0.1405170494
0.1428396453
0.1451622412
0.1486461349
0.1509687308
0.1532913267
0.1567752205
0.1590978163
0.1625817101
0.164904306
0.1683881997
0.1718720935
0.1741946894
0.1776785832
0.181162477
0.1846463708
0.1881302645
0.1916141583
0.1950980521
0.1985819459
0.2020658397
0.2055497335
0.2090336273
0.213678819
0.2171627128
0.2206466066
0.2252917983
0.2287756921
0.2334208838
0.2380660755
0.2427112672
0.246195161
0.2508403527
0.2554855444
0.2601307362
0.2647759279
0.2705824175
0.2752276092
0.279872801
0.2856792906
0.2903244823
0.296130972
0.3007761637
0.3065826533
0.312389143
0.3181956326
0.3240021223
0.3298086119
0.3356151016
0.3425828891
0.3483893788
0.3553571664
0.361163656
0.3681314436
0.3750992312
0.3820670187
0.3890348063
0.3960025939
0.4029703815
0.409938169
0.4180672545
0.4250350421
0.4331641276
0.4412932131
0.4494222986
0.4575513841
0.4656804696
0.4749708531
0.4830999386
0.492390322
0.5016807054
0.5109710889
0.5202614723
0.5295518558
0.5388422392
0.5492939205
0.558584304
0.5690359853
0.5794876667
0.591100646
0.6015523274
0.6120040087
0.623616988
0.6352299673
0.6468429466
0.6584559259
0.6712302031
0.6828431824
0.6956174596
0.7083917369
0.7211660141
0.7351015892
0.7478758665
0.7618114416
0.7757470168
0.7896825919
0.804779465
0.8198763381
0.8349732112
0.8500700842
0.8651669573
0.8814251283
0.8976832993
0.9139414703
0.9313609393
0.9476191103
0.9650385792
0.9836193461
1.001038815
1.019619582
1.038200349
1.057942414
1.07652318
1.096265245
1.117168608
1.136910673
1.157814035
1.179878696
1.200782059
1.22284672
1.246072678
1.268137339
1.291363297
1.315750554
1.34013781
1.364525067
1.390073621
1.415622176
1.44117073
1.467880583
1.494590435
1.522461585
1.550332736
1.578203886
1.607236334
1.63743008
1.667623826
1.697817573
1.729172617
1.760527661
1.793044003
1.825560345
1.859237985
1.894076923
1.928915861
1.963754798
1.999755034
2.036916568
2.074078102
2.112400933
2.150723765
2.190207895
2.230853322
2.27149875
2.313305475
2.356273499
2.399241522
2.443370843
2.488661462
2.533952082
2.581565297
2.628017214
2.676791727
2.72556624
2.775502051
2.82659916
2.878857567
2.932277271
2.985696976
3.040277979
3.097181577
3.154085176
3.210988774
3.270214969
3.330602461
3.392151251
3.453700042
3.517571428
3.582604112
3.648798094
3.714992076
3.783508654
3.853186529
3.924025703
3.996026175
4.069187944
4.14467231
4.220156675
4.297963636
4.376931895
4.457061453
4.539513606
4.623127056
4.707901805
4.79499915
4.883257793
4.972677733
5.06442027
5.157324104
5.251389236
5.347776964
5.446487288
5.54635891
5.648553128
5.753069942
5.858748053
5.965587463
6.075910766
6.187395367
6.301202564
6.417332357
6.534623448
6.655398433
6.777334715
6.901593594
7.029336366
7.158240436
7.289467102
7.424177662
7.56004952
7.699405271
7.841083618
7.985084562
8.131408101
8.281215534
8.433345562
8.587798187
8.745734705
8.907155118
9.070898126
9.236963729
9.407674525
9.580707917
9.756063904
9.936065083
10.11838886
10.30419653
10.49348809
10.68626355
10.88368419
11.08342744
11.28665457
11.4945269
11.70588313
11.92072324
12.14020855
12.36317776
12.59079215
12.82189044
13.05763392
13.29802259
13.54189515
13.79157421
14.04473716
14.3025453
14.56615993
14.83325845
15.10616346
15.38371367
15.66707036
15.95507225
16.24888063
16.54733419
16.85159425
17.1604995
17.47637254
17.79805206
18.12553808
18.45883059
18.79792958
19.14283507
19.49470834
19.8535494
20.21819695
20.58981229
20.96839541
21.35394632
21.74646502
22.14711281
22.55356708
22.96815045
23.39086289
23.82054313
24.25835244
24.70429085
25.15835834
25.62171621
26.09204188
26.57165792
27.06056435
27.55759986
28.06508706
28.58070334
29.10561
29.64096835
30.18561708
30.74071749
31.30626958
31.88227335
32.46756751
33.06447464
33.67299476
34.29196655
34.92255133
35.56474908
36.21855982
36.88398353
37.56218152
38.25315379
38.95573904
39.67225986
40.40155496
41.14362434
41.90079059
42.67073111
43.45576851
44.25474149
45.06765004
45.89681676
46.73991906
47.59927953
48.47489816
49.36561368
50.27374866
51.19814181
52.13879313
53.09802522
54.07351548
55.06758651
56.0802383
57.11147086
58.16128419
59.23083958
60.31897574
61.42801527
62.55795815
63.7076431
64.87939271
66.07204569
67.28676332
68.52354562
69.78355387
71.06678808
72.37324825
73.70293438
75.05816906
76.437791
77.8441228
79.27484184
80.73227075
82.2164095
83.7284194
85.26713916
86.83489136
88.43167602
90.05749312
91.71234267
93.39854726
95.1161069
96.86502158
98.6452913
100.4592387
102.3057024
104.187005
106.1019853
108.0529658
110.0399466
112.0629276
114.1230701
116.2203742
118.3571624
120.5334347
122.7491911
125.0067543
127.3049629
129.6449782
132.0279616
134.4562355
136.9274775
139.4451715
142.008156
144.619915
147.278126
149.9862728
152.743194
155.5512124
158.4114892
161.3240244
164.2899794
167.3105153
170.3856322
173.518814
176.7088994
179.9570497
183.2655875
186.6356741
190.0661482
193.5604937
197.1187105
200.7431214
204.4337262
208.1928476
212.0204855
215.9178014
219.8871177
223.9295958
228.046397
232.2398438
236.508775
240.8578357
245.2858647
249.7951846
254.3869566
259.0646647
263.8271475
268.6778889
273.616889
278.6476316
283.7701168
288.9878284
294.3007664
299.7112535
305.2216122
310.8330038
316.5477509
322.3670148
328.2931181
334.3295448
340.4762947
346.7356905
353.1100549
359.6017103
366.2129794
372.9461848
379.8024878
386.7853722
393.8959994
401.1378533
408.5120952
416.0233702
423.6716783
431.4605036
439.3933297
447.4713181
455.6979526
464.0755559
472.6076118
481.2964429
490.1455331
499.1560438
508.3337813
517.6787457
527.1967436
536.8889361
546.7588072
556.811002
567.0478433
577.4728148
588.0905618
598.9022455
609.9125112
621.126004
632.5450465
644.174284
656.0172003
668.0784405
680.3603274
692.8686674
705.6069444
718.5798036
731.7907288
745.2443653
758.9453583
772.8983529
787.1079944
801.5789279
816.3157986
831.3244131
846.6082551
862.17197
878.0236867
894.1657279
910.6050614
927.3463323
944.3953472
961.7579126
979.4398349
997.4469205
1015.783815
1034.459808
1053.477223
1072.84535
1092.569995
1112.656966
1133.112067
1153.944591
1175.159181
1196.765129
1218.76708
1241.174323
1263.992666
1287.231399
1310.896329
1334.996744
1359.540776
1384.535392
1409.989881
1435.912373
1462.312159
1489.196206
1516.574966
1544.456568
1572.851464
1601.767782
1631.215975
1661.205333
1691.746307
1722.849349
1754.52375
1786.779962
1819.629596
1853.083106
1887.152103
1921.84704
1957.17953
1993.162346
2029.805941
2067.12425
2105.127724
2143.830301
2183.244752
2223.382693
2264.259218
2305.887104
2348.280285
2391.453858
2435.419436
