14.60938201
9.375165561
7.279235524
6.281456751
5.531906938
5.06443944
4.657444002
4.352099537
4.087536734
3.870830469
3.687140169
3.384841739
3.145214196
2.951214628
2.789378816
2.590414874
2.428573527
2.295448468
2.148339637
1.998640325
1.87570751
1.755197939
1.640471961
1.54564903
1.444717118
1.354020102
1.264487439
1.185316563
1.110948374
1.041844772
0.9773140578
0.9128402392
0.8552003231
0.7997924928
0.7493109833
0.7022298697
0.6578474442
0.6179896908
0.5794645317
0.5416511019
0.5054487128
0.4710012214
0.4381158779
0.4073714621
0.3798070727
0.3551976162
0.3339425691
0.3134103157
0.2937549335
0.2750207238
0.2562864386
0.2392643775
0.2234867073
0.2094605021
0.1976117062
0.1868066155
0.1761246565
0.1664178959
0.1564733403
0.1481218774
0.1413310801
0.1348406227
0.1277732858
0.1221001424
0.1165541133
0.1126872504
0.1099565441
0.1085560624
0.1057237071
0.1020771189
0.0975339516
0.09184279585
0.0867315319
0.08273051407
0.07943360435
0.07615835742
0.07308384133
0.06884267742
0.06442232359
0.06102336361
0.05809407682
0.05452301163
0.05221672823
0.05117972782
0.04776562949
0.04352109816
0.03748352739
0.03117568117
0.02770223189
0.02381963517
0.01771942596
0.009144126045
