6.330085599e-09
9.554316021e-09
1.297374823e-08
1.631303641e-08
1.937298859e-08
2.21816901e-08
2.481604827e-08
2.733854633e-08
2.979153668e-08
3.219886243e-08
3.457366294e-08
3.692109039e-08
3.924162482e-08
4.15328073e-08
4.379040003e-08
4.601003426e-08
4.818830261e-08
5.032295444e-08
5.241273117e-08
5.445719626e-08
5.645685495e-08
5.841276315e-08
6.032627255e-08
6.219895329e-08
6.403249537e-08
6.582865687e-08
6.758923182e-08
6.931603558e-08
7.101084844e-08
7.267539283e-08
7.431130766e-08
7.592015862e-08
7.750343713e-08
7.906254051e-08
8.059874554e-08
8.211321744e-08
8.360702131e-08
8.508113564e-08
8.653645386e-08
8.797379287e-08
8.939390927e-08
9.079752011e-08
9.218530954e-08
9.355792794e-08
9.491598367e-08
9.626004316e-08
9.759063067e-08
9.890823995e-08
1.002133399e-07
1.015063741e-07
1.027877568e-07
1.040578732e-07
1.053170841e-07
1.065657272e-07
1.078041239e-07
1.090325759e-07
1.102513648e-07
1.114607519e-07
1.126609828e-07
1.138522978e-07
1.150349324e-07
1.162091138e-07
1.173750604e-07
1.185329779e-07
1.196830632e-07
1.219604999e-07
1.230882205e-07
1.242088435e-07
1.253225327e-07
1.275297257e-07
1.286235158e-07
1.297109446e-07
1.318672021e-07
1.329362595e-07
1.339994102e-07
1.361083573e-07
1.371543114e-07
1.392295283e-07
1.402589159e-07
1.423015336e-07
1.433148707e-07
1.453258525e-07
1.473162098e-07
1.483037597e-07
1.502638098e-07
1.522040452e-07
1.531668231e-07
1.550778883e-07
1.5696988e-07
1.588430788e-07
1.606977547e-07
1.625341732e-07
1.634456178e-07
1.652551353e-07
1.670470207e-07
1.697022655e-07
1.714510099e-07
1.731828514e-07
1.748979772e-07
1.765965594e-07
1.782787572e-07
1.807716469e-07
1.824134934e-07
1.840394112e-07
1.864486479e-07
1.880351907e-07
1.903858213e-07
1.919335752e-07
1.942264089e-07
1.96484936e-07
1.979716993e-07
2.001736529e-07
2.023420049e-07
2.044770288e-07
2.065790056e-07
2.086482086e-07
2.106848981e-07
2.126893087e-07
2.146616485e-07
2.166021214e-07
2.185109259e-07
2.210070514e-07
2.228426454e-07
2.246471233e-07
2.270049324e-07
2.2873733e-07
2.309994604e-07
2.332072732e-07
2.353610173e-07
2.369409755e-07
2.39000611e-07
2.410067362e-07
2.429595407e-07
2.448592242e-07
2.471594417e-07
2.489403607e-07
2.506688353e-07
2.527560071e-07
2.543672791e-07
2.563086702e-07
2.57803919e-07
2.596010573e-07
2.613187507e-07
2.629575129e-07
2.645178698e-07
2.660003742e-07
2.674055953e-07
2.689906552e-07
2.702278841e-07
2.716130776e-07
2.726852339e-07
2.738741696e-07
2.749576496e-07
2.759368456e-07
2.768129431e-07
2.77587146e-07
2.78260694e-07
2.788348646e-07
2.79380875e-07
2.797442407e-07
2.800479788e-07
2.80224366e-07
2.802756648e-07
2.802042338e-07
2.800125337e-07
2.796494163e-07
2.792085605e-07
2.785675557e-07
2.777841053e-07
2.768623343e-07
2.758064928e-07
2.746208851e-07
2.73309823e-07
2.716903011e-07
2.701270662e-07
2.68235066e-07
2.66208048e-07
2.638053033e-07
2.615144233e-07
2.59108554e-07
2.563083163e-07
2.533828319e-07
2.503408068e-07
2.471908618e-07
2.436114682e-07
2.402625991e-07
2.364847704e-07
2.326190023e-07
2.28676037e-07
2.242989123e-07
2.202281343e-07
2.157354643e-07
2.112007141e-07
2.066358468e-07
2.016700031e-07
1.966965046e-07
1.917288891e-07
1.867801417e-07
1.818626087e-07
1.766151008e-07
1.714310698e-07
1.663233138e-07
1.609487949e-07
1.560356793e-07
1.508936473e-07
1.455600319e-07
1.407118292e-07
1.357124199e-07
1.308991252e-07
1.259969877e-07
1.215887987e-07
1.171284971e-07
1.126603554e-07
1.086824514e-07
1.047264717e-07
1.008337966e-07
9.74099377e-08
9.406804796e-08
9.084309219e-08
8.804709614e-08
8.537321907e-08
8.284776093e-08
8.059449982e-08
7.85958379e-08
7.675575271e-08
7.515544661e-08
7.37752302e-08
7.254693142e-08
7.151749886e-08
7.063386948e-08
6.992360008e-08
6.936584269e-08
6.892509728e-08
6.859461062e-08
6.836985647e-08
6.822643038e-08
6.813839864e-08
6.808785498e-08
6.805027647e-08
6.800451928e-08
6.792612255e-08
6.779075549e-08
6.758229834e-08
6.728697564e-08
6.688037916e-08
6.634606998e-08
6.569325212e-08
6.489827629e-08
6.3986285e-08
6.293517699e-08
6.175014654e-08
6.047888618e-08
5.910253711e-08
5.763891147e-08
5.614985581e-08
5.461876316e-08
5.306987061e-08
5.156605947e-08
5.005458049e-08
4.866508208e-08
4.730968443e-08
4.606915357e-08
4.492259305e-08
4.387879944e-08
4.294222518e-08
4.211271199e-08
4.139973914e-08
4.077546729e-08
4.021691201e-08
3.973065758e-08
3.929442617e-08
3.887107193e-08
3.845042623e-08
3.801445743e-08
3.75570636e-08
3.705008194e-08
3.649547623e-08
3.589188208e-08
3.525436979e-08
3.456847164e-08
3.385652153e-08
3.313203326e-08
3.240934034e-08
3.170227419e-08
3.101263932e-08
3.037107979e-08
2.976392134e-08
2.920356825e-08
2.868820451e-08
2.820597694e-08
2.775621251e-08
2.732886416e-08
2.690811256e-08
2.649044088e-08
2.606860219e-08
2.563288014e-08
2.518785399e-08
2.473573746e-08
2.427570495e-08
2.381417732e-08
2.336323591e-08
2.292339721e-08
2.249894482e-08
2.209607704e-08
2.171341012e-08
2.134011046e-08
2.09803151e-08
2.062599724e-08
2.027380575e-08
1.992524567e-08
1.957321186e-08
1.922579463e-08
1.888179947e-08
1.854062452e-08
1.82105802e-08
1.788978436e-08
1.757577484e-08
1.727292162e-08
1.697441882e-08
1.668137758e-08
1.63927194e-08
1.610798499e-08
1.582551236e-08
1.554852644e-08
1.527772791e-08
1.501154652e-08
1.475030659e-08
1.449545576e-08
1.424635978e-08
1.399928534e-08
1.375750527e-08
1.352094465e-08
1.328694331e-08
1.305874042e-08
1.283477087e-08
1.261505696e-08
1.239942383e-08
1.218670474e-08
1.197945455e-08
1.177609653e-08
1.157571725e-08
1.137943839e-08
1.118705274e-08
1.099786001e-08
1.081255538e-08
1.063018112e-08
1.04519353e-08
1.027668145e-08
1.010476038e-08
9.936672524e-09
9.770698324e-09
9.608671681e-09
9.450058105e-09
9.293688771e-09
9.140957527e-09
8.990906638e-09
8.844040333e-09
8.699509377e-09
8.557886368e-09
8.419044449e-09
8.283431309e-09
8.150168726e-09
8.020047596e-09
7.892127167e-09
7.766881321e-09
7.644097237e-09
7.523930033e-09
7.406250514e-09
7.290982094e-09
7.178274422e-09
7.067708814e-09
6.959662073e-09
6.853868871e-09
6.750215433e-09
6.64894844e-09
6.549881637e-09
6.452406173e-09
6.357674792e-09
6.264789135e-09
6.173673288e-09
6.085293078e-09
5.998824907e-09
5.914387075e-09
5.831970829e-09
5.751113414e-09
5.672924854e-09
5.59621521e-09
5.521367826e-09
5.448599958e-09
5.377482996e-09
5.308139248e-09
5.240849528e-09
5.175282207e-09
5.111384904e-09
5.049272698e-09
4.988855164e-09
4.930102543e-09
4.873120215e-09
4.817583489e-09
4.76376513e-09
4.711572533e-09
4.661127894e-09
4.611810281e-09
4.564240098e-09
4.518538309e-09
4.474349814e-09
4.43173034e-09
4.390545203e-09
4.350893298e-09
4.312677742e-09
4.276077571e-09
4.241027444e-09
4.207330541e-09
4.17509298e-09
4.144362066e-09
4.11492199e-09
4.086705013e-09
4.060123354e-09
4.034696121e-09
4.010490541e-09
3.987821506e-09
3.966622953e-09
3.946497751e-09
3.927669274e-09
3.910143796e-09
3.893741921e-09
3.878480467e-09
3.864693735e-09
3.851781238e-09
3.840019063e-09
3.829374327e-09
3.819762626e-09
3.811264849e-09
3.803816377e-09
3.797461559e-09
3.79215302e-09
3.787893869e-09
3.784476165e-09
3.781978137e-09
3.780334571e-09
3.779610939e-09
3.779710777e-09
3.780535866e-09
3.782188947e-09
3.784837123e-09
3.788317848e-09
3.792504425e-09
3.797372102e-09
3.802912554e-09
3.809001947e-09
3.815838505e-09
3.823274686e-09
3.831335128e-09
3.839946618e-09
3.849213814e-09
3.858979127e-09
3.869451229e-09
3.880353895e-09
3.891809601e-09
3.903693901e-09
3.916351152e-09
3.929408651e-09
3.943021242e-09
3.957221703e-09
3.972024107e-09
3.987034051e-09
4.002611672e-09
4.018625126e-09
4.035075191e-09
4.051863681e-09
4.0689605e-09
4.086430043e-09
4.104297021e-09
4.122468472e-09
4.140966231e-09
4.159835079e-09
4.178934578e-09
4.1984905e-09
4.218418058e-09
4.238676365e-09
4.259291326e-09
4.280201315e-09
4.301394543e-09
4.322849989e-09
4.344704044e-09
4.366935725e-09
4.389521097e-09
4.412530942e-09
4.435884945e-09
4.459599068e-09
4.483593022e-09
4.507950865e-09
4.532636809e-09
4.557658279e-09
4.582906847e-09
4.608483924e-09
4.634299803e-09
4.660349379e-09
4.686633407e-09
4.713127506e-09
4.7398223e-09
4.766714569e-09
4.793851994e-09
4.821245988e-09
4.848883428e-09
4.876825136e-09
4.905087557e-09
4.93370055e-09
4.962721206e-09
4.992102972e-09
5.021808547e-09
5.051909922e-09
5.082365033e-09
5.113211492e-09
5.144451326e-09
5.176072786e-09
5.208039297e-09
5.240372117e-09
5.273050237e-09
5.306126601e-09
5.339550091e-09
5.373346742e-09
5.407482878e-09
5.441934487e-09
5.476739286e-09
5.51185747e-09
5.547305766e-09
5.58305508e-09
5.619148177e-09
5.655583632e-09
5.692378911e-09
5.729506126e-09
5.767064689e-09
5.80494621e-09
5.843235409e-09
5.881889119e-09
5.920892287e-09
5.960357724e-09
6.000194914e-09
6.040393275e-09
6.081052514e-09
6.122085e-09
6.163466912e-09
6.205206803e-09
6.247401179e-09
6.28994785e-09
6.332774685e-09
6.375888571e-09
6.419395462e-09
6.463373435e-09
6.507742435e-09
6.552455272e-09
6.597571729e-09
6.6431456e-09
6.689254379e-09
6.73602112e-09
6.783585173e-09
6.831949278e-09
6.880996231e-09
6.930575877e-09
6.980573599e-09
7.030937943e-09
7.081620901e-09
7.132668582e-09
7.184097749e-09
7.235996847e-09
7.288431355e-09
7.341509874e-09
7.395320211e-09
7.449987121e-09
7.505553817e-09
7.56220064e-09
7.61996172e-09
7.679012527e-09
7.739085799e-09
7.800086028e-09
7.860898546e-09
7.920832819e-09
7.979270602e-09
8.035948633e-09
8.090639462e-09
8.143034993e-09
8.193133391e-09
8.240686495e-09
8.28570155e-09
8.32841955e-09
8.368771083e-09
8.406389937e-09
8.441083757e-09
8.472902025e-09
8.50205884e-09
8.528697576e-09
8.552695586e-09
8.57391857e-09
8.592324598e-09
8.607919844e-09
8.620884978e-09
8.631597423e-09
8.640217441e-09
8.646139407e-09
8.649936997e-09
8.650379813e-09
8.649583447e-09
8.64288164e-09
8.630773053e-09
8.619312733e-09
8.605725661e-09
8.586688321e-09
8.559199826e-09
8.521018515e-09
8.470851284e-09
8.40677375e-09
8.329641028e-09
8.265371347e-09
8.209236313e-09
8.160055339e-09
8.11601792e-09
8.076284497e-09
8.040222774e-09
8.00574974e-09
7.970007728e-09
7.932054728e-09
7.898864007e-09
7.863550099e-09
7.819586259e-09
7.769118834e-09
7.715706477e-09
7.661850857e-09
7.608487777e-09
7.557732438e-09
7.507114157e-09
7.457838483e-09
7.407975944e-09
7.358063497e-09
7.309690493e-09
