2.493201568e-15
1.353771525e-15
9.687258427e-16
7.73033377e-16
6.535152632e-16
5.723529425e-16
5.132850801e-16
4.681481847e-16
4.323857981e-16
4.032498205e-16
3.7898159e-16
3.584016232e-16
3.406882085e-16
3.252505711e-16
3.116525606e-16
2.995648145e-16
2.88733706e-16
2.789605736e-16
2.700874596e-16
2.619870906e-16
2.545556934e-16
2.477077505e-16
2.413721077e-16
2.354890434e-16
2.300080316e-16
2.248860143e-16
2.20086052e-16
2.155762584e-16
2.113289527e-16
2.073199778e-16
2.035281479e-16
1.999347984e-16
1.965234157e-16
1.932793305e-16
1.901894631e-16
1.872421104e-16
1.844267656e-16
1.817339672e-16
1.791551691e-16
1.766826309e-16
1.743093233e-16
1.720288465e-16
1.698353604e-16
1.677235229e-16
1.656884376e-16
1.637256067e-16
1.618308908e-16
1.600004731e-16
1.58230828e-16
1.565186931e-16
1.548610448e-16
1.532550762e-16
1.516981776e-16
1.501879193e-16
1.487220361e-16
1.472984128e-16
1.459150722e-16
1.445701637e-16
1.432619529e-16
1.419888126e-16
1.407492144e-16
1.395417212e-16
1.383649803e-16
1.37217717e-16
1.360987291e-16
1.33941103e-16
1.329003782e-16
1.318837473e-16
1.308903011e-16
1.289695573e-16
1.280406646e-16
1.271317605e-16
1.253711438e-16
1.245181265e-16
1.236824847e-16
1.220610409e-16
1.212741604e-16
1.197455644e-16
1.190029078e-16
1.175586749e-16
1.168562733e-16
1.154889633e-16
1.141692445e-16
1.135263855e-16
1.122730905e-16
1.110610629e-16
1.104698297e-16
1.093156246e-16
1.081974775e-16
1.071135608e-16
1.060621735e-16
1.050417306e-16
1.045426471e-16
1.035658777e-16
1.026165336e-16
1.012412238e-16
1.003551369e-16
9.949242405e-17
9.865208214e-17
9.783316716e-17
9.703478982e-17
9.587391058e-17
9.512331084e-17
9.439051261e-17
9.332319869e-17
9.26319746e-17
9.162411354e-17
9.09707021e-17
9.001700944e-17
8.909354916e-17
8.849393355e-17
8.761746527e-17
8.676732759e-17
8.594223834e-17
8.514100097e-17
8.43624973e-17
8.360568112e-17
8.286957228e-17
8.215325147e-17
8.145585543e-17
8.077657267e-17
7.989772503e-17
7.925781274e-17
7.863363471e-17
7.782479201e-17
7.723494339e-17
7.646980786e-17
7.572792901e-17
7.500816405e-17
7.448220871e-17
7.379862108e-17
7.313438237e-17
7.248860677e-17
7.186046415e-17
7.109890024e-17
7.050765572e-17
6.993168018e-17
6.923221433e-17
6.868831689e-17
6.802712149e-17
6.751246697e-17
6.688621787e-17
6.627809307e-17
6.568724701e-17
6.511288829e-17
6.455427526e-17
6.401071209e-17
6.337738464e-17
6.286468527e-17
6.226667895e-17
6.178207263e-17
6.121627207e-17
6.066686027e-17
6.013307475e-17
5.961420172e-17
5.910957213e-17
5.861855819e-17
5.81405701e-17
5.759864238e-17
5.714701728e-17
5.663446861e-17
5.613668035e-17
5.565297247e-17
5.518270797e-17
5.472528941e-17
5.421753698e-17
5.378579947e-17
5.330606345e-17
5.284025867e-17
5.238774063e-17
5.194790575e-17
5.15201881e-17
5.110405641e-17
5.064913663e-17
5.025600413e-17
4.982580716e-17
4.940783314e-17
4.895708484e-17
4.856314862e-17
4.817983149e-17
4.776582806e-17
4.7363793e-17
4.697318041e-17
4.659347857e-17
4.618783616e-17
4.582951826e-17
4.544634155e-17
4.50741499e-17
4.471244924e-17
4.432928767e-17
4.398805773e-17
4.362622501e-17
4.327478142e-17
4.293326161e-17
4.257397464e-17
4.222530177e-17
4.188675592e-17
4.155788069e-17
4.123824788e-17
4.090390339e-17
4.057934066e-17
4.026411817e-17
3.993627458e-17
3.96391108e-17
3.932975157e-17
3.900960258e-17
3.87182664e-17
3.84164731e-17
3.812352288e-17
3.782151191e-17
3.75455818e-17
3.726084558e-17
3.696841278e-17
3.670039191e-17
3.642486242e-17
3.614282565e-17
3.588359467e-17
3.561798802e-17
3.53469071e-17
3.509709702e-17
3.484189743e-17
3.458211825e-17
3.433033808e-17
3.408619404e-17
3.383824378e-17
3.3597934e-17
3.336492081e-17
3.312876771e-17
3.289989112e-17
3.26684706e-17
3.244427425e-17
3.222697792e-17
3.200763706e-17
3.178676805e-17
3.157295091e-17
3.136586678e-17
3.115762379e-17
3.095600486e-17
3.075360002e-17
3.05576934e-17
3.036133196e-17
3.016488712e-17
2.997493387e-17
2.979117871e-17
2.960751744e-17
2.942426292e-17
2.924714924e-17
2.907064065e-17
2.89000856e-17
2.873030793e-17
2.856155491e-17
2.839863048e-17
2.82368558e-17
2.807644273e-17
2.792169529e-17
2.776839458e-17
2.761672105e-17
2.74705215e-17
2.732245613e-17
2.718331214e-17
2.704259686e-17
2.690714852e-17
2.677368248e-17
2.664231761e-17
2.651316307e-17
2.638631874e-17
2.62644707e-17
2.614489736e-17
2.602529026e-17
2.59106042e-17
2.580061213e-17
2.569088662e-17
2.558377399e-17
2.54793213e-17
2.537941232e-17
2.528031397e-17
2.518398418e-17
2.509044769e-17
2.50012518e-17
2.491328401e-17
2.482815853e-17
2.474588265e-17
2.466646e-17
2.458989077e-17
2.451505158e-17
2.44442377e-17
2.437525706e-17
2.430921293e-17
2.424608606e-17
2.418502174e-17
2.412693456e-17
2.407179451e-17
2.401888909e-17
2.396896179e-17
2.392197416e-17
2.387734412e-17
2.383566073e-17
2.379687923e-17
2.376053661e-17
2.372670451e-17
2.369578747e-17
2.366742782e-17
2.364167849e-17
2.361881977e-17
2.3598792e-17
2.358119738e-17
2.356643965e-17
2.355434604e-17
2.354493978e-17
2.353829109e-17
2.35342825e-17
2.353300225e-17
2.353440597e-17
2.353854679e-17
2.354534867e-17
2.355483361e-17
2.356711122e-17
2.358195936e-17
2.359961741e-17
2.361995131e-17
2.364294117e-17
2.366856497e-17
2.369702777e-17
2.372810726e-17
2.37617741e-17
2.379827331e-17
2.383761587e-17
2.387950413e-17
2.39239005e-17
2.39714257e-17
2.402142978e-17
2.407387013e-17
2.412943165e-17
2.418738526e-17
2.424806913e-17
2.431146572e-17
2.43775549e-17
2.444672528e-17
2.451813814e-17
2.459216948e-17
2.466922504e-17
2.474885449e-17
2.483102534e-17
2.491615727e-17
2.500377349e-17
2.509430175e-17
2.518725005e-17
2.528305353e-17
2.538168575e-17
2.548263537e-17
2.558683345e-17
2.569327896e-17
2.580242147e-17
2.591472254e-17
2.602915663e-17
2.614668125e-17
2.626676151e-17
2.638986336e-17
2.651544465e-17
2.664397277e-17
2.677489985e-17
2.690869446e-17
2.704480449e-17
2.718421233e-17
2.732636463e-17
2.747121841e-17
2.761872996e-17
2.776885502e-17
2.792154887e-17
2.807728033e-17
2.823600304e-17
2.839715675e-17
2.856120766e-17
2.872810747e-17
2.889780737e-17
2.907025819e-17
2.924591908e-17
2.942372203e-17
2.960463322e-17
2.978859885e-17
2.997506154e-17
3.01644732e-17
3.035677946e-17
3.055192589e-17
3.075035452e-17
3.095101642e-17
3.115484835e-17
3.136179057e-17
3.15712949e-17
3.178428079e-17
3.199971421e-17
3.221802472e-17
3.243963338e-17
3.266399791e-17
3.289153549e-17
3.312218183e-17
3.335587307e-17
3.359207847e-17
3.383167265e-17
3.407458593e-17
3.432028948e-17
3.456917972e-17
3.482118892e-17
3.507625007e-17
3.533429702e-17
3.559571073e-17
3.586041861e-17
3.612790818e-17
3.639899293e-17
3.667315954e-17
3.695033927e-17
3.723132353e-17
3.751517537e-17
3.780267713e-17
3.809332647e-17
3.838705182e-17
3.868461353e-17
3.898510042e-17
3.928926396e-17
3.959702054e-17
3.990788403e-17
4.022258417e-17
4.054063479e-17
4.086195794e-17
4.118726192e-17
4.151567553e-17
4.184789874e-17
4.218384258e-17
4.252341973e-17
4.286654455e-17
4.321350838e-17
4.356384799e-17
4.391822221e-17
4.42765354e-17
4.463832973e-17
4.500424419e-17
4.537382194e-17
4.574733055e-17
4.612467556e-17
4.650611467e-17
4.689154916e-17
4.728088241e-17
4.767401987e-17
4.807154769e-17
4.847302274e-17
4.887901665e-17
4.928875688e-17
4.970280884e-17
5.012106712e-17
5.054375195e-17
5.097043404e-17
5.140165126e-17
5.183729211e-17
5.227724757e-17
5.272141112e-17
5.317029453e-17
5.362378112e-17
5.408175688e-17
5.454411048e-17
5.501132895e-17
5.548299604e-17
5.595958698e-17
5.644068866e-17
5.692676484e-17
5.741769145e-17
5.791334731e-17
5.841389516e-17
5.891921262e-17
5.942973287e-17
5.994532554e-17
6.046586341e-17
6.099176113e-17
6.152261693e-17
6.205857105e-17
6.25997579e-17
6.314656661e-17
6.369833917e-17
6.425571856e-17
6.481830956e-17
6.538673578e-17
6.596035081e-17
6.65397659e-17
6.712458919e-17
6.771517045e-17
6.831160522e-17
6.891374541e-17
6.952168366e-17
7.013550821e-17
7.075507001e-17
7.138091675e-17
7.201266012e-17
7.265037777e-17
7.329436844e-17
7.394469623e-17
7.460097916e-17
7.526372424e-17
7.593276754e-17
7.66083804e-17
7.72903961e-17
7.797907589e-17
7.867425063e-17
7.937596375e-17
8.00844622e-17
8.07997784e-17
8.15219422e-17
8.225118204e-17
8.298711898e-17
8.37303737e-17
8.448056456e-17
8.523790412e-17
8.600240367e-17
8.677445426e-17
8.755367519e-17
8.834044748e-17
8.913457977e-17
8.993643863e-17
9.074582836e-17
9.156310173e-17
9.238805915e-17
9.322086226e-17
9.406166557e-17
9.49104417e-17
9.576733602e-17
9.663231534e-17
9.75055164e-17
9.838723846e-17
9.92772665e-17
1.001757231e-16
1.010827252e-16
1.019983837e-16
1.029228041e-16
1.038560868e-16
1.047981677e-16
1.057492985e-16
1.067094082e-16
1.076787359e-16
1.08657204e-16
1.096451921e-16
1.106424618e-16
1.116492296e-16
1.126657025e-16
1.136917853e-16
1.147276751e-16
1.157734163e-16
1.168291928e-16
1.178950388e-16
1.189711259e-16
1.200573392e-16
1.211541189e-16
1.222612029e-16
1.233790155e-16
1.245074261e-16
1.256465735e-16
1.267967222e-16
1.279578636e-16
1.291301173e-16
1.30313726e-16
1.315085387e-16
1.327147877e-16
1.339326957e-16
1.351622266e-16
1.364035907e-16
1.376568666e-16
1.389222498e-16
1.401996867e-16
1.414894811e-16
1.427916883e-16
1.44106477e-16
1.454338919e-16
1.467740895e-16
1.481272192e-16
1.494934231e-16
1.508728368e-16
1.522655894e-16
1.536718035e-16
1.550917052e-16
1.565252939e-16
1.579726749e-16
1.594342676e-16
1.609099472e-16
1.624000099e-16
1.639045327e-16
1.654236908e-16
1.669576518e-16
1.685065757e-16
1.700706152e-16
1.716498167e-16
1.732446178e-16
1.748548524e-16
1.764809407e-16
1.781229978e-16
1.797811337e-16
1.814554525e-16
1.831463349e-16
1.848537748e-16
1.865781336e-16
1.883193931e-16
1.900778968e-16
1.918537053e-16
1.936471431e-16
1.95458257e-16
1.972873537e-16
1.991346414e-16
2.010002333e-16
2.028844087e-16
2.047873511e-16
2.067093208e-16
2.086504012e-16
2.106109197e-16
2.125910275e-16
2.145910325e-16
2.166110693e-16
2.186514274e-16
2.207123061e-16
2.227939756e-16
2.248966964e-16
2.270206418e-16
2.291660553e-16
2.313332478e-16
2.335224435e-16
2.357339335e-16
2.379679242e-16
2.402246883e-16
2.425045625e-16
2.448077264e-16
2.471345695e-16
2.494852539e-16
2.518601487e-16
2.542595405e-16
2.566836364e-16
2.591328447e-16
2.616074229e-16
2.641076885e-16
2.666340165e-16
2.691865688e-16
