2.672665953e-09
1.336339959e-09
8.909014036e-10
6.681849245e-10
5.345574499e-10
4.454746226e-10
3.818460034e-10
3.341263729e-10
2.970128313e-10
2.673236388e-10
2.430340517e-10
2.227942409e-10
2.056697093e-10
1.909929589e-10
1.782744911e-10
1.67147182e-10
1.573302896e-10
1.486054591e-10
1.40800305e-10
1.337769188e-10
1.274236604e-10
1.216491877e-10
1.163780442e-10
1.115473494e-10
1.071042836e-10
1.030041531e-10
9.920888567e-11
9.56858476e-11
9.24069065e-11
8.934768086e-11
8.648693508e-11
8.380608799e-11
8.128881058e-11
7.892069484e-11
7.668897932e-11
7.458232043e-11
7.259060086e-11
7.07047682e-11
6.891669839e-11
6.721907974e-11
6.56053138e-11
6.406943045e-11
6.260601488e-11
6.121014445e-11
5.987733398e-11
5.860348824e-11
5.738486046e-11
5.621801601e-11
5.509980053e-11
5.402731195e-11
5.299787571e-11
5.200902291e-11
5.105847089e-11
5.014410597e-11
4.926396812e-11
4.841623722e-11
4.759922077e-11
4.681134292e-11
4.605113456e-11
4.531722442e-11
4.460833105e-11
4.39232556e-11
4.326087522e-11
4.262013714e-11
4.20000533e-11
4.081819051e-11
4.025471688e-11
3.970850034e-11
3.917881087e-11
3.816629525e-11
3.768220302e-11
3.721210063e-11
3.631168963e-11
3.588036355e-11
3.546098873e-11
3.465633014e-11
3.427021915e-11
3.352851448e-11
3.317220761e-11
3.248702551e-11
3.215753203e-11
3.152329801e-11
3.092029181e-11
3.062987615e-11
3.007006571e-11
2.953685544e-11
2.927972276e-11
2.878346733e-11
2.831006377e-11
2.785821186e-11
2.7426709e-11
2.7014441e-11
2.681519408e-11
2.642986308e-11
2.606131741e-11
2.55380997e-11
2.520786774e-11
2.489164455e-11
2.458875029e-11
2.429854808e-11
2.40204406e-11
2.362473934e-11
2.337448773e-11
2.313450944e-11
2.279281886e-11
2.257659412e-11
2.226862756e-11
2.207369551e-11
2.179600975e-11
2.153502426e-11
2.136981527e-11
2.113447987e-11
2.091334125e-11
2.070558281e-11
2.05104453e-11
2.032722178e-11
2.015525318e-11
1.999392418e-11
1.984265968e-11
1.97009215e-11
1.95682055e-11
1.940447236e-11
1.929101927e-11
1.918512141e-11
1.905501604e-11
1.896529151e-11
1.885549604e-11
1.875626811e-11
1.866692249e-11
1.860601471e-11
1.85324625e-11
1.846715375e-11
1.840957022e-11
1.835922976e-11
1.830580885e-11
1.827017047e-11
1.824042463e-11
1.821098601e-11
1.81932263e-11
1.817776193e-11
1.817043167e-11
1.816713687e-11
1.81699166e-11
1.817832902e-11
1.819196656e-11
1.821045296e-11
1.823344065e-11
1.826651687e-11
1.829831009e-11
1.834113217e-11
1.838041678e-11
1.843153484e-11
1.848664781e-11
1.854542214e-11
1.860755256e-11
1.867275945e-11
1.874078647e-11
1.881139849e-11
1.88967593e-11
1.897225488e-11
1.906279788e-11
1.915574764e-11
1.925086716e-11
1.934794103e-11
1.944677327e-11
1.956164939e-11
1.966366908e-11
1.978178461e-11
1.990133404e-11
2.002213887e-11
2.014403805e-11
2.026688619e-11
2.039055192e-11
2.05305057e-11
2.06555285e-11
2.07967516e-11
2.093846263e-11
2.109635793e-11
2.123875106e-11
2.138132558e-11
2.153985958e-11
2.169842551e-11
2.185693872e-11
2.201532428e-11
2.218932207e-11
2.234723289e-11
2.252057583e-11
2.269348492e-11
2.286590812e-11
2.305339903e-11
2.322466722e-11
2.341081193e-11
2.359619728e-11
2.378079197e-11
2.397984702e-11
2.417791597e-11
2.437497667e-11
2.457101159e-11
2.476600721e-11
2.497482875e-11
2.518242474e-11
2.538879008e-11
2.560852781e-11
2.581234017e-11
2.60293465e-11
2.625927114e-11
2.647338195e-11
2.670023833e-11
2.692553034e-11
2.716320608e-11
2.738532109e-11
2.761965975e-11
2.786594454e-11
2.809683441e-11
2.833951936e-11
2.859372373e-11
2.883271904e-11
2.908309259e-11
2.934457285e-11
2.959104689e-11
2.984849666e-11
3.011665645e-11
3.038264431e-11
3.064650353e-11
3.092069068e-11
3.119263616e-11
3.146238682e-11
3.174210177e-11
3.20195188e-11
3.230660116e-11
3.259129032e-11
3.287363956e-11
3.316532089e-11
3.346609654e-11
3.376430974e-11
3.40600202e-11
3.436451705e-11
3.466643973e-11
3.497689031e-11
3.528470241e-11
3.560079315e-11
3.592494738e-11
3.624628816e-11
3.656488441e-11
3.689128773e-11
3.722529536e-11
3.755640551e-11
3.789490398e-11
3.823047287e-11
3.857322313e-11
3.892296694e-11
3.926965782e-11
3.962314998e-11
3.99832646e-11
4.034022141e-11
4.070362285e-11
4.107329925e-11
4.143973026e-11
4.182154402e-11
4.219076488e-11
4.257505033e-11
4.295594604e-11
4.334249e-11
4.373453357e-11
4.413193126e-11
4.453454082e-11
4.493358716e-11
4.533772426e-11
4.575530262e-11
4.61691476e-11
4.657935718e-11
4.700254996e-11
4.743019539e-11
4.786217518e-11
4.829033173e-11
4.873070939e-11
4.917508405e-11
4.962334941e-11
5.00676423e-11
5.052345102e-11
5.098284807e-11
5.144573845e-11
5.191202987e-11
5.238163267e-11
5.286181447e-11
5.333771633e-11
5.382390108e-11
5.431293664e-11
5.480474793e-11
5.530629495e-11
5.581034944e-11
5.631684537e-11
5.683256458e-11
5.735047774e-11
5.787052732e-11
5.83993216e-11
5.893002466e-11
5.94625868e-11
6.000344766e-11
6.055238823e-11
6.11028226e-11
6.166102743e-11
6.222679706e-11
6.27937286e-11
6.336179243e-11
6.394314514e-11
6.452535884e-11
6.511439608e-11
6.571007696e-11
6.630634888e-11
6.691484812e-11
6.752370519e-11
6.813863387e-11
6.876514523e-11
6.939169345e-11
7.002384898e-11
7.066698479e-11
7.130987e-11
7.196335672e-11
7.262179214e-11
7.328504691e-11
7.395299541e-11
7.463074626e-11
7.531285758e-11
7.599921611e-11
7.669480399e-11
7.739937882e-11
7.810770294e-11
7.88196796e-11
7.954504028e-11
8.027369481e-11
8.100555875e-11
8.175011515e-11
8.249755101e-11
8.325249085e-11
8.401473937e-11
8.478410648e-11
8.556498022e-11
8.634799418e-11
8.713758752e-11
8.793804229e-11
8.874466233e-11
8.955728849e-11
9.038010049e-11
9.12085373e-11
9.204671214e-11
9.289015227e-11
9.374290552e-11
9.460473055e-11
9.547128422e-11
9.635059045e-11
9.723424616e-11
9.812614181e-11
9.903002999e-11
9.993774129e-11
1.008569697e-10
1.017835575e-10
1.027211427e-10
1.036656496e-10
1.046206604e-10
1.055821802e-10
1.065537363e-10
1.075314125e-10
1.085223093e-10
1.095224914e-10
1.105317221e-10
1.115497713e-10
1.125764153e-10
1.136114369e-10
1.146580641e-10
1.157160012e-10
1.167815817e-10
1.178579635e-10
1.189448732e-10
1.200420447e-10
1.211492194e-10
1.222693784e-10
1.233957839e-10
1.245346358e-10
1.256856201e-10
1.268453108e-10
1.280165856e-10
1.291991545e-10
1.303927354e-10
1.31600067e-10
1.32814831e-10
1.340427682e-10
1.352835498e-10
1.365339472e-10
1.377994918e-10
1.390740887e-10
1.403603516e-10
1.416608027e-10
1.429723062e-10
1.442973526e-10
1.456356084e-10
1.469867494e-10
1.483477715e-10
1.497237694e-10
1.511143755e-10
1.525166129e-10
1.539327987e-10
1.553625943e-10
1.568056706e-10
1.582617079e-10
1.59732904e-10
1.612188927e-10
1.627168527e-10
1.642313898e-10
1.657596813e-10
1.673014008e-10
1.68860995e-10
1.704333115e-10
1.720227357e-10
1.736265386e-10
1.752443831e-10
1.768805057e-10
1.785299478e-10
1.801968891e-10
1.81880918e-10
1.835794298e-10
1.852964648e-10
1.870294219e-10
1.88777935e-10
1.905459113e-10
1.923286715e-10
1.941300739e-10
1.959496898e-10
1.977871029e-10
1.99641909e-10
2.015157418e-10
2.034061606e-10
2.053167814e-10
2.07247147e-10
2.091948542e-10
2.111634064e-10
2.131504097e-10
2.151573687e-10
2.171838424e-10
2.192312818e-10
2.212992252e-10
2.233872242e-10
2.25494844e-10
2.276252989e-10
2.297762875e-10
2.31950947e-10
2.34145216e-10
2.363622012e-10
2.386014175e-10
2.408641251e-10
2.431481089e-10
2.454563327e-10
2.47788286e-10
2.501434733e-10
2.525214145e-10
2.549249412e-10
2.573535232e-10
2.59806646e-10
2.622838111e-10
2.647877283e-10
2.673162695e-10
2.698720874e-10
2.724530739e-10
2.750618268e-10
2.776977934e-10
2.803604377e-10
2.830507511e-10
2.857681954e-10
2.885152237e-10
2.912912621e-10
2.940957543e-10
2.969310674e-10
2.997951712e-10
3.026889594e-10
3.05613299e-10
3.085704405e-10
3.115569742e-10
3.14576532e-10
3.176271295e-10
3.207123096e-10
3.238287283e-10
3.269798741e-10
3.301637884e-10
3.333825511e-10
3.366368661e-10
3.399261116e-10
3.432509831e-10
3.466121582e-10
3.500090186e-10
3.534447733e-10
3.569175022e-10
3.604278446e-10
3.639776658e-10
3.675675482e-10
3.711956131e-10
3.748648991e-10
3.78574743e-10
3.823269001e-10
3.86120701e-10
3.899578618e-10
3.93837709e-10
3.977607573e-10
4.017286685e-10
4.057419152e-10
4.09800962e-10
4.139073994e-10
4.180594035e-10
4.222607954e-10
4.265097473e-10
4.308077952e-10
4.351553455e-10
4.395549774e-10
4.440048835e-10
4.485076081e-10
4.530624347e-10
4.576718546e-10
4.623351413e-10
4.670547365e-10
4.718299068e-10
4.766620136e-10
4.815523931e-10
4.865013365e-10
4.915101514e-10
4.96579115e-10
5.017095096e-10
5.069035929e-10
5.121606082e-10
5.17481796e-10
5.228683788e-10
5.283215612e-10
5.338425315e-10
5.394324623e-10
5.450915557e-10
5.508219221e-10
5.566237474e-10
5.624991054e-10
5.684481685e-10
5.744739064e-10
5.805755417e-10
5.867550853e-10
5.930145193e-10
5.993539805e-10
6.057754264e-10
6.122798899e-10
6.188692928e-10
6.25544644e-10
6.323078334e-10
6.391589685e-10
6.461016773e-10
6.531351736e-10
6.602630431e-10
6.674853663e-10
6.748039597e-10
6.822214789e-10
6.897388469e-10
6.973578364e-10
7.0508105e-10
7.129085468e-10
7.208429108e-10
7.288867011e-10
7.370407974e-10
7.453077343e-10
7.536892042e-10
7.621877098e-10
7.708041083e-10
7.79541695e-10
7.884021215e-10
7.973878397e-10
8.065004866e-10
8.157424943e-10
8.251162817e-10
8.346242554e-10
8.442688106e-10
8.540523325e-10
8.639771972e-10
8.7404655e-10
8.842619678e-10
8.946258047e-10
9.051427164e-10
9.158134889e-10
9.266419814e-10
9.376305067e-10
9.487821342e-10
9.60099922e-10
9.715869179e-10
9.832461602e-10
9.950799312e-10
1.007093499e-09
1.019287634e-09
1.03166758e-09
1.044236329e-09
1.056996872e-09
1.069952194e-09
1.08310748e-09
1.096464964e-09
1.110029802e-09
1.123804224e-09
1.137793363e-09
1.152000168e-09
1.166429748e-09
1.181085043e-09
1.195971144e-09
1.211092411e-09
1.226452487e-09
1.242056433e-09
1.25790859e-09
1.274014003e-09
1.290376292e-09
1.307001195e-09
1.323893028e-09
1.341057512e-09
1.358498951e-09
1.376223051e-09
1.394234806e-09
1.412539905e-09
1.431144027e-09
1.450052153e-09
1.469269953e-09
1.488803781e-09
1.508659294e-09
1.528842831e-09
1.549360041e-09
1.570217251e-09
1.59142147e-09
1.612978332e-09
1.634895514e-09
1.657178643e-09
1.679835383e-09
1.702872712e-09
1.726296926e-09
1.750116351e-09
1.774337948e-09
1.798969355e-09
1.824018875e-09
1.849492787e-09
