0.009722705312
0.006261533649
0.004934629071
0.004194599101
0.003708939166
0.003359598812
0.003093056766
0.002881159481
0.002707526954
0.002561906116
0.002437512221
0.002234975446
0.002075848657
0.001946577696
0.001838873589
0.001706452684
0.001599188169
0.001510017508
0.001411598895
0.001312172527
0.001231354702
0.001151817815
0.001076240742
0.00101402143
0.0009481449349
0.0008884018877
0.0008300067412
0.0007784379273
0.0007297264192
0.0006845580217
0.0006431554146
0.0006022271384
0.0005659329671
0.000531483625
0.0004994650991
0.000469382094
0.0004410381855
0.0004153351293
0.0003909891952
0.0003684382991
0.0003475908231
0.0003283750394
0.0003105545038
0.0002940142491
0.0002786995683
0.0002645792083
0.0002516248049
0.0002396870604
0.0002287877342
0.0002188393254
0.0002097291449
0.0002014745802
0.0001940073876
0.0001872550655
0.0001812016341
0.000175807255
0.0001710203318
0.0001668149609
0.0001631601104
0.0001600169405
0.0001573724767
0.0001551985349
0.000153479541
0.0001522031448
0.000151360764
0.0001509488197
0.000150969533
0.0001514303027
0.0001523446352
0.0001537329247
0.0001556221244
0.0001580485379
0.000161055009
0.0001646950598
0.0001690320062
0.0001741420843
0.0001801131813
0.0001870473622
0.0001950656752
0.0002043061095
0.0002149269772
0.0002271125203
0.0002410729193
0.0002570513516
0.0002753254156
0.0002962128032
0.0003200791169
0.000347341419
0.0003784795905
0.0004140391517
0.0004546475718
0.0005010199075
