1.31141137e-14
1.670017219e-14
2.01220255e-14
2.304773047e-14
2.561374124e-14
2.793205404e-14
3.006905983e-14
3.206535716e-14
3.394694976e-14
3.573172222e-14
3.743318442e-14
3.906215159e-14
4.062722239e-14
4.213537308e-14
4.359226483e-14
4.500266333e-14
4.637063453e-14
4.769968906e-14
4.899281563e-14
5.025260737e-14
5.148133574e-14
5.268105311e-14
5.3853591e-14
5.500062036e-14
5.612365339e-14
5.722405894e-14
5.83031063e-14
5.936197455e-14
6.04017589e-14
6.142345801e-14
6.242800908e-14
6.341628818e-14
6.438910648e-14
6.534720585e-14
6.629126353e-14
6.722190436e-14
6.81397128e-14
6.904522326e-14
6.993893259e-14
7.082130453e-14
7.169277902e-14
7.255376621e-14
7.340464886e-14
7.424578739e-14
7.507752637e-14
7.59001873e-14
7.671407186e-14
7.751947015e-14
7.83166571e-14
7.910589554e-14
7.988743454e-14
8.066151085e-14
8.142834714e-14
8.218815282e-14
8.29411296e-14
8.368746802e-14
8.442734684e-14
8.516093321e-14
8.588838545e-14
8.660985472e-14
8.732548628e-14
8.803542212e-14
8.873979853e-14
8.943874593e-14
9.013239031e-14
9.150424882e-14
9.218268374e-14
9.285626284e-14
9.352509178e-14
9.484890637e-14
9.550408352e-14
9.615489456e-14
9.744377258e-14
9.808201362e-14
9.871623373e-14
9.997291617e-14
1.005955215e-13
1.018295915e-13
1.02441181e-13
1.036537773e-13
1.04254904e-13
1.054471002e-13
1.066262516e-13
1.072110688e-13
1.083714386e-13
1.095197788e-13
1.100895564e-13
1.112205558e-13
1.123404394e-13
1.13449533e-13
1.145481381e-13
1.156365344e-13
1.161769882e-13
1.172505694e-13
1.183145888e-13
1.198932178e-13
1.20934385e-13
1.219668245e-13
1.229907633e-13
1.240064227e-13
1.25014016e-13
1.265107185e-13
1.274990017e-13
1.2847988e-13
1.299376898e-13
1.309007954e-13
1.323326777e-13
1.332789531e-13
1.346862341e-13
1.360793465e-13
1.370004241e-13
1.383708431e-13
1.397281669e-13
1.410727678e-13
1.424050158e-13
1.4372527e-13
1.450338788e-13
1.463311803e-13
1.476174906e-13
1.488931043e-13
1.501583017e-13
1.518294943e-13
1.530714232e-13
1.543037944e-13
1.559324791e-13
1.57143412e-13
1.587442641e-13
1.603298522e-13
1.619006171e-13
1.630692103e-13
1.646150175e-13
1.661471038e-13
1.676658416e-13
1.691715864e-13
1.710360002e-13
1.725136933e-13
1.739793931e-13
1.757950425e-13
1.772346826e-13
1.790185194e-13
1.804332927e-13
1.821867591e-13
1.839239733e-13
1.856453691e-13
1.873513598e-13
1.890423399e-13
1.907186828e-13
1.927114582e-13
1.943567809e-13
1.963132151e-13
1.97928929e-13
1.99850609e-13
2.017539777e-13
2.036394666e-13
2.055074772e-13
2.073584095e-13
2.091926625e-13
2.11010645e-13
2.13111597e-13
2.148956621e-13
2.169580164e-13
2.190003581e-13
2.21023209e-13
2.230270557e-13
2.250123547e-13
2.272590913e-13
2.292060164e-13
2.314098944e-13
2.33591716e-13
2.357520554e-13
2.378915102e-13
2.400106747e-13
2.42110124e-13
2.444491154e-13
2.465084858e-13
2.488038097e-13
2.51077162e-13
2.535782753e-13
2.558077029e-13
2.580173526e-13
2.604500198e-13
2.62859743e-13
2.652472382e-13
2.676131435e-13
2.701914003e-13
2.725138262e-13
2.750455482e-13
2.775538961e-13
2.800395843e-13
2.827262371e-13
2.851668189e-13
2.878058397e-13
2.904211505e-13
2.930134667e-13
2.95796658e-13
2.98554504e-13
3.012877573e-13
3.039971207e-13
3.066832266e-13
3.095506496e-13
3.123925599e-13
3.152096433e-13
3.182011251e-13
3.209688295e-13
3.239089001e-13
3.270169478e-13
3.299052259e-13
3.329596298e-13
3.359875169e-13
3.391764183e-13
3.421519211e-13
3.452867475e-13
3.48576882e-13
3.516575203e-13
3.548918592e-13
3.58275915e-13
3.61454122e-13
3.647802833e-13
3.68250465e-13
3.715183014e-13
3.749284585e-13
3.784770621e-13
3.819935201e-13
3.854785138e-13
3.890963941e-13
3.926811043e-13
3.962332214e-13
3.999125738e-13
4.035575908e-13
4.07325273e-13
4.110572529e-13
4.147543855e-13
4.185693904e-13
4.224987784e-13
4.263902849e-13
4.302450298e-13
4.342102593e-13
4.381380556e-13
4.421727525e-13
4.461691253e-13
4.502688811e-13
4.544689619e-13
4.586284072e-13
4.627482085e-13
4.669647828e-13
4.712753115e-13
4.755443187e-13
4.799043504e-13
4.842224369e-13
4.886288123e-13
4.93121145e-13
4.97570621e-13
5.021039032e-13
5.067186513e-13
5.112895648e-13
5.159397245e-13
5.206670537e-13
5.253499e-13
5.302262555e-13
5.349388889e-13
5.398409915e-13
5.446972371e-13
5.496231336e-13
5.546169798e-13
5.596769761e-13
5.648012425e-13
5.698780591e-13
5.750173815e-13
5.80325095e-13
5.855828162e-13
5.90791921e-13
5.961634206e-13
6.015888237e-13
6.070662747e-13
6.124921415e-13
6.180695452e-13
6.236941448e-13
6.29364795e-13
6.34982286e-13
6.407425731e-13
6.465454838e-13
6.523900482e-13
6.582750559e-13
6.641993712e-13
6.702544914e-13
6.762528964e-13
6.823779683e-13
6.885357411e-13
6.947251131e-13
7.01033533e-13
7.073701215e-13
7.137342249e-13
7.202110006e-13
7.267120049e-13
7.332362399e-13
7.398662117e-13
7.465157408e-13
7.531838107e-13
7.599507019e-13
7.66813072e-13
7.736880946e-13
7.806534404e-13
7.877055847e-13
7.947641383e-13
8.018282768e-13
8.090486471e-13
8.162705003e-13
8.235675048e-13
8.309367423e-13
8.383027899e-13
8.458083086e-13
8.533060985e-13
8.608661546e-13
8.685552631e-13
8.762307025e-13
8.839597949e-13
8.9180744e-13
8.996359592e-13
9.075769781e-13
9.155613594e-13
9.235875392e-13
9.316542755e-13
9.398235402e-13
9.480295231e-13
9.562705683e-13
9.646060546e-13
9.730325972e-13
9.814871806e-13
9.89968838e-13
9.985935168e-13
1.007241652e-12
1.015912908e-12
1.024720208e-12
1.033547967e-12
1.042451488e-12
1.051428981e-12
1.06047833e-12
1.069651527e-12
1.078837551e-12
1.088086572e-12
1.097446873e-12
1.106861997e-12
1.116329376e-12
1.125897503e-12
1.135513758e-12
1.145226773e-12
1.154985408e-12
1.164837374e-12
1.174780617e-12
1.184765626e-12
1.194885209e-12
1.2050434e-12
1.215286204e-12
1.22565761e-12
1.236064522e-12
1.24659474e-12
1.25719986e-12
1.267919582e-12
1.278704559e-12
1.289592861e-12
1.300536783e-12
1.311574473e-12
1.322660172e-12
1.333872396e-12
1.34516343e-12
1.356525905e-12
1.367952108e-12
1.379433777e-12
1.39096224e-12
1.402566544e-12
1.414235735e-12
1.425922853e-12
1.437657679e-12
1.449435342e-12
1.461253129e-12
1.473109071e-12
1.485036183e-12
1.496965937e-12
1.508966009e-12
1.521034422e-12
1.53313742e-12
1.545309645e-12
1.55755192e-12
1.569862523e-12
1.582271567e-12
1.594716062e-12
1.607258981e-12
1.619900382e-12
1.632611263e-12
1.645450795e-12
1.658356475e-12
1.671352884e-12
1.684462878e-12
1.697651157e-12
1.710942492e-12
1.724334602e-12
1.737829064e-12
1.751398313e-12
1.765094529e-12
1.778914775e-12
1.792830321e-12
1.806863883e-12
1.82101585e-12
1.835287401e-12
1.849679938e-12
1.864216433e-12
1.878898296e-12
1.893700856e-12
1.908669336e-12
1.923774388e-12
1.939017636e-12
1.954451338e-12
1.970032132e-12
1.98580142e-12
2.00173032e-12
2.01781439e-12
2.034092858e-12
2.050505927e-12
2.067075207e-12
2.083787211e-12
2.100602838e-12
2.117562123e-12
2.134636574e-12
2.151831029e-12
2.169188496e-12
2.186656415e-12
2.204257901e-12
2.22197984e-12
2.239824173e-12
2.257765847e-12
2.275808871e-12
2.293938137e-12
2.31217677e-12
2.330500401e-12
2.348881781e-12
2.367364567e-12
2.38594387e-12
2.404636486e-12
2.423435112e-12
2.44236492e-12
2.46141909e-12
2.480591084e-12
2.499883784e-12
2.519327403e-12
2.538894884e-12
2.558608579e-12
2.578422931e-12
2.598347367e-12
2.618354029e-12
2.63843617e-12
2.658560925e-12
2.678741652e-12
2.698958696e-12
2.719188529e-12
2.739407836e-12
2.759615574e-12
2.779772086e-12
2.799838185e-12
2.819768069e-12
2.839550371e-12
2.859139492e-12
2.878530874e-12
2.897674386e-12
2.91657097e-12
2.935215282e-12
2.953591469e-12
2.971700243e-12
2.989507845e-12
3.007034832e-12
3.024282782e-12
3.041250677e-12
3.057930198e-12
3.07424455e-12
3.090148553e-12
3.105646879e-12
3.120811248e-12
3.135695017e-12
3.150331741e-12
3.164745419e-12
3.178964281e-12
3.193022967e-12
3.206985797e-12
3.220884011e-12
3.234782177e-12
3.248737586e-12
3.262776067e-12
3.276832615e-12
3.290884942e-12
3.304902774e-12
3.318925037e-12
3.33299862e-12
3.347175207e-12
3.361509486e-12
3.375972213e-12
3.390506842e-12
3.405085343e-12
3.419703696e-12
3.434408074e-12
3.449209352e-12
3.46412402e-12
3.479134311e-12
3.494196819e-12
3.509212349e-12
3.524096215e-12
3.538755317e-12
3.553131225e-12
3.567175487e-12
3.580882196e-12
3.594196247e-12
3.607066654e-12
3.619486573e-12
3.631492561e-12
3.643137905e-12
3.654480683e-12
3.665513489e-12
3.676219834e-12
3.686579178e-12
3.696644546e-12
3.706419107e-12
3.715920446e-12
3.725175774e-12
3.734213194e-12
3.742963791e-12
3.751305413e-12
3.759207882e-12
3.766721584e-12
3.773916837e-12
3.780679048e-12
3.787044767e-12
3.79303787e-12
3.798615584e-12
3.803925498e-12
3.808942306e-12
3.813601648e-12
3.817870625e-12
3.821763948e-12
3.825314343e-12
3.828258923e-12
3.830345204e-12
3.831493863e-12
3.831957243e-12
3.832041105e-12
3.83182775e-12
3.831400228e-12
3.830862812e-12
3.830382799e-12
3.829906656e-12
3.828981894e-12
3.827634321e-12
3.826192709e-12
3.824778363e-12
3.823201734e-12
3.821249163e-12
3.818134099e-12
3.813045452e-12
3.805560296e-12
3.795535815e-12
3.782888314e-12
3.767880869e-12
3.750501453e-12
3.730504787e-12
3.708150792e-12
3.684534961e-12
3.660010617e-12
3.634474329e-12
3.60763514e-12
3.578866968e-12
3.548928436e-12
3.519313375e-12
3.4908582e-12
3.463814519e-12
3.438512299e-12
3.415474524e-12
3.395772416e-12
3.378996586e-12
3.365066459e-12
3.354818045e-12
3.347920675e-12
3.343391004e-12
3.339994023e-12
3.338591633e-12
3.339069286e-12
3.339281835e-12
3.337411353e-12
3.332863467e-12
3.325733347e-12
3.316272274e-12
3.30522097e-12
3.294026029e-12
3.283771308e-12
3.273475695e-12
3.264308209e-12
3.258517572e-12
3.25619093e-12
3.257754602e-12
3.262543768e-12
3.269596499e-12
3.279927984e-12
3.29311772e-12
3.307672486e-12
3.322839023e-12
3.336443591e-12
3.348420827e-12
3.359928965e-12
3.3729656e-12
3.388353727e-12
3.404737402e-12
3.419472244e-12
3.432854501e-12
3.445501283e-12
3.457963469e-12
3.468867877e-12
3.478142986e-12
3.486203649e-12
3.492949624e-12
3.499406619e-12
3.504469374e-12
3.507819627e-12
3.508362899e-12
3.502573144e-12
3.491786807e-12
3.476632147e-12
3.454622548e-12
3.424393799e-12
3.385420827e-12
3.336110269e-12
3.271931657e-12
3.194141378e-12
3.10381843e-12
2.994745537e-12
2.871891308e-12
2.741934659e-12
2.601824598e-12
2.452617793e-12
2.293312435e-12
