1220.736562
771.093824
602.453069
509.5838658
449.1385193
405.9118221
373.0722357
347.0515215
325.7854148
307.9878132
292.8109893
279.6708524
268.1503019
257.9425683
248.8163765
240.5936571
233.1347973
226.3285947
220.0852395
214.3313037
209.0060928
204.0589428
199.4471867
195.1346028
191.0902151
187.2873565
183.7029274
180.3168056
177.1113703
174.0711163
171.1823386
168.4328719
165.8118758
163.3096547
160.9175067
158.627597
156.4328494
154.3268549
152.3037923
150.3583616
148.4857245
146.681455
144.9414942
143.2621132
141.6398785
140.0716231
138.5544201
137.0855602
135.6625312
134.2829998
132.9447957
131.645897
130.3844179
129.1585967
127.9667856
126.8074416
125.6791178
124.580456
123.5101798
122.4670885
121.4500511
120.4580015
119.4899337
118.5448976
117.6219946
116.7203747
115.839233
114.9778063
114.1353707
113.3112392
111.7153086
110.9422983
110.1851654
109.4433741
108.7164137
108.0037969
107.3050583
105.9474587
105.2877668
104.6402895
103.3805063
102.7675026
102.1653161
100.9921508
100.4205809
99.85864484
98.76261483
98.22801647
97.18446243
96.67505683
95.6799246
95.1937952
94.24345588
93.7788842
92.87007851
92.42551853
91.55530978
90.70934185
90.29510051
89.48344613
88.69340104
87.92402416
87.17443077
86.80679077
86.08532674
85.38165406
84.69505421
84.02484864
83.37039594
82.73108932
82.10635419
81.49564601
80.89844833
80.3142709
79.46140537
78.90779107
78.36566457
77.83463455
77.05808451
76.55320191
75.81427515
75.3334655
74.86175528
74.1706357
73.49845157
73.06042767
72.41794471
71.99899502
71.38409214
70.78480603
70.20048785
69.63052587
69.07434281
68.71093853
68.1765233
67.65449788
66.97692743
66.48202425
65.99803557
65.52456691
65.06124342
64.45864666
64.01763896
63.44361104
63.02318743
62.47554516
62.07415635
61.55094315
61.04088791
60.66665479
60.17834273
59.70177328
59.23648449
58.78203949
58.33802471
57.90404832
57.37513016
56.96241056
56.55858937
56.06584906
55.68092368
55.21088929
54.8434352
54.39442035
53.95641793
53.52898658
53.11170935
52.70419193
52.3060611
51.91696334
51.53656347
51.16454349
50.72875682
50.37413067
49.95841033
49.61986896
49.2227271
48.83514627
48.45675064
48.08718473
47.72611201
47.37321365
46.97142789
46.63522398
46.2521545
45.93137541
45.5656201
45.20865783
44.86014381
44.51975184
44.18717311
43.86211498
43.49947354
43.18961458
42.84367384
42.50612653
42.17664084
41.85490308
41.54061634
41.23349942
40.93328574
40.60348249
40.31711435
40.00229569
39.69496035
39.39481884
39.1015971
38.78359559
38.50414585
38.20085526
37.90486183
37.6158802
37.3336404
37.05788679
36.78837708
36.49885419
36.216319
35.94049776
35.67113153
35.40797511
35.15079616
34.87679594
34.60937643
34.34828148
34.09326866
33.82360227
33.58053693
33.32331685
33.07220042
32.82695326
32.58735342
32.33539737
32.08949824
31.84942076
31.61494227
31.36968907
31.14614994
30.91217096
30.68369453
30.44581644
30.22806291
30.00118495
29.77966309
29.5499373
29.33883143
29.11974915
28.89341359
28.68476749
28.46905426
28.25849154
28.05288207
27.84101723
27.63425522
27.43239927
27.23526306
27.0326562
26.8348884
26.64177504
26.44382411
26.25062022
26.05311005
25.8690705
25.68079411
25.48872338
25.30133358
25.11844357
24.9398819
24.75799577
24.58047089
24.40000839
24.22392151
24.05204264
23.87758191
23.70733183
23.53481882
23.36650427
23.20222758
23.03596893
22.8737285
22.70976758
22.54979375
22.38833805
22.23082819
22.07205367
21.91717488
21.76122875
21.60912063
21.46070405
21.31136903
21.16130826
21.01495602
20.86802406
20.72472639
20.58098059
20.44079128
20.30027218
20.15957215
20.02239644
19.88513453
19.75130567
19.61747508
19.48698571
19.35342999
19.22634108
19.09640758
18.96977804
18.84349246
18.71764569
18.59501676
18.47286124
18.35381651
18.23278579
18.11488848
17.99764299
17.88111766
17.76761653
17.65484215
17.54285403
17.43170789
17.32145576
17.21214614
17.10573278
17.0002468
16.89392153
16.7904615
16.68804458
16.58670397
16.48809121
16.3889479
16.29096591
16.19416844
16.09857647
16.00561894
15.9124532
15.82054463
15.72990641
15.64055001
15.5524853
15.46453309
15.3791093
15.29387719
15.21111328
15.1286118
15.04646791
14.96675917
14.8874635
14.81053506
14.73316163
14.65814225
14.58368152
14.51067623
14.43831529
14.36743796
14.29803066
14.2293529
14.16216378
14.09576676
14.03087027
13.96681987
13.90427583
13.842624
13.78190519
13.72271115
13.66448433
13.6077742
13.55205935
13.49736975
13.443733
13.39161901
13.34014482
13.29020475
13.24137429
13.19367158
13.14711291
13.10206294
13.05781966
13.01475918
12.97289109
12.93222351
12.89276313
12.85451531
12.8172277
12.7814281
12.74661685
12.71282903
12.68051667
12.64924601
12.61904578
12.59029812
12.56246271
12.5360663
12.51062607
12.48646783
12.46358104
12.44171204
12.42112627
12.40170602
12.38355817
12.36649138
12.35069804
12.33608848
12.32260186
12.31038077
12.29930242
12.28947861
12.28081158
12.27335159
12.26709588
12.26202011
12.25815166
12.25548443
12.25400769
12.25372952
12.25464985
12.25677011
12.26009408
12.26460328
12.27031053
12.27721589
12.28531822
12.29461519
12.30514508
12.31682385
12.32968387
12.3437714
12.35908946
12.37552099
12.39317199
12.41204185
12.43206029
12.45328695
12.47571791
12.49934815
12.52417166
12.55009999
12.57728591
12.6056417
12.63515791
12.66591457
12.69781465
12.73084651
12.76509376
12.80054884
12.83710424
12.87494727
12.91386834
12.95395595
12.99530368
13.03769136
13.08142457
13.12617207
13.17213583
13.21930494
13.26755639
13.31709982
13.36769882
13.41945154
13.47245889
13.52647819
13.58184056
13.63818518
13.69584597
13.75457534
13.81447516
13.87553041
13.93772572
14.00116434
14.06559265
14.131352
14.19818785
14.26620324
14.3352617
14.40558626
14.4770401
14.54972615
14.62350692
14.69836485
14.77452248
14.85172164
14.93018433
15.00965237
15.09046679
15.17224976
15.25534123
15.33960238
15.42489516
15.51143821
15.59921149
15.68807681
15.77813262
15.8693587
15.96173489
16.05535772
16.15008966
16.24602661
16.34314744
16.44143108
16.54097129
16.6416316
16.74350511
16.84656985
16.95080397
17.05629825
17.16302971
17.2709755
17.38000195
17.49041956
17.60198301
17.7146702
17.82867715
17.94397908
18.06044351
18.17815505
18.29708959
18.4173295
18.53884955
18.66151966
18.78552591
18.91084223
19.03733942
19.16519939
19.29429302
19.42469715
19.55638559
19.68933248
19.82371215
19.95929732
20.09626072
20.23457448
20.37411354
20.51514351
20.65734504
20.80107679
20.94602205
21.09243924
21.2402041
21.3892886
21.53985083
21.69176792
21.84510314
21.99982681
22.15590979
22.31350313
22.47248591
22.6330061
22.79485515
22.95826729
23.12312256
23.28939027
23.45721181
23.62646894
23.79730016
23.96958783
24.14338416
24.31873967
24.49570321
24.6740767
24.85415442
25.03565781
25.21887624
25.40361367
25.58991609
25.77790633
25.96746994
26.15864995
26.35148794
26.546024
26.74214539
26.93996771
27.13952841
27.34071533
27.5436399
27.74826399
27.95462277
28.16275006
28.37260695
28.58422626
28.79763957
29.01287719
29.22982942
29.44866504
29.66934239
29.89182069
30.11612741
30.34235582
30.57039683
30.800408
31.03228006
31.26610156
31.50182908
31.73948417
31.97915095
32.22078453
32.46434099
32.70996381
32.95760681
33.20728602
