0.006373171819
0.004095862283
0.003182964391
0.00274561772
0.002417995214
0.002214202121
0.00203713663
0.001904213748
0.00178889436
0.001693909667
0.0016132516
0.001480808212
0.001376334596
0.001291568903
0.001221025021
0.001134466262
0.001064281676
0.001006331565
0.0009418320283
0.0008760490985
0.0008219368495
0.0007687266466
0.0007180265101
0.0006764756915
0.0006323987487
0.0005929895097
0.0005540444596
0.0005196478614
0.0004872324527
0.0004570213697
0.0004286246033
0.0004000283913
0.0003746292579
0.0003502056191
0.0003277583755
0.0003069501294
0.0002871185761
0.0002692328221
0.0002520373966
0.0002354541726
0.0002195137566
0.0002045012318
0.0001903604954
0.0001771089868
0.0001651379607
0.0001547564857
0.0001456749411
0.0001370811439
0.0001290131958
0.0001213789211
0.0001136570825
0.0001066002116
9.967055795e-05
9.322287063e-05
8.705453324e-05
8.155466384e-05
7.608691209e-05
7.151499019e-05
6.693703334e-05
6.310029137e-05
5.998301891e-05
5.684355045e-05
5.349361811e-05
5.049177586e-05
4.76814748e-05
4.539015069e-05
4.349652794e-05
4.244264102e-05
4.114700623e-05
3.976047614e-05
3.82144037e-05
3.634001665e-05
3.435277614e-05
3.334639961e-05
3.222735275e-05
3.070546933e-05
2.916448136e-05
2.776291283e-05
2.583462806e-05
2.385551626e-05
2.214482537e-05
2.02690995e-05
1.881105851e-05
1.755406103e-05
1.619545086e-05
1.485862742e-05
1.292461519e-05
1.116578296e-05
1.046910066e-05
9.50673304e-06
8.452574934e-06
7.516515472e-06
