0.0005304921914
0.0003400137693
0.0002673853986
0.0002270012792
0.0002005486119
0.0001815454959
0.00016705976
0.0001555516605
0.0001461265837
0.0001382251681
0.0001314776098
0.0001204949065
0.0001118686988
0.0001048621484
9.902500798e-05
9.184841536e-05
8.603479335e-05
8.120119469e-05
7.58651649e-05
7.047268502e-05
6.608756171e-05
6.17696988e-05
5.766411087e-05
5.428164147e-05
5.069722278e-05
4.744305334e-05
4.425829418e-05
4.144173098e-05
3.877685029e-05
3.630112503e-05
3.402695044e-05
3.177322053e-05
2.976894693e-05
2.786044225e-05
2.608007712e-05
2.440031214e-05
2.281001642e-05
2.136003236e-05
1.997814637e-05
1.868913581e-05
1.748801857e-05
1.637100399e-05
1.532465454e-05
1.434241344e-05
1.342124105e-05
1.2559574e-05
1.175616553e-05
1.100224055e-05
1.029973411e-05
9.643752991e-06
9.027498468e-06
8.452879986e-06
7.916102201e-06
7.412834283e-06
6.942833157e-06
6.504146274e-06
6.093710619e-06
5.710451651e-06
5.352794457e-06
5.018094722e-06
4.706128959e-06
4.414745861e-06
4.142817844e-06
3.889224338e-06
3.652806005e-06
3.43239194e-06
3.22724195e-06
3.036208501e-06
2.858548753e-06
2.693406798e-06
2.540067496e-06
2.397746399e-06
2.265848376e-06
2.143731534e-06
2.030819952e-06
1.926541582e-06
1.830391748e-06
1.741891085e-06
1.660555445e-06
1.585951542e-06
1.517670721e-06
1.455311468e-06
1.398502176e-06
1.346884361e-06
1.300126302e-06
1.257918779e-06
1.219973437e-06
1.186032094e-06
1.155865166e-06
1.129283573e-06
1.10613906e-06
1.086337605e-06
