3.054038646e-09
1.456193728e-09
6.094740823e-10
8.393642104e-10
5.706356495e-10
4.268454535e-10
4.416145844e-10
3.464734471e-10
3.420566343e-10
2.702425306e-10
2.670158257e-10
2.880571997e-10
1.676685935e-10
2.215111861e-10
2.208953716e-10
9.002467346e-11
1.923832585e-10
1.74818014e-10
1.068294782e-10
1.732915809e-10
1.422578639e-10
1.174175828e-10
1.383312793e-10
1.166517497e-10
1.19531523e-10
1.032663892e-10
1.038966744e-10
1.172313756e-10
6.892555073e-11
9.55606553e-11
1.00149964e-10
2.552255373e-11
9.125292098e-11
8.724124921e-11
4.73413397e-11
9.22034234e-11
7.864832143e-11
6.428521243e-11
8.206016659e-11
7.078297552e-11
7.274882716e-11
6.734327187e-11
6.739438671e-11
7.667114907e-11
5.191236023e-11
6.668777672e-11
7.165754048e-11
3.483850475e-11
6.613279102e-11
6.412224451e-11
3.712863694e-11
6.614337934e-11
5.762150849e-11
4.59313291e-11
5.9976815e-11
5.130233974e-11
5.094825396e-11
4.872319273e-11
4.712270676e-11
5.348559689e-11
3.587323909e-11
4.590935041e-11
5.044976812e-11
1.907409311e-11
4.606998448e-11
2.272567127e-11
4.863818133e-11
4.341834651e-11
3.368810229e-11
4.059937885e-11
3.997870609e-11
4.031556794e-11
4.369317306e-11
3.280802837e-11
3.936367962e-11
2.421120894e-11
4.008548886e-11
2.18838723e-11
4.106807326e-11
2.822707837e-11
3.966438363e-11
3.220719166e-11
3.084210404e-11
3.456816042e-11
3.062275771e-11
1.687606841e-11
3.124040561e-11
1.504087659e-11
3.102402861e-11
3.410463742e-11
2.775637084e-11
2.760942387e-11
3.077012048e-11
2.849317224e-11
2.015712449e-11
1.607142053e-11
2.842434542e-11
3.071332179e-11
2.40006652e-11
2.366190622e-11
2.179470955e-11
1.606341993e-11
2.593899064e-11
2.616810309e-11
2.758396842e-11
2.18767118e-11
2.431307912e-11
2.309653773e-11
2.385706621e-11
2.47600631e-11
1.737077082e-11
1.986863831e-11
2.149679208e-11
2.273595732e-11
2.250264164e-11
2.196810793e-11
2.134568457e-11
2.019629202e-11
2.022318095e-11
2.088193025e-11
2.165906393e-11
2.048348484e-11
1.903384125e-11
1.839346324e-11
2.061686526e-11
2.025686105e-11
1.732016454e-11
1.914172398e-11
1.926860542e-11
1.992730925e-11
1.939213899e-11
1.784759794e-11
1.634399914e-11
1.894861862e-11
1.666633982e-11
1.875735914e-11
1.846056315e-11
1.522336626e-11
1.960677189e-11
1.802942472e-11
1.603664916e-11
1.876745312e-11
1.869212237e-11
1.932332981e-11
1.899482139e-11
1.720653875e-11
1.759879644e-11
1.883272076e-11
1.752798915e-11
1.900407299e-11
1.886832047e-11
1.865975572e-11
1.736979832e-11
1.70321317e-11
1.833450153e-11
1.92915357e-11
1.869516034e-11
1.815184966e-11
1.921500901e-11
1.880378806e-11
1.956924069e-11
1.810820938e-11
1.863434144e-11
1.958020885e-11
1.911080494e-11
1.839790847e-11
1.944696081e-11
1.999909461e-11
1.99550237e-11
2.022319041e-11
2.00036703e-11
2.044943183e-11
2.047378609e-11
1.978606074e-11
2.027170067e-11
2.07621591e-11
2.081950121e-11
2.103444948e-11
2.089120723e-11
2.081088812e-11
2.105034547e-11
2.156112127e-11
2.18229314e-11
2.18122463e-11
2.172234291e-11
2.183876536e-11
2.230973096e-11
2.223151096e-11
2.277911199e-11
2.279018709e-11
2.302739347e-11
2.335621356e-11
2.32343344e-11
2.364417114e-11
2.372384599e-11
2.37516786e-11
2.402804185e-11
2.431920097e-11
2.465752367e-11
2.485176537e-11
2.490186264e-11
2.534286883e-11
2.527113136e-11
2.572325699e-11
2.580079151e-11
2.609047681e-11
2.638968343e-11
2.664409711e-11
2.683633261e-11
2.705460592e-11
2.725781649e-11
2.754174215e-11
2.772267288e-11
2.804941997e-11
2.819470767e-11
2.844008868e-11
2.881488926e-11
2.903706067e-11
2.931453446e-11
2.958703759e-11
2.976517671e-11
3.011840533e-11
3.037176815e-11
3.06838685e-11
3.094465952e-11
3.118696247e-11
3.148310762e-11
3.1774156e-11
3.205560729e-11
3.234655871e-11
3.263270306e-11
3.293363641e-11
3.322263789e-11
3.35330171e-11
3.382334995e-11
3.413597715e-11
3.440839035e-11
3.47453174e-11
3.508831435e-11
3.534227469e-11
3.567886501e-11
3.602181552e-11
3.634947782e-11
3.669967476e-11
3.699426146e-11
3.733307795e-11
3.76690732e-11
3.804860887e-11
3.838778764e-11
3.873841175e-11
3.909584693e-11
3.944536247e-11
3.980113853e-11
4.015581462e-11
4.05365671e-11
4.090144359e-11
4.128349452e-11
4.16407459e-11
4.204686827e-11
4.242308355e-11
4.28039737e-11
4.319609827e-11
4.357839811e-11
4.398632814e-11
4.438665739e-11
4.480371971e-11
4.521069292e-11
4.561809925e-11
4.604707866e-11
4.645629337e-11
4.688036986e-11
4.730893927e-11
4.774644616e-11
4.818696931e-11
4.861735907e-11
4.906013795e-11
4.95172622e-11
4.997263535e-11
5.042546526e-11
5.088892866e-11
5.135225881e-11
5.182344725e-11
5.22913509e-11
5.277520868e-11
5.325724375e-11
5.374421595e-11
5.423810464e-11
5.47344652e-11
5.523377956e-11
5.574069174e-11
5.624914909e-11
5.676632474e-11
5.728994003e-11
5.781407474e-11
5.834331146e-11
5.887696684e-11
5.941447592e-11
5.995779618e-11
6.050588545e-11
6.106065813e-11
6.161991945e-11
6.218545096e-11
6.275885979e-11
6.333187739e-11
6.390950458e-11
6.449831764e-11
6.508848477e-11
6.56859161e-11
6.628866692e-11
6.689270153e-11
6.750945186e-11
6.812585302e-11
6.874785015e-11
6.938264532e-11
7.001805963e-11
7.065758498e-11
7.130801433e-11
7.195947073e-11
7.262061812e-11
7.328769026e-11
7.395841878e-11
7.463479659e-11
7.532031036e-11
7.601048242e-11
7.670532592e-11
7.740905692e-11
7.812223026e-11
7.88388937e-11
7.95587463e-11
8.029238678e-11
8.102942343e-11
8.176967328e-11
8.252228271e-11
8.32780099e-11
8.404156368e-11
8.481224832e-11
8.558987998e-11
8.637947519e-11
8.717077208e-11
8.796861751e-11
8.877750613e-11
8.959260445e-11
9.041401198e-11
9.124502404e-11
9.208204927e-11
9.292896149e-11
9.378092865e-11
9.46423143e-11
9.55123362e-11
9.638779721e-11
9.727533036e-11
9.816782386e-11
9.906828647e-11
9.998066913e-11
1.008969471e-10
1.018247557e-10
1.027597896e-10
1.037059659e-10
1.046590136e-10
1.056226415e-10
1.065926971e-10
1.075727532e-10
1.085587069e-10
1.09558196e-10
1.105668248e-10
1.115844774e-10
1.126108991e-10
1.136460103e-10
1.146893569e-10
1.157442432e-10
1.168104913e-10
1.178842525e-10
1.189688997e-10
1.200639738e-10
1.21169249e-10
1.222843711e-10
1.234125529e-10
1.245469546e-10
1.256937172e-10
1.268525313e-10
1.28019884e-10
1.291988563e-10
1.303890961e-10
1.315901855e-10
1.328049867e-10
1.340271032e-10
1.352622901e-10
1.365102804e-10
1.377677375e-10
1.390402194e-10
1.403216737e-10
1.416147066e-10
1.42921799e-10
1.442397806e-10
1.455711889e-10
1.469156968e-10
1.482729588e-10
1.496399187e-10
1.51021743e-10
1.524180131e-10
1.538257651e-10
1.552472859e-10
1.566822568e-10
1.581303131e-10
1.595911549e-10
1.610669538e-10
1.625573509e-10
1.640594957e-10
1.65578016e-10
1.67110044e-10
1.686552699e-10
1.702181296e-10
1.717934603e-10
1.733856215e-10
1.749919146e-10
1.766119447e-10
1.782499593e-10
1.799009971e-10
1.815692235e-10
1.83254201e-10
1.849533158e-10
1.866705944e-10
1.884034307e-10
1.901514314e-10
1.919184987e-10
1.936999292e-10
1.954995744e-10
1.973169848e-10
1.991517372e-10
2.01003404e-10
2.028736047e-10
2.047598824e-10
2.066658422e-10
2.085910019e-10
2.1053298e-10
2.124952479e-10
2.144754015e-10
2.164748998e-10
2.184932764e-10
2.205319539e-10
2.225904367e-10
2.246682594e-10
2.267649545e-10
2.288837049e-10
2.310221835e-10
2.331834885e-10
2.353635557e-10
2.375654462e-10
2.397886531e-10
2.420344001e-10
2.443004674e-10
2.465897648e-10
2.489017615e-10
2.51235939e-10
2.535917987e-10
2.559721192e-10
2.58376348e-10
2.608039487e-10
2.632544049e-10
2.657303709e-10
2.682297141e-10
2.707550326e-10
2.733042165e-10
2.758798031e-10
2.784812196e-10
2.811079093e-10
2.837608209e-10
2.864393985e-10
2.891460288e-10
2.918801186e-10
2.946410895e-10
2.974312549e-10
3.002487668e-10
3.030945269e-10
3.059693499e-10
3.088754103e-10
3.118093204e-10
3.1477461e-10
3.177692921e-10
3.207968065e-10
3.238538333e-10
3.269437564e-10
3.300646174e-10
3.332184168e-10
3.364058055e-10
3.396261355e-10
3.428800498e-10
3.461681733e-10
3.494898632e-10
3.528482194e-10
3.562413272e-10
3.596697729e-10
3.631353417e-10
3.66638564e-10
3.701775702e-10
3.73755288e-10
3.773710353e-10
3.81026487e-10
3.847209556e-10
3.88456079e-10
3.922311679e-10
3.960466913e-10
3.999042349e-10
4.038042275e-10
4.077470913e-10
4.117343435e-10
4.157641868e-10
4.198403055e-10
4.239609029e-10
4.281274486e-10
4.323403176e-10
4.366019921e-10
4.409107066e-10
4.452689138e-10
4.496759111e-10
4.541341032e-10
4.58642785e-10
4.632043181e-10
4.678179983e-10
4.724851504e-10
4.77207078e-10
4.819840802e-10
4.868174425e-10
4.917074606e-10
4.966554061e-10
5.016634966e-10
5.067310488e-10
5.11859313e-10
5.170495287e-10
5.223029264e-10
5.276207285e-10
5.330041516e-10
5.38453487e-10
5.439708743e-10
5.495566105e-10
5.55212822e-10
5.609398171e-10
5.667406101e-10
5.726146223e-10
5.785639741e-10
5.845907656e-10
5.906951822e-10
5.968790602e-10
6.031433795e-10
6.094900149e-10
6.159200005e-10
6.224352713e-10
6.290361874e-10
6.357271871e-10
6.425061751e-10
6.493746247e-10
6.563308214e-10
6.633749067e-10
6.705080045e-10
6.777297404e-10
6.850407216e-10
6.924425082e-10
6.999343764e-10
7.075181728e-10
7.151958617e-10
7.229679471e-10
7.30836652e-10
7.388035345e-10
7.468710594e-10
7.550402656e-10
7.633146397e-10
7.716962449e-10
7.801880376e-10
7.887923419e-10
7.975123724e-10
8.063514721e-10
8.153131164e-10
8.244009187e-10
8.336186347e-10
8.429701696e-10
8.524603164e-10
8.620925599e-10
8.718712929e-10
8.818032689e-10
8.918918394e-10
9.02143513e-10
9.125635475e-10
9.231581381e-10
9.339337047e-10
9.44896904e-10
9.560555556e-10
9.674526368e-10
9.791160639e-10
9.910506591e-10
1.003265998e-09
1.015769899e-09
1.028570625e-09
1.041676907e-09
1.055100228e-09
1.068849641e-09
1.082937793e-09
1.097374944e-09
1.112175079e-09
1.127350628e-09
1.142917134e-09
1.158888677e-09
1.175282613e-09
1.192116545e-09
1.209408381e-09
1.227178829e-09
1.245449118e-09
1.26424273e-09
1.283583063e-09
1.30349472e-09
1.32398772e-09
1.345071997e-09
1.366758948e-09
1.389059601e-09
1.411930794e-09
1.435302201e-09
1.459110172e-09
1.483296978e-09
1.507812252e-09
1.532612639e-09
1.557659724e-09
1.582921512e-09
1.608370465e-09
1.633985463e-09
1.659757312e-09
1.685910337e-09
1.712504434e-09
1.739433749e-09
1.76660195e-09
1.793918051e-09
1.821295535e-09
1.848654542e-09
1.875916815e-09
1.903006914e-09
1.929850838e-09
1.956371673e-09
