0.009837421377
0.006961489083
0.005682854607
0.00491983526
0.004400798548
0.004016809131
0.003718040773
0.003476218204
0.003274946902
0.003105802287
0.002961472956
0.002724104068
0.002535881464
0.002383009867
0.002255710088
0.002098133898
0.001970669444
0.001864420627
0.00174543353
0.001623878077
0.001524244456
0.001425733924
0.001331982752
0.001254261675
0.00117104616
0.001092807746
0.001015096575
0.0009464647131
0.0008832517941
0.0008255611143
0.0007754770192
0.0007265372822
0.0006838899758
0.0006421860034
0.000602663231
0.0005652161273
0.0005290296667
0.0004950725003
0.0004637041897
0.0004346043335
0.0004068797834
0.0003814961594
0.0003588415629
0.0003365219165
0.0003148896046
0.0002937852055
0.0002746900937
0.0002566378863
0.0002393740885
0.0002247414324
0.0002117913106
0.0001982329806
0.0001868186083
0.0001776772567
0.0001687774883
0.0001608885562
0.0001531521042
0.0001461666643
0.000139724901
0.0001349669864
0.0001303446163
0.0001280519255
0.0001271167486
0.0001266205709
0.0001269872018
0.000127761106
0.0001298771858
0.0001338034293
0.0001400066227
0.0001462557374
0.0001534308014
0.0001605269519
0.000166571376
0.0001700504969
0.0001717445429
0.0001729013494
0.000172488384
0.000171635491
0.0001718038082
0.0001751451732
0.0001832783747
0.0001959422622
0.0002108173316
0.0002243712993
0.000234572863
0.000244740913
0.0002551570289
0.0002727661803
0.0003033618196
0.0003438931852
0.0003956673186
0.0004596366952
