0.009999930761
0.01999986152
0.02999979228
0.03999972304
0.0499996538
0.05999958456
0.06999951532
0.07999944608
0.08999937684
0.09999930761
0.1099992384
0.1299990999
0.1499989614
0.1699988229
0.1899986844
0.209998546
0.2399983383
0.2699981305
0.3099978536
0.3499975766
0.3899972997
0.4399969535
0.499996538
0.5699960533
0.6499954994
0.7299949455
0.8299942531
0.9399934915
1.059992661
1.209991622
1.369990514
1.549989268
1.759987814
1.989986221
2.259984352
2.569982205
2.909979851
3.299977151
3.739974104
4.239970642
4.809966696
5.459962195
6.189957141
7.019951394
7.959944885
9.029937477
10.24992903
11.61991954
13.17990874
14.94989649
16.95988257
19.22986685
21.81984892
24.74982863
28.06980564
31.83977954
36.10974998
40.96971633
46.46967824
52.70963504
59.78958602
67.80953049
76.91946741
87.24939589
98.96931474
112.2592227
127.3391183
144.4389999
163.8488655
185.8487132
210.8085404
239.1283443
271.2381219
307.6678697
348.9975835
395.867259
449.0368909
509.3464733
577.7559996
655.3654623
743.3848528
843.2241615
956.4833773
1084.952488
1230.671479
1395.970334
1583.459036
1796.137564
2037.385893
2311.023998
2621.431849
