7.29993639e-09
4.19290429e-09
3.118489666e-09
2.560494522e-09
2.21306783e-09
1.973122498e-09
1.795912946e-09
1.658756964e-09
1.548871335e-09
1.458472875e-09
1.382534893e-09
1.317656401e-09
1.261448089e-09
1.212178393e-09
1.168559235e-09
1.129610905e-09
1.09457382e-09
1.062849165e-09
1.033957898e-09
1.007511795e-09
9.831925742e-10
9.607365788e-10
9.3992335e-10
9.205669828e-10
9.025094968e-10
8.856156919e-10
8.697691135e-10
8.548688538e-10
8.408269946e-10
8.275665434e-10
8.150197562e-10
8.031267628e-10
7.918344333e-10
7.810954376e-10
7.708674597e-10
7.611125376e-10
7.517965065e-10
7.428885262e-10
7.343606784e-10
7.261876216e-10
7.183462946e-10
7.108156605e-10
7.035764847e-10
6.966111425e-10
6.8990345e-10
6.834385175e-10
6.772026194e-10
6.711830809e-10
6.653681767e-10
6.597470424e-10
6.543095948e-10
6.490464619e-10
6.439489198e-10
6.390088365e-10
6.342186214e-10
6.295711803e-10
6.250598744e-10
6.206784837e-10
6.164211738e-10
6.122824658e-10
6.082572094e-10
6.043405573e-10
6.005279439e-10
5.968150638e-10
5.931978535e-10
5.896724745e-10
5.862352972e-10
5.796119904e-10
5.764195243e-10
5.733025633e-10
5.702583305e-10
5.672841876e-10
5.643776262e-10
5.58757817e-10
5.560401328e-10
5.533811441e-10
5.507788828e-10
5.457371127e-10
5.432940955e-10
5.409007798e-10
5.362570475e-10
5.340036928e-10
5.296271174e-10
5.275013103e-10
5.233685803e-10
5.213593708e-10
5.17449879e-10
5.15547567e-10
5.11843023e-10
5.100389824e-10
5.065230901e-10
5.031247739e-10
5.014678099e-10
4.982347061e-10
4.951049001e-10
4.935771428e-10
4.90592923e-10
4.876999941e-10
4.84894087e-10
4.821712012e-10
4.795275834e-10
4.769597085e-10
4.74464262e-10
4.720381248e-10
4.696783581e-10
4.67382191e-10
4.651470077e-10
4.629703376e-10
4.608498442e-10
4.587833167e-10
4.557801613e-10
4.538396249e-10
4.519461883e-10
4.491905596e-10
4.474074409e-10
4.448098746e-10
4.431274659e-10
4.406744083e-10
4.390842061e-10
4.367636378e-10
4.352580865e-10
4.330593084e-10
4.309289501e-10
4.288637936e-10
4.268608229e-10
4.255586522e-10
4.236531221e-10
4.218026082e-10
4.200047113e-10
4.182571718e-10
4.160017895e-10
4.143636751e-10
4.127692722e-10
4.112168205e-10
4.092092761e-10
4.077483845e-10
4.058574254e-10
4.044800878e-10
4.026956745e-10
4.013948041e-10
3.997080327e-10
3.98073441e-10
3.964886056e-10
3.94951253e-10
3.938281097e-10
3.923687908e-10
3.90603367e-10
3.892358222e-10
3.879062697e-10
3.866131259e-10
3.850456248e-10
3.838290552e-10
3.823529668e-10
3.81206282e-10
3.798137402e-10
3.784645459e-10
3.774150407e-10
3.761388723e-10
3.749007107e-10
3.736988637e-10
3.725317393e-10
3.711749186e-10
3.700790263e-10
3.69013352e-10
3.677726821e-10
3.665717129e-10
3.655998625e-10
3.644668465e-10
3.633684698e-10
3.623031537e-10
3.612694149e-10
3.60265858e-10
3.592911694e-10
3.581888715e-10
3.572725775e-10
3.562353228e-10
3.552307158e-10
3.543944477e-10
3.534464889e-10
3.525270559e-10
3.516348718e-10
3.506470607e-10
3.498093108e-10
3.488808464e-10
3.480926682e-10
3.472183287e-10
3.463709309e-10
3.455492416e-10
3.447521023e-10
3.438833112e-10
3.43134802e-10
3.423182048e-10
3.416139877e-10
3.40844998e-10
3.400995375e-10
3.393765382e-10
3.385983296e-10
3.379195226e-10
3.371881573e-10
3.364797601e-10
3.357932619e-10
3.351276596e-10
3.344820104e-10
3.338554277e-10
3.331872138e-10
3.325400176e-10
3.319128603e-10
3.313048233e-10
3.307150432e-10
3.300915161e-10
3.294877614e-10
3.289028517e-10
3.283359166e-10
3.27786139e-10
3.272090183e-10
3.266925701e-10
3.261499126e-10
3.256239678e-10
3.250753843e-10
3.245817712e-10
3.240664002e-10
3.235670753e-10
3.230490531e-10
3.225806696e-10
3.220942583e-10
3.216230746e-10
3.211664149e-10
3.206945761e-10
3.202377585e-10
3.197952568e-10
3.193664095e-10
3.189250258e-10
3.184976562e-10
3.180836449e-10
3.176823766e-10
3.17270752e-10
3.168721221e-10
3.164858831e-10
3.160910027e-10
3.157086711e-10
3.153383016e-10
3.149607574e-10
3.146132537e-10
3.142412324e-10
3.138981576e-10
3.135491686e-10
3.132111616e-10
3.128682857e-10
3.125363594e-10
3.1221487e-10
3.118894049e-10
3.11574306e-10
3.112560365e-10
3.109606493e-10
3.106497536e-10
3.103608052e-10
3.100692608e-10
3.097757991e-10
3.094918042e-10
3.092168308e-10
3.089403825e-10
3.086727741e-10
3.084041515e-10
3.081441634e-10
3.078924063e-10
3.076399319e-10
3.073871965e-10
3.071426446e-10
3.068981311e-10
3.066615499e-10
3.064325293e-10
3.062036819e-10
3.059753513e-10
3.057544411e-10
3.055342318e-10
3.053211763e-10
3.051089758e-10
3.049036626e-10
3.046993324e-10
3.044962246e-10
3.042997812e-10
3.041046392e-10
3.039158833e-10
3.037237672e-10
3.035426428e-10
3.033585078e-10
3.031805072e-10
3.030042261e-10
3.028337929e-10
3.026650776e-10
3.024982063e-10
3.023332941e-10
3.021739263e-10
3.020164802e-10
3.018610507e-10
3.017077236e-10
3.015596081e-10
3.01413533e-10
3.012695683e-10
3.011277768e-10
3.009882143e-10
3.008509302e-10
3.007184233e-10
3.005857328e-10
3.004577216e-10
3.003319685e-10
3.002085031e-10
3.000873505e-10
2.999685317e-10
2.998520638e-10
2.997379601e-10
2.996262309e-10
2.995151805e-10
2.99408282e-10
2.993037692e-10
2.992016415e-10
2.991018964e-10
2.990031255e-10
2.989068356e-10
2.988143092e-10
2.987228899e-10
2.986339114e-10
2.985462124e-10
2.984621139e-10
2.983793526e-10
2.982990519e-10
2.982202258e-10
2.981439e-10
2.980700485e-10
2.979986454e-10
2.979288631e-10
2.978615535e-10
2.97795961e-10
2.977328566e-10
2.976715537e-10
2.976127469e-10
2.975558156e-10
2.975013828e-10
2.974488906e-10
2.973988946e-10
2.973508971e-10
2.973049541e-10
2.972615258e-10
2.97220199e-10
2.97181023e-10
2.971440442e-10
2.971096074e-10
2.970771288e-10
2.97047225e-10
2.970196359e-10
2.969943999e-10
2.96971554e-10
2.969511338e-10
2.969331736e-10
2.969177068e-10
2.969047657e-10
2.968943818e-10
2.968865373e-10
2.968813801e-10
2.96878862e-10
2.9687906e-10
2.968820325e-10
2.968877653e-10
2.968964337e-10
2.969079158e-10
2.969223927e-10
2.969399451e-10
2.969605118e-10
2.969842766e-10
2.970111419e-10
2.970413262e-10
2.970749064e-10
2.971119586e-10
2.971523158e-10
2.971962634e-10
2.972438768e-10
2.972955231e-10
2.9735071e-10
2.97409788e-10
2.974728324e-10
2.975402739e-10
2.976114926e-10
2.976872906e-10
2.977673882e-10
2.978522792e-10
2.979416533e-10
2.980360359e-10
2.981350864e-10
2.982393621e-10
2.983484924e-10
2.984630663e-10
2.985832094e-10
2.987090478e-10
2.988407084e-10
2.989777471e-10
2.991214201e-10
2.992713005e-10
2.994275184e-10
2.995902048e-10
2.997601408e-10
2.999368414e-10
3.001204408e-10
3.003117699e-10
3.005110124e-10
3.007176251e-10
3.009324903e-10
3.011557955e-10
3.013877295e-10
3.016284828e-10
3.018782472e-10
3.021372161e-10
3.024064258e-10
3.026852641e-10
3.029739287e-10
3.032735111e-10
3.035833535e-10
3.039045843e-10
3.042374587e-10
3.045822334e-10
3.049391674e-10
3.053085212e-10
3.056915713e-10
3.06086571e-10
3.064958326e-10
3.069196776e-10
3.073573429e-10
3.078102042e-10
3.082785892e-10
3.087616836e-10
3.092620865e-10
3.097790058e-10
3.103139767e-10
3.108661725e-10
3.114359299e-10
3.120248469e-10
3.126333218e-10
3.132617545e-10
3.13910546e-10
3.145800983e-10
3.15272176e-10
3.159858618e-10
3.167229634e-10
3.174825229e-10
3.182678364e-10
3.190765001e-10
3.199118957e-10
3.207730439e-10
3.21661944e-10
3.225791274e-10
3.235235472e-10
3.244972654e-10
3.255024315e-10
3.265379939e-10
3.276044759e-10
3.287040881e-10
3.298374164e-10
3.310050435e-10
3.322075484e-10
3.334472887e-10
3.347249046e-10
3.360392022e-10
3.37392594e-10
3.387857042e-10
3.402210509e-10
3.41699316e-10
3.432192261e-10
3.447853203e-10
3.463943364e-10
3.480508913e-10
3.497556961e-10
3.515094515e-10
3.533128473e-10
3.551665614e-10
3.570734e-10
3.590340879e-10
3.610493367e-10
3.631220554e-10
3.652507619e-10
3.674383827e-10
3.696856394e-10
3.719955446e-10
3.743665246e-10
3.768039586e-10
3.793038791e-10
3.818717207e-10
3.845082331e-10
3.872141442e-10
3.899926325e-10
3.928419545e-10
3.957678067e-10
3.987684202e-10
4.018444739e-10
4.050017943e-10
4.082385345e-10
4.11555362e-10
4.149582232e-10
4.18445187e-10
4.220195989e-10
4.256821434e-10
4.294334748e-10
4.332797368e-10
4.372160868e-10
4.412486891e-10
4.453810187e-10
4.496080747e-10
4.539389684e-10
4.583686124e-10
4.629062287e-10
4.675466419e-10
4.722962405e-10
4.771556168e-10
4.821253274e-10
4.872088868e-10
4.924098458e-10
4.977257354e-10
5.031600703e-10
5.087194605e-10
5.143983019e-10
5.202031997e-10
5.261377436e-10
5.321992989e-10
5.383945565e-10
5.447239819e-10
5.511848328e-10
5.577870172e-10
5.645309817e-10
5.714139219e-10
5.784426273e-10
5.856207213e-10
5.929453358e-10
6.004233189e-10
6.080517466e-10
6.158407823e-10
6.237874837e-10
6.3189546e-10
6.401683344e-10
6.486064039e-10
6.572132838e-10
6.659926015e-10
6.749446237e-10
6.840763502e-10
6.933846548e-10
7.028765468e-10
7.125556723e-10
7.224222638e-10
7.324799541e-10
7.427289444e-10
7.531797506e-10
7.638256824e-10
7.746772766e-10
7.857347233e-10
7.970016657e-10
8.084817512e-10
8.201786308e-10
8.320924564e-10
8.442303735e-10
8.565925257e-10
8.691860779e-10
8.820146938e-10
8.950785025e-10
9.083811514e-10
9.219298372e-10
9.357246735e-10
9.497728703e-10
9.640745303e-10
9.78640445e-10
9.934671465e-10
1.008561866e-09
1.023928269e-09
1.03957002e-09
1.055494377e-09
1.071705015e-09
1.088202006e-09
1.104996224e-09
1.12208774e-09
1.139483838e-09
1.157188195e-09
1.175204487e-09
1.193536386e-09
1.212194825e-09
1.231183491e-09
1.250502434e-09
1.270158965e-09
1.290160408e-09
1.310514094e-09
1.331220064e-09
1.352289303e-09
1.373725502e-09
1.395532349e-09
1.41771719e-09
1.440287376e-09
1.463246599e-09
1.486605885e-09
1.510365261e-09
1.53453576e-09
1.559124753e-09
1.584132264e-09
1.609573017e-09
1.635450715e-09
1.661772739e-09
1.688542791e-09
1.715771936e-09
1.743467567e-09
1.771637075e-09
1.800287855e-09
1.829427305e-09
1.859062823e-09
1.889205505e-09
1.91985906e-09
1.951030892e-09
1.982735804e-09
