2.596731815e-09
1.694380514e-09
1.016452659e-09
7.182937365e-10
5.8974544e-10
5.479797168e-10
4.45403882e-10
2.523485197e-10
2.206453903e-10
2.9592734e-10
2.906453675e-10
2.620359087e-10
2.176623129e-10
2.137670541e-10
2.339760988e-10
1.760042565e-10
1.027346417e-10
1.355227049e-10
1.649021766e-10
1.689060691e-10
1.456886862e-10
1.242059288e-10
1.463379593e-10
1.415059868e-10
9.444157058e-11
7.038408151e-11
1.034820719e-10
1.249141048e-10
1.13945497e-10
9.449286494e-11
1.030693122e-10
1.103699628e-10
8.85916915e-11
6.857208367e-11
6.670417552e-11
8.270560667e-11
9.60199211e-11
8.439041002e-11
7.492856028e-11
8.407760264e-11
8.633233304e-11
6.935585601e-11
4.625149751e-11
5.590192585e-11
7.792601242e-11
7.562961588e-11
6.219306452e-11
6.6798066e-11
7.143903448e-11
6.649108427e-11
5.197364047e-11
3.879324804e-11
5.767846649e-11
6.838052769e-11
5.780783929e-11
5.476410037e-11
5.90522981e-11
5.962272606e-11
5.437036213e-11
3.899882985e-11
4.011116239e-11
5.45999488e-11
5.589804031e-11
5.112694091e-11
4.914362391e-11
5.475668766e-11
4.35902653e-11
2.279342193e-11
4.253545648e-11
4.743881413e-11
4.417062035e-11
4.425793468e-11
4.549693632e-11
3.197830043e-11
3.189877458e-11
4.421675688e-11
4.304180114e-11
4.080597002e-11
4.545867165e-11
2.734506679e-11
3.316341505e-11
4.17260114e-11
3.427035745e-11
4.029052774e-11
3.045332321e-11
3.313685826e-11
3.975795646e-11
3.246043902e-11
3.838208494e-11
2.749879052e-11
3.257626361e-11
3.344370154e-11
3.127702574e-11
3.533392976e-11
2.329932705e-11
3.372646175e-11
3.117881187e-11
3.180472915e-11
2.20719976e-11
3.350736114e-11
2.86552315e-11
2.905197102e-11
2.412952237e-11
3.031450384e-11
2.849928258e-11
2.613251574e-11
2.99874619e-11
2.699617357e-11
2.79909101e-11
2.67205206e-11
2.739439647e-11
2.884943715e-11
2.353230837e-11
2.594144911e-11
2.713886729e-11
2.396208589e-11
2.377357086e-11
2.413900606e-11
2.448576984e-11
2.399095735e-11
2.361787201e-11
2.547991631e-11
2.520816366e-11
1.993777796e-11
2.338341857e-11
2.367774962e-11
2.442785076e-11
2.49210414e-11
2.4606672e-11
2.311235069e-11
2.093021114e-11
2.264461161e-11
2.057361965e-11
2.309899271e-11
2.038034243e-11
2.205554025e-11
2.118609978e-11
2.250783614e-11
2.052848224e-11
2.277126471e-11
2.039309698e-11
2.29799386e-11
2.300331674e-11
2.348430927e-11
2.304141233e-11
2.111499964e-11
2.232168877e-11
2.267423773e-11
2.314282422e-11
2.216769228e-11
2.17007871e-11
2.316369856e-11
2.264674792e-11
2.27183153e-11
2.283351731e-11
2.285997832e-11
2.336074872e-11
2.207192329e-11
2.362553489e-11
2.313354481e-11
2.370590979e-11
2.252626549e-11
2.310679192e-11
2.35396772e-11
2.3297369e-11
2.355445866e-11
2.38164952e-11
2.361092507e-11
2.338456498e-11
2.315073651e-11
2.34205484e-11
2.383008404e-11
2.419796931e-11
2.411482764e-11
2.445989836e-11
2.439515271e-11
2.420042761e-11
2.403698327e-11
2.421730474e-11
2.445882478e-11
2.500988611e-11
2.491440962e-11
2.490734522e-11
2.529527414e-11
2.483819317e-11
2.532084484e-11
2.538800535e-11
2.566699511e-11
2.527512177e-11
2.577582281e-11
2.593730065e-11
2.571792348e-11
2.607029824e-11
2.619020771e-11
2.639722203e-11
2.637763115e-11
2.663693695e-11
2.667261439e-11
2.688841953e-11
2.679561868e-11
2.719308577e-11
2.740495164e-11
2.726307765e-11
2.760036666e-11
2.782017215e-11
2.79861412e-11
2.801040428e-11
2.832686328e-11
2.851133695e-11
2.868995783e-11
2.882484394e-11
2.903539135e-11
2.921896558e-11
2.940502055e-11
2.96633043e-11
2.989350597e-11
3.002454021e-11
3.024492563e-11
3.054102807e-11
3.07588957e-11
3.094806733e-11
3.124699448e-11
3.150876158e-11
3.176532844e-11
3.200867863e-11
3.226135118e-11
3.247337791e-11
3.276811848e-11
3.305159331e-11
3.324841646e-11
3.359032695e-11
3.384063513e-11
3.411037919e-11
3.44097281e-11
3.469181056e-11
3.498276988e-11
3.528427418e-11
3.558840282e-11
3.583451157e-11
3.619337553e-11
3.649493833e-11
3.679336436e-11
3.712216566e-11
3.741359146e-11
3.776108461e-11
3.808453325e-11
3.839244082e-11
3.872891841e-11
3.908164571e-11
3.940859653e-11
3.976082336e-11
4.009632215e-11
4.042091515e-11
4.079807495e-11
4.114087296e-11
4.148363718e-11
4.186118627e-11
4.220810722e-11
4.260920436e-11
4.296812425e-11
4.33505006e-11
4.372187168e-11
4.410488117e-11
4.450474975e-11
4.48980674e-11
4.530778296e-11
4.569989899e-11
4.611115868e-11
4.653687713e-11
4.694521943e-11
4.736646042e-11
4.779415899e-11
4.822845613e-11
4.867070426e-11
4.910350697e-11
4.955168824e-11
5.000278654e-11
5.045926357e-11
5.09052885e-11
5.137460953e-11
5.184074676e-11
5.231066661e-11
5.277727934e-11
5.326215259e-11
5.374965392e-11
5.423328119e-11
5.472700361e-11
5.522122983e-11
5.572287032e-11
5.624115919e-11
5.675381036e-11
5.726854736e-11
5.779939699e-11
5.832630756e-11
5.88571735e-11
5.939926165e-11
5.993972193e-11
6.048612625e-11
6.103702326e-11
6.160017639e-11
6.216404658e-11
6.273210066e-11
6.331307096e-11
6.389152775e-11
6.447449746e-11
6.506985391e-11
6.56662734e-11
6.626747531e-11
6.687854653e-11
6.748790422e-11
6.811049605e-11
6.873408931e-11
6.936216247e-11
7.000423718e-11
7.064571643e-11
7.129240582e-11
7.195058587e-11
7.260777752e-11
7.327669689e-11
7.394955061e-11
7.462882352e-11
7.531174598e-11
7.600542383e-11
7.670238224e-11
7.740564599e-11
7.811767296e-11
7.883880653e-11
7.956349379e-11
8.029226285e-11
8.103454609e-11
8.177984219e-11
8.252810592e-11
8.328978599e-11
8.405495194e-11
8.482699488e-11
8.560658252e-11
8.639291059e-11
8.719165936e-11
8.799211702e-11
8.879905383e-11
8.961752212e-11
9.044208061e-11
9.127239377e-11
9.211304744e-11
9.295969782e-11
9.381590836e-11
9.467779252e-11
9.554908261e-11
9.642950106e-11
9.731439846e-11
9.821246903e-11
9.911526741e-11
1.000257173e-10
1.009490015e-10
1.018756021e-10
1.028143182e-10
1.037601e-10
1.047172479e-10
1.056809896e-10
1.066558465e-10
1.076368958e-10
1.086282324e-10
1.096257756e-10
1.106365748e-10
1.116567839e-10
1.126863664e-10
1.137245938e-10
1.147717892e-10
1.1582748e-10
1.168948971e-10
1.17973856e-10
1.19060506e-10
1.20158163e-10
1.212664252e-10
1.223850684e-10
1.235140403e-10
1.246560792e-10
1.258044332e-10
1.269654374e-10
1.281387975e-10
1.29321025e-10
1.305149283e-10
1.317204127e-10
1.329369812e-10
1.34167466e-10
1.354054552e-10
1.366568255e-10
1.379212674e-10
1.391953586e-10
1.404847844e-10
1.41783381e-10
1.430937205e-10
1.444184462e-10
1.457543052e-10
1.471037937e-10
1.484665987e-10
1.498423374e-10
1.512279678e-10
1.526286779e-10
1.5404404e-10
1.554710964e-10
1.569121086e-10
1.583667433e-10
1.598346779e-10
1.613155925e-10
1.628117052e-10
1.643225743e-10
1.658453448e-10
1.673846913e-10
1.689377685e-10
1.705041606e-10
1.720883854e-10
1.736851868e-10
1.752989805e-10
1.769269699e-10
1.785687703e-10
1.802286145e-10
1.81901457e-10
1.835914951e-10
1.852982844e-10
1.870191587e-10
1.887581765e-10
1.905126717e-10
1.92282231e-10
1.940707827e-10
1.958735623e-10
1.976944528e-10
1.995329951e-10
2.013887204e-10
2.032611945e-10
2.051520353e-10
2.070587285e-10
2.08984902e-10
2.109300682e-10
2.128918033e-10
2.148735942e-10
2.168729855e-10
2.188914452e-10
2.209285225e-10
2.229856279e-10
2.250622497e-10
2.271578926e-10
2.292720767e-10
2.314079921e-10
2.335633139e-10
2.357411212e-10
2.37937313e-10
2.401549838e-10
2.423936222e-10
2.446544666e-10
2.469352828e-10
2.492390159e-10
2.51565151e-10
2.539131893e-10
2.562826469e-10
2.586763356e-10
2.610937301e-10
2.635343034e-10
2.659975527e-10
2.684861629e-10
2.709980163e-10
2.735357188e-10
2.760971626e-10
2.786849123e-10
2.812983932e-10
2.839370643e-10
2.866018937e-10
2.892923356e-10
2.920108175e-10
2.947567773e-10
2.975296561e-10
3.003318025e-10
3.031613747e-10
3.060192884e-10
3.089063897e-10
3.118248801e-10
3.147713704e-10
3.177494215e-10
3.207570533e-10
3.237977355e-10
3.268681583e-10
3.299717419e-10
3.331065329e-10
3.362745577e-10
3.394764796e-10
3.427116526e-10
3.459807306e-10
3.492843445e-10
3.526218493e-10
3.559963421e-10
3.594058765e-10
3.628510231e-10
3.663335462e-10
3.698539233e-10
3.734101297e-10
3.770049373e-10
3.806375054e-10
3.84309377e-10
3.88019729e-10
3.917700909e-10
3.955596613e-10
3.993888073e-10
4.032590307e-10
4.071706793e-10
4.111240991e-10
4.151207396e-10
4.191587265e-10
4.232416873e-10
4.273677639e-10
4.315383801e-10
4.357538728e-10
4.400166865e-10
4.443250173e-10
4.486812795e-10
4.530847414e-10
4.575377813e-10
4.620396771e-10
4.665927756e-10
4.711963591e-10
4.758517317e-10
4.805601847e-10
4.853220153e-10
4.901384829e-10
4.950093527e-10
4.999349049e-10
5.049163912e-10
5.099522157e-10
5.150427626e-10
5.201885022e-10
5.253899705e-10
5.306478698e-10
5.359630538e-10
5.413356345e-10
5.467676448e-10
5.522593422e-10
5.578128291e-10
5.634284397e-10
5.691091722e-10
5.748545451e-10
5.806667542e-10
5.865479802e-10
5.924985479e-10
5.985204116e-10
6.046147344e-10
6.107835982e-10
6.170282993e-10
6.233510244e-10
6.297524611e-10
6.362374373e-10
6.428046727e-10
6.494563114e-10
6.561913657e-10
6.630106046e-10
6.699157089e-10
6.769068734e-10
6.839852088e-10
6.911527172e-10
6.984091592e-10
7.057567568e-10
7.131978205e-10
7.207332378e-10
7.283658974e-10
7.360983966e-10
7.439341831e-10
7.518752794e-10
7.599260413e-10
7.680893629e-10
7.763689418e-10
7.847677194e-10
7.932893926e-10
8.019377135e-10
8.10716631e-10
8.196302535e-10
8.286827656e-10
8.37881295e-10
8.472605085e-10
8.568333237e-10
8.666018549e-10
8.765651334e-10
8.867219823e-10
8.970770025e-10
9.076337892e-10
9.183969872e-10
9.293708155e-10
9.405581472e-10
9.519636738e-10
9.636104105e-10
9.755142141e-10
9.876761775e-10
1.000101748e-09
1.012794331e-09
1.025757594e-09
1.038995462e-09
1.052513793e-09
1.066314434e-09
1.080404007e-09
1.09479374e-09
1.109500756e-09
1.124540452e-09
1.139931133e-09
1.155689496e-09
1.171835319e-09
1.188388477e-09
1.205369009e-09
1.222799586e-09
1.240703268e-09
1.259105218e-09
1.278030417e-09
1.297504855e-09
1.31753972e-09
1.338145889e-09
1.359335601e-09
1.381119903e-09
1.40344058e-09
1.426220477e-09
1.449396144e-09
1.472913602e-09
1.496724297e-09
1.520784753e-09
1.545055871e-09
1.569504629e-09
1.594102431e-09
1.618827796e-09
1.643670765e-09
1.668898579e-09
1.694594497e-09
1.720648281e-09
1.746959271e-09
1.773432214e-09
1.799976324e-09
1.826507359e-09
1.852942949e-09
1.87920414e-09
1.905212638e-09
1.930882907e-09
