0.01009256343
0.007136551726
0.005826995998
0.005046349023
0.004513611884
0.004120363436
0.003814732297
0.003568371239
0.003364307685
0.003191676765
0.00304315799
0.002799323247
0.002606051451
0.002447981024
0.002315579007
0.002151943755
0.002018729426
0.001907545794
0.00178437792
0.001659475299
0.001557603301
0.001457044241
0.00136121237
0.001282110069
0.001198146591
0.001121803238
0.001046988567
0.0009807467499
0.0009180108085
0.00085967831
0.0008060559456
0.0007528822548
0.0007055689969
0.0006604970512
0.0006184366349
0.0005787422882
0.0005411552109
0.0005068810212
0.0004742161705
0.0004437493477
0.0004153655317
0.0003889776467
0.0003642707317
0.0003410926807
0.0003193747436
0.0002990832772
0.0002801923342
0.0002624996784
0.0002460554688
0.0002307504233
0.0002164328829
0.0002031554219
0.000190839511
0.0001793975927
0.0001688382754
0.0001591336221
0.0001502352199
0.0001421426926
0.0001348485764
0.0001283296024
0.0001226155587
0.0001177038631
0.0001136162002
0.0001103773559
0.0001080137873
0.0001065536443
0.0001060271862
0.0001064609949
0.0001078806609
0.000110310458
0.0001137738645
0.0001183000557
0.000123920699
0.0001306797037
0.0001386334644
0.000147858043
0.0001584477765
0.0001705204432
0.0001842256923
0.0001997411963
0.0002172781892
0.0002370902198
0.0002594724589
0.0002847724411
0.0003133915673
0.0003457934043
0.0003825151203
0.0004241722334
0.0004714753388
0.0005252337338
0.0005863795378
0.0006559755741
