2.803284594e-09
1.402869108e-09
9.360782527e-10
7.026937352e-10
5.626718958e-10
4.693315139e-10
4.026663514e-10
3.526732887e-10
3.137950365e-10
2.826972207e-10
2.572579666e-10
2.360626903e-10
2.181320644e-10
2.027665687e-10
1.894532214e-10
1.77807286e-10
1.675345517e-10
1.584061875e-10
1.502415373e-10
1.428960756e-10
1.362528055e-10
1.30216002e-10
1.247065875e-10
1.196586639e-10
1.150168764e-10
1.107343861e-10
1.067712931e-10
1.030933971e-10
9.967121482e-11
9.6479194e-11
9.349507914e-11
9.069939647e-11
8.807503248e-11
8.56068868e-11
8.32815846e-11
8.108723696e-11
7.901324005e-11
7.705010603e-11
7.518932e-11
7.342321835e-11
7.174488496e-11
7.014806221e-11
6.862707441e-11
6.717676166e-11
6.579242256e-11
6.446976435e-11
6.320485944e-11
6.199410741e-11
6.083420154e-11
5.972209953e-11
5.865499753e-11
5.76303072e-11
5.664563542e-11
5.569876617e-11
5.478764446e-11
5.391036195e-11
5.306514406e-11
5.225033846e-11
5.146440472e-11
5.070590495e-11
4.997349544e-11
4.926591902e-11
4.858199821e-11
4.792062902e-11
4.728077525e-11
4.606177793e-11
4.548085708e-11
4.491788892e-11
4.437210779e-11
4.332925612e-11
4.283085769e-11
4.234698523e-11
4.142053627e-11
4.097689262e-11
4.054563687e-11
3.971844035e-11
3.932163205e-11
3.855958263e-11
3.819359365e-11
3.74899473e-11
3.715164174e-11
3.650055395e-11
3.58816356e-11
3.558358707e-11
3.500910213e-11
3.44619378e-11
3.419807447e-11
3.368880653e-11
3.320293468e-11
3.273909854e-11
3.229604043e-11
3.187259578e-11
3.166788793e-11
3.127186289e-11
3.089289367e-11
3.035446777e-11
3.001433355e-11
2.968836249e-11
2.937584778e-11
2.907612799e-11
2.878858342e-11
2.837883353e-11
2.811926123e-11
2.786997956e-11
2.751433546e-11
2.728879115e-11
2.696679216e-11
2.676245608e-11
2.647057053e-11
2.619525262e-11
2.602040568e-11
2.57704776e-11
2.55345729e-11
2.531186608e-11
2.510159196e-11
2.490304021e-11
2.471555061e-11
2.453850867e-11
2.437134183e-11
2.421351594e-11
2.406453214e-11
2.387883965e-11
2.374872493e-11
2.362600991e-11
2.347325504e-11
2.336638554e-11
2.323353814e-11
2.311106055e-11
2.299829153e-11
2.291971662e-11
2.282249463e-11
2.273340787e-11
2.265196114e-11
2.25776947e-11
2.249431094e-11
2.243468317e-11
2.23809523e-11
2.232156687e-11
2.227989868e-11
2.223463681e-11
2.220355764e-11
2.217071126e-11
2.214411254e-11
2.21233428e-11
2.210801534e-11
2.209777269e-11
2.2092284e-11
2.209154286e-11
2.209546529e-11
2.210523139e-11
2.211730447e-11
2.213618256e-11
2.21595174e-11
2.21869841e-11
2.221828386e-11
2.225314158e-11
2.229130368e-11
2.233253624e-11
2.23842343e-11
2.243140009e-11
2.248949931e-11
2.255065423e-11
2.261462072e-11
2.268117505e-11
2.275011196e-11
2.283157328e-11
2.290500026e-11
2.299116059e-11
2.307950829e-11
2.316984683e-11
2.326199686e-11
2.33557945e-11
2.345108988e-11
2.355991709e-11
2.36579539e-11
2.376956174e-11
2.388242096e-11
2.400912407e-11
2.41241967e-11
2.424013927e-11
2.436986213e-11
2.450040866e-11
2.463166504e-11
2.476352823e-11
2.490916744e-11
2.504201142e-11
2.518853523e-11
2.533538477e-11
2.548247772e-11
2.564313341e-11
2.579050428e-11
2.595131289e-11
2.611209626e-11
2.627279233e-11
2.644671705e-11
2.662041167e-11
2.679382072e-11
2.696689519e-11
2.713959178e-11
2.732510637e-11
2.751009656e-11
2.769452589e-11
2.789147043e-11
2.807464195e-11
2.827018057e-11
2.847791105e-11
2.867184528e-11
2.887782142e-11
2.908286526e-11
2.929968755e-11
2.950276859e-11
2.971748443e-11
2.994363544e-11
3.015608937e-11
3.037983858e-11
3.06146771e-11
3.083588725e-11
3.106805232e-11
3.131096283e-11
3.154033608e-11
3.178032709e-11
3.20307253e-11
3.227950761e-11
3.252669067e-11
3.278394823e-11
3.303949095e-11
3.329334057e-11
3.355694265e-11
3.381874433e-11
3.409003742e-11
3.435942841e-11
3.462694717e-11
3.49036538e-11
3.518934398e-11
3.547294547e-11
3.575449519e-11
3.604474116e-11
3.633285399e-11
3.662942678e-11
3.692379118e-11
3.722638562e-11
3.753701816e-11
3.784526304e-11
3.815116875e-11
3.846486405e-11
3.878616536e-11
3.910496729e-11
3.94311698e-11
3.975482647e-11
4.008568569e-11
4.042357443e-11
4.075878278e-11
4.110083432e-11
4.144956272e-11
4.179549247e-11
4.214792474e-11
4.25067003e-11
4.286257479e-11
4.323364399e-11
4.359271466e-11
4.396667867e-11
4.433758099e-11
4.471421718e-11
4.509644527e-11
4.548412582e-11
4.587712205e-11
4.626686281e-11
4.666179468e-11
4.707008618e-11
4.747494561e-11
4.787645653e-11
4.829088577e-11
4.870988602e-11
4.913334137e-11
4.955324936e-11
4.998534493e-11
5.042156363e-11
5.086180032e-11
5.129832668e-11
5.174635929e-11
5.219810962e-11
5.265348288e-11
5.311238679e-11
5.357473155e-11
5.404767496e-11
5.451658025e-11
5.499579411e-11
5.547799288e-11
5.596310032e-11
5.645798289e-11
5.695550952e-11
5.745561247e-11
5.796498869e-11
5.847669586e-11
5.899067431e-11
5.951345538e-11
6.003828097e-11
6.056509895e-11
6.11002793e-11
6.164360769e-11
6.218856502e-11
6.274136477e-11
6.330180497e-11
6.386354206e-11
6.44265433e-11
6.500285807e-11
6.558016719e-11
6.616438156e-11
6.675532339e-11
6.734698669e-11
6.795091809e-11
6.855533743e-11
6.916591501e-11
6.978812461e-11
7.041049949e-11
7.103857091e-11
7.167767832e-11
7.231666065e-11
7.296630339e-11
7.362098775e-11
7.42805842e-11
7.494496684e-11
7.561921735e-11
7.629792212e-11
7.698096726e-11
7.767331077e-11
7.837471248e-11
7.9079958e-11
7.978894945e-11
8.051137814e-11
8.123719519e-11
8.196631474e-11
8.270818452e-11
8.345302712e-11
8.420545005e-11
8.496525861e-11
8.573226315e-11
8.651083881e-11
8.72916464e-11
8.807911124e-11
8.88775041e-11
8.968214107e-11
9.049286267e-11
9.131383875e-11
9.214051831e-11
9.297700561e-11
9.381883656e-11
9.467005083e-11
9.553040766e-11
9.639557072e-11
9.727355098e-11
9.815595787e-11
9.904667555e-11
9.994945186e-11
1.00856127e-10
1.017743858e-10
1.027000748e-10
1.036368282e-10
1.045805738e-10
1.055348906e-10
1.06495786e-10
1.074667848e-10
1.084439723e-10
1.094344454e-10
1.104342705e-10
1.114432105e-10
1.124610351e-10
1.1348752e-10
1.145224474e-10
1.155690448e-10
1.166270164e-10
1.176926951e-10
1.187692385e-10
1.19856373e-10
1.209538319e-10
1.220613561e-10
1.231819274e-10
1.24308805e-10
1.254481906e-10
1.2659977e-10
1.277601146e-10
1.289321034e-10
1.301154456e-10
1.313098585e-10
1.325180821e-10
1.337337931e-10
1.349627359e-10
1.36204581e-10
1.374560963e-10
1.387228178e-10
1.399986442e-10
1.412861909e-10
1.42587982e-10
1.439008779e-10
1.452273711e-10
1.465671269e-10
1.479198201e-10
1.492824425e-10
1.506600936e-10
1.520524049e-10
1.534563951e-10
1.548743833e-10
1.563060295e-10
1.577510033e-10
1.592089838e-10
1.606821706e-10
1.621701963e-10
1.636702346e-10
1.651868967e-10
1.66717355e-10
1.682612814e-10
1.698231281e-10
1.71397734e-10
1.729894899e-10
1.745956615e-10
1.762159101e-10
1.778544771e-10
1.795063954e-10
1.811758494e-10
1.828624259e-10
1.845635147e-10
1.86283161e-10
1.88018758e-10
1.897699377e-10
1.915406118e-10
1.933260924e-10
1.951302417e-10
1.969526291e-10
1.987928358e-10
2.006504554e-10
2.025271221e-10
2.044203898e-10
2.063338781e-10
2.082671271e-10
2.102177281e-10
2.121891877e-10
2.141791064e-10
2.161889889e-10
2.182183912e-10
2.202687645e-10
2.223396438e-10
2.244305779e-10
2.265411289e-10
2.286745133e-10
2.308284237e-10
2.330059992e-10
2.352031701e-10
2.374230445e-10
2.396651339e-10
2.419306973e-10
2.442175137e-10
2.465285477e-10
2.48863285e-10
2.512212264e-10
2.536018878e-10
2.560081009e-10
2.584393313e-10
2.608950606e-10
2.63374786e-10
2.658812165e-10
2.684122181e-10
2.709704422e-10
2.735537747e-10
2.761648118e-10
2.788029958e-10
2.814677863e-10
2.84160171e-10
2.86879607e-10
2.896285444e-10
2.924064042e-10
2.952126249e-10
2.980495703e-10
3.009152037e-10
3.038104142e-10
3.067360641e-10
3.096943992e-10
3.126820031e-10
3.157025033e-10
3.187539088e-10
3.218397575e-10
3.249566987e-10
3.281082151e-10
3.312923415e-10
3.345111515e-10
3.377653423e-10
3.410542851e-10
3.443786685e-10
3.477391627e-10
3.511351424e-10
3.545698081e-10
3.580412327e-10
3.615500474e-10
3.650981088e-10
3.686859905e-10
3.723118067e-10
3.759785857e-10
3.796856558e-10
3.834347619e-10
3.872252262e-10
3.910587538e-10
3.949346623e-10
3.988534562e-10
4.028167857e-10
4.068251126e-10
4.108788903e-10
4.149796967e-10
4.191256996e-10
4.233207036e-10
4.27562872e-10
4.318537273e-10
4.361936633e-10
4.405852426e-10
4.450266487e-10
4.495204088e-10
4.54065795e-10
4.586652802e-10
4.633181265e-10
4.680267564e-10
4.727904244e-10
4.776104746e-10
4.824882255e-10
4.874239528e-10
4.92418946e-10
4.97473466e-10
5.025887763e-10
5.077671121e-10
5.130077026e-10
5.183117684e-10
5.236805113e-10
5.291151151e-10
5.346167467e-10
5.40186557e-10
5.458247292e-10
5.515333482e-10
5.573125804e-10
5.631644727e-10
5.690891779e-10
5.750896337e-10
5.811650463e-10
5.87317398e-10
5.935486414e-10
5.99858892e-10
6.062500773e-10
6.127232038e-10
6.192801622e-10
6.259219342e-10
6.326503778e-10
6.394655771e-10
6.46371118e-10
6.533661948e-10
6.604543499e-10
6.676356391e-10
6.749118442e-10
6.822855804e-10
6.8975774e-10
6.973300594e-10
7.050050994e-10
7.127828922e-10
7.206659793e-10
7.286568759e-10
7.367564288e-10
7.449671279e-10
7.532906262e-10
7.617293806e-10
7.702842138e-10
7.789583686e-10
7.877534552e-10
7.966718777e-10
8.057152309e-10
8.148858982e-10
8.241862493e-10
8.336186408e-10
8.431854177e-10
8.528889146e-10
8.627314561e-10
8.727161292e-10
8.828444651e-10
8.931187653e-10
9.035436122e-10
9.141197516e-10
9.248509748e-10
9.357395402e-10
9.46788455e-10
9.58000715e-10
9.693793046e-10
9.809271991e-10
9.926466236e-10
1.00454276e-09
1.016616336e-09
1.028872507e-09
1.041314201e-09
1.053944339e-09
1.066765844e-09
1.079783806e-09
1.093000403e-09
1.106420699e-09
1.120046861e-09
1.133883932e-09
1.14793479e-09
1.162204452e-09
1.176695786e-09
1.191413791e-09
1.206362739e-09
1.221546192e-09
1.236969118e-09
1.252635768e-09
1.268551089e-09
1.284718621e-09
1.301143997e-09
1.317831442e-09
1.334786569e-09
1.352013594e-09
1.36951811e-09
1.387305016e-09
1.40537989e-09
1.423748301e-09
1.44241513e-09
1.461385935e-09
1.480666952e-09
1.500263726e-09
1.520182478e-09
1.540428743e-09
1.561008728e-09
1.581929312e-09
1.603196014e-09
1.624816374e-09
1.646795903e-09
1.669142126e-09
1.691861889e-09
1.714961363e-09
1.738448723e-09
1.762330798e-09
1.786615081e-09
1.811309725e-09
1.836420884e-09
