4.179621767e-09
3.680693396e-09
3.759160336e-09
3.990002562e-09
4.266798063e-09
4.556932449e-09
4.831394388e-09
5.080455351e-09
5.303249209e-09
5.503532016e-09
5.68560076e-09
5.854988681e-09
6.015648768e-09
6.170867975e-09
6.323176132e-09
6.474073383e-09
6.624414309e-09
6.774578098e-09
6.924891337e-09
7.075350432e-09
7.226024478e-09
7.376928147e-09
7.527992183e-09
7.6791202e-09
7.830259484e-09
7.981327422e-09
8.132214246e-09
8.282865566e-09
8.433177509e-09
8.583059031e-09
8.732462742e-09
8.881352906e-09
9.029662885e-09
9.177349399e-09
9.324373925e-09
9.47068757e-09
9.616234132e-09
9.760977285e-09
9.90488161e-09
1.004792668e-08
1.019007304e-08
1.033128771e-08
1.047154098e-08
1.061081891e-08
1.074908582e-08
1.088632842e-08
1.102252572e-08
1.115766098e-08
1.129171587e-08
1.142467496e-08
1.155651698e-08
1.168722964e-08
1.181679964e-08
1.19452319e-08
1.207253716e-08
1.219875748e-08
1.232392992e-08
1.244810464e-08
1.257131796e-08
1.269357267e-08
1.281482916e-08
1.293500582e-08
1.305400507e-08
1.317173524e-08
1.328810667e-08
1.340304737e-08
1.351648925e-08
1.373865403e-08
1.384727921e-08
1.395418112e-08
1.405925316e-08
1.416236438e-08
1.426337065e-08
1.445848124e-08
1.455233609e-08
1.464359436e-08
1.473219177e-08
1.490117895e-08
1.498150416e-08
1.505902446e-08
1.52056069e-08
1.527466307e-08
1.540433564e-08
1.546497604e-08
1.557792358e-08
1.563027286e-08
1.572684265e-08
1.577111748e-08
1.585178454e-08
1.588823451e-08
1.595352008e-08
1.600885385e-08
1.603286474e-08
1.607374749e-08
1.610532793e-08
1.611770467e-08
1.613578694e-08
1.614515037e-08
1.614601983e-08
1.613860561e-08
1.612313593e-08
1.609986899e-08
1.606906714e-08
1.603102517e-08
1.598601917e-08
1.593429107e-08
1.587609315e-08
1.5811766e-08
1.574176431e-08
1.566659667e-08
1.55453532e-08
1.545966692e-08
1.537073299e-08
1.523260625e-08
1.513836885e-08
1.499554635e-08
1.490035995e-08
1.475920805e-08
1.466702513e-08
1.453298653e-08
1.444718301e-08
1.432497284e-08
1.421181376e-08
1.410899768e-08
1.401768466e-08
1.3963684e-08
1.389368419e-08
1.383752762e-08
1.379586121e-08
1.376921528e-08
1.37576357e-08
1.376708446e-08
1.379198309e-08
1.383205113e-08
1.390819657e-08
1.39814485e-08
1.409913832e-08
1.420128702e-08
1.435416348e-08
1.448002876e-08
1.466087819e-08
1.485458771e-08
1.505908793e-08
1.527256675e-08
1.543759358e-08
1.566302771e-08
1.595176484e-08
1.61870321e-08
1.642514205e-08
1.666533465e-08
1.696755978e-08
1.721041053e-08
1.751487852e-08
1.775898759e-08
1.806480479e-08
1.837153869e-08
1.861775471e-08
1.89268396e-08
1.92376282e-08
1.955031881e-08
1.986510139e-08
2.02457632e-08
2.056542997e-08
2.088720122e-08
2.12756963e-08
2.166609877e-08
2.199219531e-08
2.238354588e-08
2.277386927e-08
2.316200924e-08
2.354679075e-08
2.392717089e-08
2.430232092e-08
2.473251302e-08
2.509436164e-08
2.550848688e-08
2.591440131e-08
2.625645725e-08
2.664964308e-08
2.703777218e-08
2.742230406e-08
2.785936676e-08
2.824132163e-08
2.867900856e-08
2.906409836e-08
2.950739294e-08
2.99545004e-08
3.040543336e-08
3.085990064e-08
3.137470883e-08
3.18346718e-08
3.235379641e-08
3.2815987e-08
3.333611346e-08
3.385599236e-08
3.437551001e-08
3.495238257e-08
3.547149184e-08
3.604859566e-08
3.662636169e-08
3.720481099e-08
3.778354833e-08
3.836204797e-08
3.893942095e-08
3.95721153e-08
4.020102859e-08
4.082518071e-08
4.144410175e-08
4.205796888e-08
4.272260384e-08
4.33832186e-08
4.404129938e-08
4.469829487e-08
4.535524789e-08
4.606744683e-08
4.672528868e-08
4.743802738e-08
4.815009537e-08
4.891538978e-08
4.96241659e-08
5.038558713e-08
5.11453623e-08
5.195816155e-08
5.271582895e-08
5.352636065e-08
5.43346819e-08
5.513962714e-08
5.59933229e-08
5.684128803e-08
5.768377026e-08
5.852177063e-08
5.940869178e-08
6.029345533e-08
6.117674765e-08
6.205835423e-08
6.298925373e-08
6.391672396e-08
6.484062349e-08
6.581238491e-08
6.678120523e-08
6.774728496e-08
6.876054551e-08
6.971846609e-08
7.077086965e-08
7.176665227e-08
7.280628185e-08
7.384120467e-08
7.492162135e-08
7.599830334e-08
7.707060646e-08
7.818629777e-08
7.929656157e-08
8.044999549e-08
8.155064794e-08
8.274103848e-08
8.387671326e-08
8.505178781e-08
8.62659709e-08
8.747356551e-08
8.867534476e-08
8.991695731e-08
9.115150296e-08
9.24243163e-08
9.369002331e-08
9.494855596e-08
9.624353025e-08
9.757316711e-08
9.889314459e-08
1.002482738e-07
1.015950251e-07
1.029330777e-07
1.043050148e-07
1.057103929e-07
1.071059681e-07
1.085325455e-07
1.099472036e-07
1.113920399e-07
1.128263258e-07
1.142905569e-07
1.157834713e-07
1.172646467e-07
1.187734783e-07
1.20268775e-07
1.218282297e-07
1.233356039e-07
1.249067304e-07
1.264636707e-07
1.280442956e-07
1.296102621e-07
1.311973198e-07
1.328048213e-07
1.344328176e-07
1.36044617e-07
1.376756257e-07
1.393246938e-07
1.40990006e-07
1.426366482e-07
1.442994023e-07
1.459771068e-07
1.476690083e-07
1.493735947e-07
1.510892996e-07
1.527841704e-07
1.545214409e-07
1.56236824e-07
1.579609344e-07
1.596922579e-07
1.614303462e-07
1.63174363e-07
1.649234034e-07
1.666760777e-07
1.684312856e-07
1.702162493e-07
1.719740852e-07
1.737319799e-07
1.754885455e-07
1.77243479e-07
1.790213568e-07
1.807947507e-07
1.825375054e-07
1.842991562e-07
1.860536999e-07
1.878235706e-07
1.895602394e-07
1.913097123e-07
1.930478064e-07
1.947949054e-07
1.965278404e-07
1.98246204e-07
1.999490304e-07
2.016550794e-07
2.03343372e-07
2.050320668e-07
2.067003028e-07
2.083658813e-07
2.100092025e-07
2.116465432e-07
2.132594855e-07
2.148638061e-07
2.164413873e-07
2.180075494e-07
2.195602976e-07
2.210831531e-07
2.225902481e-07
2.24079512e-07
2.255494719e-07
2.269856691e-07
2.284124706e-07
2.298034896e-07
2.311697924e-07
2.325100002e-07
2.338226292e-07
2.351062978e-07
2.363597771e-07
2.375818102e-07
2.387714523e-07
2.399271336e-07
2.410564518e-07
2.42141067e-07
2.431963891e-07
2.44213067e-07
2.451972088e-07
2.461339221e-07
2.470418362e-07
2.47900697e-07
2.48721894e-07
2.495036114e-07
2.502399361e-07
2.509346943e-07
2.515826259e-07
2.521869763e-07
2.527462704e-07
2.532595268e-07
2.537233127e-07
2.541400323e-07
2.545086061e-07
2.548296951e-07
2.550991512e-07
2.55318377e-07
2.554869434e-07
2.556048351e-07
2.556705971e-07
2.55684733e-07
2.556466082e-07
2.555558352e-07
2.554123723e-07
2.552154485e-07
2.549657396e-07
2.546621716e-07
2.543061521e-07
2.538961304e-07
2.534322543e-07
2.529147082e-07
2.52343571e-07
2.517219098e-07
2.510446084e-07
2.503146152e-07
2.495326584e-07
2.486996935e-07
2.478125347e-07
2.468755454e-07
2.458894776e-07
2.448517384e-07
2.437630053e-07
2.426280233e-07
2.414440938e-07
2.402126892e-07
2.389343006e-07
2.376102579e-07
2.362416462e-07
2.348295974e-07
2.333712052e-07
2.318724688e-07
2.303351106e-07
2.287559672e-07
2.271413507e-07
2.254874754e-07
2.237964016e-07
2.220701414e-07
2.203111025e-07
2.185201337e-07
2.166936894e-07
2.148435962e-07
2.129625425e-07
2.110524677e-07
2.091200997e-07
2.071627727e-07
2.051823122e-07
2.031851076e-07
2.01163667e-07
1.991246305e-07
1.970654769e-07
1.949923321e-07
1.929068902e-07
1.908064223e-07
1.886931709e-07
1.865689635e-07
1.844363596e-07
1.822975658e-07
1.801503528e-07
1.78000717e-07
1.758469156e-07
1.736948335e-07
1.715387924e-07
1.69388445e-07
1.672379606e-07
1.650932525e-07
1.629523421e-07
1.608168838e-07
1.586925869e-07
1.565773307e-07
1.544695694e-07
1.523744638e-07
1.502932587e-07
1.48224112e-07
1.461683353e-07
1.441274757e-07
1.421024046e-07
1.400921018e-07
1.380974451e-07
1.361221265e-07
1.341633215e-07
1.322225028e-07
1.3029803e-07
1.283898602e-07
1.26499656e-07
1.246242774e-07
1.227731445e-07
1.209427595e-07
1.191346347e-07
1.173496512e-07
1.155888198e-07
1.138521891e-07
1.121378244e-07
1.104453364e-07
1.087736628e-07
1.071233872e-07
1.054973938e-07
1.038923976e-07
1.0230964e-07
1.007471482e-07
9.920847117e-08
9.769038322e-08
9.619661434e-08
9.472315405e-08
9.327257558e-08
9.183964501e-08
9.042948982e-08
8.90427387e-08
8.767319612e-08
8.631710016e-08
8.497008315e-08
8.364367618e-08
8.234008202e-08
8.105873197e-08
7.979710772e-08
7.855588152e-08
7.733394079e-08
7.613105461e-08
7.494740105e-08
7.378117633e-08
7.263424417e-08
7.150511891e-08
7.039353336e-08
6.930153448e-08
6.822762031e-08
6.717384164e-08
6.613971284e-08
6.512610265e-08
6.41272255e-08
6.314279514e-08
6.217235533e-08
6.121536762e-08
6.027124103e-08
5.934109486e-08
5.842516858e-08
5.752375567e-08
5.663987318e-08
5.577122563e-08
5.491629639e-08
5.407779376e-08
5.325377862e-08
5.244509041e-08
5.165006268e-08
5.086798796e-08
5.009839775e-08
4.934299923e-08
4.859830371e-08
4.786966866e-08
4.715122884e-08
4.644263974e-08
4.574793611e-08
4.507154729e-08
4.441939717e-08
4.377692202e-08
4.314227053e-08
4.251610549e-08
4.189875526e-08
4.129062979e-08
4.069220945e-08
4.010296598e-08
3.952310156e-08
3.895256805e-08
3.839141836e-08
3.783976603e-08
3.72973427e-08
3.676422733e-08
3.623993905e-08
3.572499251e-08
3.521890084e-08
3.472108484e-08
3.423220982e-08
3.375191925e-08
3.328001645e-08
3.281661001e-08
3.23613837e-08
3.191428507e-08
3.147483473e-08
3.10432168e-08
3.061937377e-08
3.020317694e-08
2.979445504e-08
2.939317981e-08
2.89993808e-08
2.861299582e-08
2.82336113e-08
2.786143583e-08
2.749602001e-08
2.713757184e-08
2.678579675e-08
2.644070182e-08
2.610221365e-08
2.577031274e-08
2.544491486e-08
2.512612593e-08
2.481361738e-08
2.450738069e-08
2.420728935e-08
2.391335486e-08
2.36256304e-08
2.334399429e-08
2.30681716e-08
2.279865469e-08
2.253534779e-08
2.227773382e-08
2.202591407e-08
2.178004168e-08
2.154018165e-08
2.130590144e-08
2.107724924e-08
2.085433521e-08
2.063726839e-08
2.042651523e-08
2.022175813e-08
2.002279706e-08
1.982964241e-08
1.964229174e-08
1.946077829e-08
1.928551509e-08
1.911681896e-08
1.895430531e-08
1.879806631e-08
1.864799935e-08
1.850443692e-08
1.836766489e-08
1.823764227e-08
1.81146289e-08
1.799901866e-08
1.789098081e-08
1.779095071e-08
1.769889992e-08
