6.61094459e-15
7.671452653e-15
8.308068623e-15
8.53537622e-15
8.526717465e-15
8.389035098e-15
8.180776418e-15
7.939221329e-15
7.689188176e-15
7.443375322e-15
7.208323993e-15
6.987159593e-15
6.781067046e-15
6.590537993e-15
6.41484829e-15
6.252081728e-15
6.100701051e-15
5.959554404e-15
5.827437443e-15
5.703349278e-15
5.586849955e-15
5.47754791e-15
5.37486673e-15
5.278301007e-15
5.187440585e-15
5.101812032e-15
5.020907948e-15
4.944280663e-15
4.871574625e-15
4.802459776e-15
4.736661007e-15
4.673896211e-15
4.613958122e-15
4.556662971e-15
4.501817772e-15
4.449273134e-15
4.398999153e-15
4.350948772e-15
4.304994577e-15
4.26098818e-15
4.218757708e-15
4.178153656e-15
4.139085219e-15
4.101473977e-15
4.065268081e-15
4.030436376e-15
3.996914434e-15
3.964637058e-15
3.933514476e-15
3.903470113e-15
3.874445988e-15
3.846404539e-15
3.819313896e-15
3.793147946e-15
3.767875789e-15
3.743465432e-15
3.7198801e-15
3.697090311e-15
3.675069397e-15
3.653791278e-15
3.633233456e-15
3.613359783e-15
3.594134038e-15
3.575524146e-15
3.557521022e-15
3.523301469e-15
3.507046228e-15
3.491337503e-15
3.476152155e-15
3.447228775e-15
3.433452257e-15
3.420108459e-15
3.394659881e-15
3.382527182e-15
3.370767485e-15
3.348329126e-15
3.337628283e-15
3.317212154e-15
3.307473261e-15
3.288918855e-15
3.280097136e-15
3.263297254e-15
3.247497901e-15
3.239954227e-15
3.225566762e-15
3.212080123e-15
3.20567507e-15
3.193540499e-15
3.182287861e-15
3.171855489e-15
3.162163792e-15
3.153143845e-15
3.148864652e-15
3.140746709e-15
3.133199588e-15
3.122880432e-15
3.116627918e-15
3.11086161e-15
3.105581293e-15
3.100778576e-15
3.096470149e-15
3.090903568e-15
3.087725895e-15
3.084942141e-15
3.081444334e-15
3.079525137e-15
3.077220751e-15
3.076068033e-15
3.074912939e-15
3.074378172e-15
3.074340944e-15
3.07475567e-15
3.075756703e-15
3.077296502e-15
3.079344417e-15
3.081861868e-15
3.08482411e-15
3.088161432e-15
3.091815348e-15
3.09578806e-15
3.100098612e-15
3.106336893e-15
3.111346738e-15
3.116611012e-15
3.124006338e-15
3.129822051e-15
3.137941818e-15
3.146449483e-15
3.155358202e-15
3.162277219e-15
3.171837854e-15
3.181724041e-15
3.191905998e-15
3.202374546e-15
3.215896867e-15
3.227055131e-15
3.238450523e-15
3.25301671e-15
3.264898373e-15
3.280012109e-15
3.29228588e-15
3.307840031e-15
3.323578887e-15
3.33949505e-15
3.355605472e-15
3.371898792e-15
3.38833816e-15
3.408267938e-15
3.425035991e-15
3.445323965e-15
3.462317306e-15
3.482811495e-15
3.503384312e-15
3.524033137e-15
3.544763105e-15
3.565576967e-15
3.586478909e-15
3.607452451e-15
3.63202395e-15
3.653130512e-15
3.67779286e-15
3.702519883e-15
3.727263055e-15
3.751999703e-15
3.776681898e-15
3.804840026e-15
3.829414596e-15
3.857454179e-15
3.885422007e-15
3.913325469e-15
3.941155397e-15
3.968900321e-15
3.996520257e-15
4.027462377e-15
4.054847143e-15
4.085504125e-15
4.116020913e-15
4.149786342e-15
4.180059634e-15
4.210197477e-15
4.243540272e-15
4.27674452e-15
4.309795528e-15
4.342689725e-15
4.378700378e-15
4.411257896e-15
4.446872096e-15
4.482283401e-15
4.517515515e-15
4.555757334e-15
4.590644167e-15
4.628513154e-15
4.666185943e-15
4.703650796e-15
4.743995874e-15
4.784101231e-15
4.823952561e-15
4.863592717e-15
4.903020235e-15
4.945217714e-15
4.987176712e-15
5.028874645e-15
5.073283913e-15
5.114492874e-15
5.158377705e-15
5.204877612e-15
5.248179345e-15
5.294069533e-15
5.33966127e-15
5.387778987e-15
5.432762573e-15
5.480228358e-15
5.530141602e-15
5.576969976e-15
5.626216855e-15
5.677815312e-15
5.726334133e-15
5.777170034e-15
5.830290389e-15
5.88037633e-15
5.932715927e-15
5.987254858e-15
6.041359073e-15
6.095046632e-15
6.150855689e-15
6.206221125e-15
6.261139769e-15
6.318083539e-15
6.374549659e-15
6.432974954e-15
6.490886206e-15
6.548282347e-15
6.607546012e-15
6.66862849e-15
6.729165428e-15
6.78916102e-15
6.850912564e-15
6.91212006e-15
6.975017504e-15
7.03734921e-15
7.101309604e-15
7.166833841e-15
7.23172957e-15
7.296016274e-15
7.361819469e-15
7.429101383e-15
7.495740484e-15
7.563805944e-15
7.631229412e-15
7.700042783e-15
7.770210236e-15
7.839707175e-15
7.910505105e-15
7.982555993e-15
8.053925354e-15
8.126546383e-15
8.200379814e-15
8.273528298e-15
8.349695494e-15
8.423305361e-15
8.499881078e-15
8.575739122e-15
8.652674599e-15
8.730654295e-15
8.809653827e-15
8.889637786e-15
8.968864018e-15
9.049043518e-15
9.131836656e-15
9.213851527e-15
9.295110762e-15
9.378906529e-15
9.463542056e-15
9.548989978e-15
9.633631358e-15
9.720641171e-15
9.808396768e-15
9.896882198e-15
9.98455453e-15
1.007447369e-14
1.016507691e-14
1.025634638e-14
1.034826302e-14
1.044080929e-14
1.053541311e-14
1.062914342e-14
1.072486307e-14
1.082110517e-14
1.091785099e-14
1.101647339e-14
1.111555779e-14
1.121509885e-14
1.13164296e-14
1.14181665e-14
1.152029247e-14
1.162410624e-14
1.172826179e-14
1.183274117e-14
1.193879708e-14
1.204637646e-14
1.215418436e-14
1.226344133e-14
1.237408998e-14
1.248487092e-14
1.25957777e-14
1.270917736e-14
1.28226388e-14
1.293731764e-14
1.305316684e-14
1.316899806e-14
1.328704973e-14
1.34050059e-14
1.352396263e-14
1.364496898e-14
1.376578006e-14
1.388745844e-14
1.401102726e-14
1.413431964e-14
1.425941097e-14
1.438520305e-14
1.451167093e-14
1.463878869e-14
1.476753249e-14
1.489686323e-14
1.502675568e-14
1.515814636e-14
1.529098634e-14
1.542428228e-14
1.555801557e-14
1.569400943e-14
1.583036523e-14
1.596707717e-14
1.610592611e-14
1.624508474e-14
1.63854288e-14
1.652693613e-14
1.666957321e-14
1.681416247e-14
1.695894954e-14
1.710472731e-14
1.725226196e-14
1.740065679e-14
1.75498683e-14
1.770066183e-14
1.785220472e-14
1.800525879e-14
1.815901625e-14
1.831422763e-14
1.847085941e-14
1.862813217e-14
1.878751238e-14
1.894748909e-14
1.910878033e-14
1.927207151e-14
1.943589347e-14
1.960162832e-14
1.976851381e-14
1.993717425e-14
2.010684042e-14
2.027810885e-14
2.045022949e-14
2.062379982e-14
2.079810074e-14
2.097437161e-14
2.115185859e-14
2.133044985e-14
2.151002256e-14
2.169045822e-14
2.187161876e-14
2.205396439e-14
2.223732011e-14
2.242094884e-14
2.26053174e-14
2.279035631e-14
2.297601836e-14
2.316226736e-14
2.334962147e-14
2.353699786e-14
2.372546619e-14
2.391499431e-14
2.410504282e-14
2.429615752e-14
2.448835677e-14
2.468161461e-14
2.487640272e-14
2.50717319e-14
2.526858519e-14
2.546696676e-14
2.566641459e-14
2.586786156e-14
2.607033679e-14
2.627422795e-14
2.647989362e-14
2.668678221e-14
2.689528981e-14
2.710538122e-14
2.731708277e-14
2.752997215e-14
2.77448724e-14
2.796173252e-14
2.818010701e-14
2.84003551e-14
2.862248309e-14
2.884650312e-14
2.90724328e-14
2.930065086e-14
2.953118105e-14
2.9763634e-14
2.999871282e-14
3.023595223e-14
3.047538083e-14
3.071782084e-14
3.096258801e-14
3.121031998e-14
3.146055827e-14
3.171323668e-14
3.196897398e-14
3.222682897e-14
3.248714954e-14
3.274972038e-14
3.301392845e-14
3.328039952e-14
3.354867878e-14
3.381884834e-14
3.409158623e-14
3.436607414e-14
3.464266736e-14
3.492117633e-14
3.520161567e-14
3.548357982e-14
3.576714218e-14
3.60520567e-14
3.633868451e-14
3.662666543e-14
3.691556615e-14
3.720606277e-14
3.749807689e-14
3.779187604e-14
3.808733573e-14
3.838486024e-14
3.868432532e-14
3.898564767e-14
3.928887623e-14
3.959447426e-14
3.990201688e-14
4.02118523e-14
4.052326774e-14
4.083641058e-14
4.115084398e-14
4.146646674e-14
4.178276566e-14
4.209995384e-14
4.24177277e-14
4.273572071e-14
4.305356767e-14
4.337124993e-14
4.368813899e-14
4.40036177e-14
4.431696901e-14
4.462801341e-14
4.493603362e-14
4.524095238e-14
4.554197931e-14
4.583913138e-14
4.613231366e-14
4.642128396e-14
4.670606932e-14
4.698612892e-14
4.72617819e-14
4.753305111e-14
4.779990885e-14
4.806223561e-14
4.831882586e-14
4.856896519e-14
4.881271932e-14
4.905121278e-14
4.928528478e-14
4.951547172e-14
4.97421319e-14
4.99657044e-14
5.018673758e-14
5.040625173e-14
5.062475478e-14
5.084325627e-14
5.106264385e-14
5.128328954e-14
5.15041632e-14
5.172493884e-14
5.194517286e-14
5.216545106e-14
5.238650776e-14
5.2609129e-14
5.283417372e-14
5.306121952e-14
5.328938991e-14
5.351821605e-14
5.374764108e-14
5.397840124e-14
5.421065052e-14
5.44446663e-14
5.468017627e-14
5.491648907e-14
5.515204579e-14
5.53855346e-14
5.561547393e-14
5.584095912e-14
5.606122479e-14
5.627617955e-14
5.64849604e-14
5.66867685e-14
5.68814903e-14
5.706969034e-14
5.725222855e-14
5.743000579e-14
5.760292844e-14
5.777073293e-14
5.793309418e-14
5.809086865e-14
5.824407393e-14
5.839301649e-14
5.853811356e-14
5.867979659e-14
5.881697474e-14
5.894773981e-14
5.907160381e-14
5.918936338e-14
5.930214027e-14
5.940813237e-14
5.950790964e-14
5.960184332e-14
5.968927712e-14
5.977250537e-14
5.985114375e-14
5.992420278e-14
5.999115265e-14
6.005220784e-14
6.010790941e-14
6.015409828e-14
6.018683197e-14
6.020488559e-14
6.021221242e-14
6.021357465e-14
6.021027554e-14
6.020361507e-14
6.019522344e-14
6.018770077e-14
6.018018751e-14
6.016564811e-14
6.01444819e-14
6.012185225e-14
6.009964286e-14
6.007483489e-14
6.00441227e-14
5.999519272e-14
5.991521819e-14
5.979756686e-14
5.964004977e-14
5.944136995e-14
5.920566756e-14
5.893272038e-14
5.861865252e-14
5.826761713e-14
5.789676097e-14
5.751168008e-14
5.711074968e-14
5.668938133e-14
5.62377392e-14
5.576774526e-14
5.530290702e-14
5.485635859e-14
5.443196952e-14
5.403497073e-14
5.367365194e-14
5.336462552e-14
5.310152114e-14
5.288310942e-14
5.272252452e-14
5.261452553e-14
5.254374311e-14
5.249080628e-14
5.246915611e-14
5.247683588e-14
5.248028651e-14
5.245105787e-14
5.23797436e-14
5.226783801e-14
5.211936264e-14
5.194591297e-14
5.177019452e-14
5.160930495e-14
5.144776687e-14
5.130398256e-14
5.121329221e-14
5.117698084e-14
5.120166649e-14
5.127700695e-14
5.138784975e-14
5.155028858e-14
5.175759409e-14
5.198636371e-14
5.222482988e-14
5.243877392e-14
5.262711706e-14
5.280805812e-14
5.30130873e-14
5.325500722e-14
5.351246001e-14
5.374398267e-14
5.395422393e-14
5.4152839e-14
5.434852728e-14
5.451975424e-14
5.466544245e-14
5.479206086e-14
5.489801855e-14
5.49994865e-14
5.507907514e-14
5.513178797e-14
5.514036217e-14
5.504941122e-14
5.487992012e-14
5.464175026e-14
5.429581153e-14
5.38208062e-14
5.320845234e-14
5.243375491e-14
5.142540733e-14
5.020305845e-14
4.878369789e-14
4.706961148e-14
4.513884634e-14
4.30966535e-14
4.089476674e-14
3.854980945e-14
3.604586868e-14
