0.03397638831
0.02242264431
0.01785064578
0.01525722208
0.01353697981
0.01229043331
0.01133416512
0.01057077147
0.009943158379
0.009415372694
0.008963505183
0.008225804808
0.007644527853
0.007171234863
0.006776174128
0.006289548735
0.00589463899
0.005565843166
0.005202410363
0.004834666565
0.004535292892
0.004240239848
0.003959456009
0.003727963027
0.003482496214
0.003259516737
0.003041181458
0.002848001223
0.002665153322
0.002495225391
0.002339084108
0.002184304011
0.002046621968
0.001915490244
0.001793138757
0.001677680066
0.00156835291
0.001468656477
0.001373628754
0.001284975712
0.001202356832
0.001125513167
0.001053521707
0.0009859323608
0.0009225367935
0.000863228127
0.0008079212028
0.0007560124499
0.0007076355265
0.0006624538936
0.0006199995383
0.0005804042337
0.0005434067313
0.0005087086964
0.0004762935193
0.0004460267464
0.0004176972212
0.0003912309371
0.000366519353
0.0003433799456
0.0003217974824
0.0003016234143
0.0002827799511
0.0002651897926
0.0002487729416
0.0002334485669
0.0002191657893
0.0002058454071
0.0001934364219
0.0001818800035
0.0001711272223
0.0001611243612
0.0001518310897
0.0001432039214
0.0001352041597
0.0001277935323
0.0001209387128
0.000114608364
0.0001087709774
0.0001033988438
9.846616534e-05
9.394774886e-05
8.982058429e-05
8.606254152e-05
8.265324145e-05
7.957359362e-05
7.680548059e-05
7.433219118e-05
7.213800094e-05
7.020865953e-05
6.853094082e-05
6.709302808e-05
