533.5016412
341.7324203
270.702239
231.5269893
205.5213666
190.212837
173.9950827
163.064271
154.2833631
145.8926586
139.0658385
127.6662282
118.5428787
111.5296263
105.5387818
98.26414552
92.28825232
87.10144959
80.99638241
74.63165378
69.630765
64.82140647
60.34379113
56.85212035
53.31470566
50.09808958
46.57351786
43.59159127
40.90922479
38.4208025
35.85184453
33.5328457
31.44527612
29.48184844
27.67014551
25.99691285
24.32584285
22.85023426
21.49844038
20.23670345
19.0576016
17.98645976
16.9846596
16.05319446
15.22035413
14.43177853
13.6477247
12.87490241
12.16865024
11.48841858
10.86211913
10.29002079
9.801134705
9.388845432
9.107014052
8.879396016
8.680429085
8.529737102
8.35673591
8.132627392
7.948093219
7.815654468
7.716696649
7.674857926
7.655704148
7.6356463
7.653066971
7.723372267
7.78325577
7.808696782
7.869482402
7.963713811
8.0701604
8.19732669
8.376456922
8.611152155
8.938162253
9.446042962
10.18026729
11.10448424
12.16978646
13.38549477
14.84786901
16.43327898
18.27013319
20.43369952
22.84416957
25.2475249
27.31485525
28.98232509
30.81144776
31.17111046
