0.01007998893
0.007116875394
0.005810589768
0.005038632143
0.004507067126
0.004113880092
0.003808754552
0.003562565978
0.003358798475
0.003185715818
0.003036920153
0.002792694143
0.002598440455
0.002441393396
0.002310486391
0.00214815171
0.002014489001
0.001903488078
0.001781080078
0.001655999216
0.001553292099
0.001452507044
0.001356915631
0.00127677698
0.001192711588
0.001118369289
0.001045843321
0.0009810308433
0.0009203387602
0.0008640920828
0.0008103167682
0.0007579080442
0.000711840344
0.0006679239016
0.0006256472347
0.0005858424084
0.0005475165975
0.0005121489582
0.0004786872625
0.0004477758698
0.0004183369837
0.0003920201753
0.0003667871577
0.0003433326391
0.0003208822158
0.0003009181539
0.0002826503776
0.000266992282
0.0002511740128
0.0002353506075
0.0002200097543
0.0002050155372
0.0001903167451
0.000176490128
0.0001650871925
0.0001554925281
0.0001466629827
0.0001385748773
0.0001322089502
0.000125643366
0.0001193201308
0.0001137014779
0.0001098102756
0.0001061910577
0.0001047029526
0.0001046446243
0.0001057497517
0.0001080614762
0.0001113567344
0.0001152251012
0.0001200180726
0.0001267538232
0.0001326360017
0.0001376007687
0.0001429094324
0.0001500826823
0.0001567948798
0.0001653408341
0.0001766216613
0.0001910275188
0.0002066024126
0.0002249569144
0.0002466222287
0.0002712583645
0.0003005498457
0.000335159721
0.0003764285688
0.0004261542968
0.0004846551839
0.0005529964994
0.0006262408358
0.0006788875577
