3.327713064e-09
2.353022425e-09
1.92122822e-09
1.663829964e-09
1.488173684e-09
1.358510031e-09
1.25773574e-09
1.176504074e-09
1.109218798e-09
1.052297528e-09
1.003326544e-09
9.606122747e-10
9.229266792e-10
8.893546697e-10
8.591985126e-10
8.319156595e-10
8.070770158e-10
7.843381534e-10
7.634189759e-10
7.440890505e-10
7.261568312e-10
7.09461609e-10
6.93867409e-10
6.792583023e-10
6.655347592e-10
6.526107823e-10
6.404116298e-10
6.288719888e-10
6.179344999e-10
6.075485532e-10
5.976693005e-10
5.882568384e-10
5.79275529e-10
5.706934307e-10
5.624818195e-10
5.546147842e-10
5.470688815e-10
5.39822842e-10
5.328573178e-10
5.261546645e-10
5.196987537e-10
5.13474809e-10
5.07469264e-10
5.016696377e-10
4.960644253e-10
4.906430024e-10
4.853955399e-10
4.803129294e-10
4.753867162e-10
4.706090408e-10
4.659725856e-10
4.614705279e-10
4.570964979e-10
4.528445403e-10
4.487090809e-10
4.446848952e-10
4.407670811e-10
4.369510335e-10
4.332324217e-10
4.296071688e-10
4.260714325e-10
4.226215887e-10
4.192542151e-10
4.159660776e-10
4.127541166e-10
4.0654729e-10
4.035470768e-10
4.006123258e-10
3.977406905e-10
3.921779545e-10
3.89482713e-10
3.868422923e-10
3.81718664e-10
3.792320386e-10
3.767933887e-10
3.720539901e-10
3.69750392e-10
3.652687278e-10
3.630881609e-10
3.58841689e-10
3.56773579e-10
3.527424244e-10
3.488449102e-10
3.46943989e-10
3.432335589e-10
3.396396958e-10
3.378845919e-10
3.344545033e-10
3.311268131e-10
3.278965261e-10
3.247589813e-10
3.217098246e-10
3.202171085e-10
3.172929776e-10
3.144475285e-10
3.103193586e-10
3.07655904e-10
3.050598834e-10
3.025284985e-10
3.000591112e-10
2.976492313e-10
2.94140878e-10
2.918697539e-10
2.896504463e-10
2.864144227e-10
2.843163826e-10
2.812540292e-10
2.792666019e-10
2.763629219e-10
2.735479877e-10
2.717184676e-10
2.690417492e-10
2.664426243e-10
2.639174151e-10
2.614626837e-10
2.590752115e-10
2.567519824e-10
2.544901662e-10
2.52287104e-10
2.501402957e-10
2.480473873e-10
2.453368716e-10
2.433613195e-10
2.414327468e-10
2.389312422e-10
2.3710533e-10
2.347346676e-10
2.32433739e-10
2.301991913e-10
2.285649514e-10
2.264391581e-10
2.243716129e-10
2.223597034e-10
2.204009788e-10
2.180238696e-10
2.161766002e-10
2.143755185e-10
2.121862439e-10
2.10482325e-10
2.084090729e-10
2.06793885e-10
2.048267583e-10
2.029147415e-10
2.010553086e-10
1.992460932e-10
1.974848749e-10
1.957695688e-10
1.937690532e-10
1.921480144e-10
1.90255466e-10
1.887203665e-10
1.869264123e-10
1.851826867e-10
1.834868892e-10
1.818368638e-10
1.802305881e-10
1.786661627e-10
1.771418016e-10
1.754117796e-10
1.739685863e-10
1.723290792e-10
1.707350938e-10
1.691845621e-10
1.676755454e-10
1.662062239e-10
1.645734167e-10
1.631835278e-10
1.616374313e-10
1.601344927e-10
1.586727412e-10
1.572503298e-10
1.558655252e-10
1.545166996e-10
1.530403738e-10
1.517630309e-10
1.503635889e-10
1.490021907e-10
1.475320901e-10
1.462455738e-10
1.449921659e-10
1.436366264e-10
1.423184426e-10
1.410359301e-10
1.397875091e-10
1.384518536e-10
1.372703015e-10
1.360049346e-10
1.347739637e-10
1.335758587e-10
1.323046331e-10
1.311707076e-10
1.299663858e-10
1.287946771e-10
1.276541363e-10
1.264521504e-10
1.25283534e-10
1.241467718e-10
1.230404431e-10
1.219632145e-10
1.208342303e-10
1.197360741e-10
1.186673687e-10
1.175535417e-10
1.165418185e-10
1.154863445e-10
1.143915736e-10
1.13393051e-10
1.123563103e-10
1.113475466e-10
1.103050091e-10
1.093501305e-10
1.083623104e-10
1.073450778e-10
1.064102537e-10
1.054466387e-10
1.044574233e-10
1.035455573e-10
1.026085341e-10
1.016492308e-10
1.00762436e-10
9.985365553e-11
9.892547942e-11
9.802278208e-11
9.714442005e-11
9.624916421e-11
9.537828245e-11
9.453068978e-11
9.366836642e-11
9.282929236e-11
9.197741655e-11
9.114864774e-11
9.03419613e-11
8.952410798e-11
8.869675446e-11
8.789200772e-11
8.710885828e-11
8.631743189e-11
8.554727886e-11
8.477007267e-11
8.401376184e-11
8.325148919e-11
8.248446414e-11
8.173835488e-11
8.101222977e-11
8.028196643e-11
7.954858927e-11
7.883505518e-11
7.811907854e-11
7.742236995e-11
7.672380747e-11
7.602420852e-11
7.534352113e-11
7.466223671e-11
7.398106098e-11
7.331831959e-11
7.265599992e-11
7.199470872e-11
7.135128341e-11
7.069326267e-11
7.006866108e-11
6.943046852e-11
6.88095465e-11
6.819093736e-11
6.757505391e-11
6.696227865e-11
6.6352965e-11
6.576014807e-11
6.517072555e-11
6.457296282e-11
6.399152715e-11
6.342569241e-11
6.285259805e-11
6.228415982e-11
6.172056578e-11
6.117218995e-11
6.061849578e-11
6.007010851e-11
5.952714669e-11
5.899885529e-11
5.846679272e-11
5.794043278e-11
5.741983975e-11
5.690506652e-11
5.639615535e-11
5.588538736e-11
5.538849699e-11
5.489019596e-11
5.439822404e-11
5.391256315e-11
5.342643529e-11
5.294693058e-11
5.247399745e-11
5.200136443e-11
5.153552565e-11
5.107640321e-11
5.061819598e-11
5.016685318e-11
4.972227693e-11
4.927910175e-11
4.883765735e-11
4.840323162e-11
4.797085272e-11
4.754079276e-11
4.71178859e-11
4.670198638e-11
4.628427703e-11
4.587376262e-11
4.546618059e-11
4.506171009e-11
4.466439385e-11
4.426651479e-11
4.387586528e-11
4.348869537e-11
4.310165169e-11
4.272187397e-11
4.234588738e-11
4.197058376e-11
4.160250441e-11
4.123541467e-11
4.087255191e-11
4.051395485e-11
4.015965468e-11
3.980697968e-11
3.945879268e-11
3.911509881e-11
3.877342045e-11
3.843395911e-11
3.809924095e-11
3.776924013e-11
3.743950397e-11
3.711467034e-11
3.679469297e-11
3.64754623e-11
3.616121666e-11
3.584997616e-11
3.554183939e-11
3.523689498e-11
3.493346266e-11
3.463518156e-11
3.434030298e-11
3.404726745e-11
3.375782743e-11
3.347201904e-11
3.318839301e-11
3.290853712e-11
3.2631071e-11
3.235747998e-11
3.208645012e-11
3.181809326e-11
3.155375151e-11
3.129100026e-11
3.103236912e-11
3.077669534e-11
3.052294706e-11
3.027342113e-11
3.002600038e-11
2.978183144e-11
2.953997701e-11
2.930150499e-11
2.906552203e-11
2.883302232e-11
2.860315511e-11
2.837684571e-11
2.815247238e-11
2.793097065e-11
2.771240467e-11
2.749683167e-11
2.728430232e-11
2.707486115e-11
2.68678746e-11
2.666343959e-11
2.6462275e-11
2.626379063e-11
2.606806094e-11
2.587515318e-11
2.568512777e-11
2.549750386e-11
2.531341667e-11
2.513185538e-11
2.495290694e-11
2.477711758e-11
2.460406045e-11
2.443380178e-11
2.426640117e-11
2.410150602e-11
2.393999006e-11
2.378109671e-11
2.36249032e-11
2.347183076e-11
2.332122771e-11
2.317384107e-11
2.302937165e-11
2.288756386e-11
2.274878315e-11
2.261278517e-11
2.247963243e-11
2.234938112e-11
2.222232833e-11
2.209801449e-11
2.197650893e-11
2.185809163e-11
2.174258267e-11
2.163003286e-11
2.152048715e-11
2.141398499e-11
2.131038729e-11
2.120974765e-11
2.111227075e-11
2.101767626e-11
2.09261655e-11
2.083776948e-11
2.075225896e-11
2.066993806e-11
2.059059436e-11
2.051438588e-11
2.044133795e-11
2.037128091e-11
2.030444465e-11
2.024067307e-11
2.018000635e-11
2.012255101e-11
2.006818608e-11
2.001701266e-11
1.996904914e-11
1.992420533e-11
1.988261287e-11
1.984419041e-11
1.980896427e-11
1.977695533e-11
1.974817926e-11
1.972262105e-11
1.970032032e-11
1.968124212e-11
1.966540542e-11
1.965283479e-11
1.964351346e-11
1.963745965e-11
1.96346715e-11
1.963515317e-11
1.963890914e-11
1.96459431e-11
1.965625408e-11
1.966983666e-11
1.968671272e-11
1.970686538e-11
1.973032518e-11
1.97570457e-11
1.978705836e-11
1.98203538e-11
1.985694767e-11
1.989679748e-11
1.993994793e-11
1.998638536e-11
2.003609217e-11
2.008904717e-11
2.014530483e-11
2.020484645e-11
2.026764967e-11
2.033368883e-11
2.040302528e-11
2.047558859e-11
2.05514427e-11
2.06305122e-11
2.071286312e-11
2.079846591e-11
2.088728823e-11
2.097934751e-11
2.107460908e-11
2.117314384e-11
2.127491713e-11
2.137989197e-11
2.148814124e-11
2.159957099e-11
2.171419723e-11
2.183203645e-11
2.19531636e-11
2.207742113e-11
2.220494149e-11
2.23356229e-11
2.24695996e-11
2.260670817e-11
2.274708315e-11
2.28906188e-11
2.303738973e-11
2.318741026e-11
2.334063322e-11
2.349707186e-11
2.365673917e-11
2.381958632e-11
2.398574869e-11
2.415511518e-11
2.43276973e-11
2.450356802e-11
2.468273825e-11
2.486509502e-11
2.505077195e-11
2.523971708e-11
2.543200143e-11
2.562757235e-11
2.582649994e-11
2.602873094e-11
2.623427331e-11
2.644319577e-11
2.665550526e-11
2.687120834e-11
2.709037187e-11
2.731288036e-11
2.753892075e-11
2.776837714e-11
2.800131448e-11
2.823773705e-11
2.847776784e-11
2.872129087e-11
2.896842788e-11
2.921912219e-11
2.947349366e-11
2.973148509e-11
2.999321449e-11
3.025862418e-11
3.052777271e-11
3.080071759e-11
3.107745818e-11
3.135805074e-11
3.164249393e-11
3.193084283e-11
3.222320773e-11
3.251952937e-11
3.281986087e-11
3.312425449e-11
3.343276162e-11
3.374543285e-11
3.406231797e-11
3.438341172e-11
3.470881717e-11
3.503852817e-11
3.537264586e-11
3.571116329e-11
3.605423272e-11
3.640179311e-11
3.675394215e-11
3.711077592e-11
3.747228531e-11
3.783856497e-11
3.82096568e-11
3.858565337e-11
3.896659507e-11
3.935257258e-11
3.974357471e-11
4.013979116e-11
4.054115962e-11
4.094786716e-11
4.135990077e-11
4.177734637e-11
4.220033762e-11
4.262890923e-11
4.306314426e-11
4.350317289e-11
4.394898026e-11
4.440069523e-11
4.485844501e-11
4.53222611e-11
4.579226896e-11
4.626854598e-11
4.675121542e-11
4.724030691e-11
4.773598829e-11
4.823833391e-11
4.874746328e-11
4.926344956e-11
4.978641074e-11
5.031646381e-11
5.085372484e-11
5.139830899e-11
5.195033066e-11
5.250990346e-11
5.307718412e-11
5.365224075e-11
5.42351851e-11
5.482625799e-11
5.542548243e-11
5.603305388e-11
5.664908068e-11
5.727371336e-11
5.790710151e-11
5.854939386e-11
5.920073832e-11
5.986124035e-11
6.05311717e-11
6.121055307e-11
6.189965406e-11
6.25986186e-11
6.330759021e-11
6.402671212e-11
6.4756249e-11
6.549630174e-11
6.624713282e-11
6.700884228e-11
6.77816907e-11
6.856581742e-11
6.936148095e-11
7.016881962e-11
7.098809021e-11
7.181950883e-11
7.266325176e-11
7.35195731e-11
7.4388687e-11
7.527084579e-11
7.616622366e-11
7.707511035e-11
7.799771759e-11
7.893433337e-11
7.98851683e-11
8.08505089e-11
8.183060284e-11
8.282573517e-11
8.383619012e-11
8.486221367e-11
8.590408903e-11
8.696213622e-11
8.80366371e-11
8.912791027e-11
9.023623655e-11
9.136193345e-11
9.250535476e-11
9.366677986e-11
9.484659808e-11
9.604508794e-11
9.72626375e-11
9.849959754e-11
9.975628199e-11
1.010331134e-10
1.023304412e-10
1.036486503e-10
1.049881614e-10
1.063492866e-10
