3.958043774e-10
2.35678185e-10
1.753299205e-10
1.405037189e-10
1.177130378e-10
1.022435462e-10
8.989080157e-11
8.024156877e-11
7.15758768e-11
6.397725855e-11
5.703462672e-11
5.572517549e-11
5.447299301e-11
5.285653534e-11
5.062300071e-11
4.845853959e-11
4.628790199e-11
4.392951642e-11
4.169475309e-11
3.927800518e-11
3.68166803e-11
3.452045849e-11
3.421131745e-11
3.416243051e-11
3.398144148e-11
3.341960159e-11
3.276509959e-11
3.20706494e-11
3.11650991e-11
3.021914472e-11
2.91535816e-11
2.800791703e-11
2.685310326e-11
2.673591839e-11
2.688611637e-11
2.695043386e-11
2.674915824e-11
2.650096423e-11
2.619145819e-11
2.572850154e-11
2.524491491e-11
2.469484712e-11
2.40168515e-11
2.335499981e-11
2.329231275e-11
2.346009827e-11
2.357023449e-11
2.35103794e-11
2.340080146e-11
2.326969715e-11
2.301917457e-11
2.274279466e-11
2.240654407e-11
2.200068575e-11
2.155681354e-11
2.149306824e-11
2.163529453e-11
2.173344439e-11
2.172319603e-11
2.169597753e-11
2.16580747e-11
2.154131372e-11
2.140773141e-11
2.124346542e-11
2.099525301e-11
2.074381026e-11
2.072502083e-11
2.103226662e-11
2.108954297e-11
2.114108406e-11
2.117694352e-11
2.116297083e-11
2.113943384e-11
2.097604843e-11
2.085732158e-11
2.08752655e-11
2.104937139e-11
2.127573059e-11
2.132742446e-11
2.137257761e-11
2.132752355e-11
2.127760436e-11
2.106911198e-11
2.105660813e-11
2.126353527e-11
2.132240038e-11
2.137448418e-11
2.134872186e-11
2.126496449e-11
2.117204291e-11
2.103290917e-11
2.116219991e-11
2.119311487e-11
2.120036073e-11
2.11311116e-11
2.108056525e-11
2.090248122e-11
2.089602947e-11
2.09659631e-11
2.095587702e-11
2.086831113e-11
2.0711967e-11
2.053193699e-11
2.051868984e-11
2.047186755e-11
2.036644696e-11
2.020795767e-11
1.996751953e-11
1.982074991e-11
1.974596207e-11
1.952220808e-11
1.930812914e-11
1.901310713e-11
1.870801243e-11
1.850873537e-11
1.813622393e-11
1.784306727e-11
1.743946457e-11
1.728804811e-11
1.698588034e-11
1.674692792e-11
1.633979923e-11
1.613241129e-11
1.58791561e-11
1.556194003e-11
1.531892133e-11
1.515970451e-11
1.496255702e-11
1.470698353e-11
1.445286369e-11
1.431614981e-11
1.415804582e-11
1.394942104e-11
1.391736513e-11
1.384652305e-11
1.374409581e-11
1.373344209e-11
1.375735031e-11
1.372882757e-11
1.375890514e-11
1.387382891e-11
1.391087945e-11
1.402293549e-11
1.415619641e-11
1.420968734e-11
1.434437319e-11
1.452252297e-11
1.460031546e-11
1.480876519e-11
1.497296161e-11
1.518915493e-11
1.540212065e-11
1.559280959e-11
1.582654306e-11
1.60541924e-11
1.631254554e-11
1.652590275e-11
1.675478656e-11
1.70447845e-11
1.727063405e-11
1.756619218e-11
1.785461613e-11
1.815214645e-11
1.840873145e-11
1.875808522e-11
1.90730393e-11
1.937920098e-11
1.97026065e-11
2.006818477e-11
2.039318438e-11
2.075499639e-11
2.107909516e-11
2.141885804e-11
2.178915257e-11
2.209045766e-11
2.24405015e-11
2.275697315e-11
2.30374572e-11
2.33431033e-11
2.363431078e-11
2.393370052e-11
2.425769638e-11
2.454067792e-11
2.488103824e-11
2.517572847e-11
2.551581753e-11
2.587750799e-11
2.623905835e-11
2.660242636e-11
2.702070653e-11
2.740478719e-11
2.783696155e-11
2.822190685e-11
2.865540943e-11
2.909771104e-11
2.953960232e-11
3.002942843e-11
3.04703326e-11
3.096291183e-11
3.145656037e-11
3.195202427e-11
3.245108442e-11
3.295330597e-11
3.345556445e-11
3.400406058e-11
3.454755147e-11
3.508362387e-11
3.561163576e-11
3.61320906e-11
3.669232986e-11
3.72460625e-11
3.779606543e-11
3.83465509e-11
3.889936846e-11
3.950073223e-11
4.005661367e-11
4.066154346e-11
4.126649925e-11
4.191496586e-11
4.251811139e-11
4.316552141e-11
4.381119207e-11
4.450195761e-11
4.515008235e-11
4.584390056e-11
4.653453648e-11
4.722339158e-11
4.795037156e-11
4.867099138e-11
4.938443731e-11
5.009187793e-11
5.084073254e-11
5.158760615e-11
5.233500274e-11
5.30825888e-11
5.387237833e-11
5.466100751e-11
5.544437914e-11
5.626720373e-11
5.708913397e-11
5.790980965e-11
5.877129277e-11
5.958609769e-11
6.047888169e-11
6.132114208e-11
6.219903237e-11
6.307292962e-11
6.398614402e-11
6.489768194e-11
6.580628454e-11
6.675137673e-11
6.769090816e-11
6.866679529e-11
6.959955384e-11
7.060901286e-11
7.157181769e-11
7.256657891e-11
7.359359292e-11
7.461499249e-11
7.563401507e-11
7.668899906e-11
7.773936246e-11
7.882189871e-11
7.989918647e-11
8.097074147e-11
8.207261422e-11
8.320225389e-11
8.43227826e-11
8.547388383e-11
8.661850399e-11
8.775714613e-11
8.892501268e-11
9.012211671e-11
9.131178646e-11
9.252750247e-11
9.373151903e-11
9.496074248e-11
9.618183739e-11
9.742859191e-11
9.870069805e-11
9.996474303e-11
1.012536273e-10
1.025304516e-10
1.038611333e-10
1.051476733e-10
1.064894849e-10
1.07819514e-10
1.091699741e-10
1.105073463e-10
1.118622357e-10
1.132341492e-10
1.146241467e-10
1.160013038e-10
1.17395874e-10
1.188076471e-10
1.202318309e-10
1.216387341e-10
1.230594243e-10
1.24493222e-10
1.259391563e-10
1.273952931e-10
1.288594378e-10
1.303049647e-10
1.31786444e-10
1.332503106e-10
1.34723755e-10
1.362035352e-10
1.376895791e-10
1.391798519e-10
1.406745682e-10
1.421717556e-10
1.436704072e-10
1.451928595e-10
1.466918466e-10
1.481906922e-10
1.496879244e-10
1.511841609e-10
1.527001747e-10
1.542130362e-10
1.556993862e-10
1.572014493e-10
1.586968707e-10
1.602063715e-10
1.616865674e-10
1.631773249e-10
1.64657694e-10
1.661455043e-10
1.676217609e-10
1.690862889e-10
1.705367368e-10
1.719904533e-10
1.734294708e-10
1.748689776e-10
1.76292464e-10
1.777131267e-10
1.791154e-10
1.805117329e-10
1.818880438e-10
1.832571161e-10
1.846019852e-10
1.85936272e-10
1.872581744e-10
1.885553157e-10
1.898395011e-10
1.911088017e-10
1.923614176e-10
1.935839569e-10
1.94795871e-10
1.959766828e-10
1.971360433e-10
1.982755369e-10
1.993921828e-10
2.004842731e-10
2.015512098e-10
2.025917186e-10
2.036058128e-10
2.045899861e-10
2.055523788e-10
2.064754342e-10
2.073749095e-10
2.082417248e-10
2.090812975e-10
2.098813702e-10
2.106580269e-10
2.113908885e-10
2.120928875e-10
2.127620746e-10
2.133929226e-10
2.139879704e-10
2.145431016e-10
2.150597539e-10
2.155374946e-10
2.159748069e-10
2.163703907e-10
2.167276043e-10
2.170435762e-10
2.173210885e-10
2.175543478e-10
2.177446968e-10
2.178909752e-10
2.179945469e-10
2.180546942e-10
2.180715472e-10
2.180456344e-10
2.179756447e-10
2.178626875e-10
2.177050881e-10
2.175004685e-10
2.172480891e-10
2.169522771e-10
2.166118989e-10
2.162257164e-10
2.157925807e-10
2.153139471e-10
2.147923107e-10
2.142228889e-10
2.136087051e-10
2.129500571e-10
2.122489471e-10
2.114997409e-10
2.107088602e-10
2.098749348e-10
2.089947375e-10
2.080707437e-10
2.071049433e-10
2.06096328e-10
2.050465868e-10
2.039562258e-10
2.028273656e-10
2.016581934e-10
2.004532426e-10
1.99210168e-10
1.979344584e-10
1.966272237e-10
1.952811955e-10
1.939043626e-10
1.924926398e-10
1.910489399e-10
1.895740824e-10
1.880725879e-10
1.865441608e-10
1.84986459e-10
1.834107242e-10
1.818097404e-10
1.801841833e-10
1.785375899e-10
1.768699136e-10
1.751809158e-10
1.734765556e-10
1.717549933e-10
1.700227381e-10
1.682728989e-10
1.66510558e-10
1.647385134e-10
1.629533173e-10
1.611554683e-10
1.593486893e-10
1.575365075e-10
1.557193807e-10
1.538947821e-10
1.520685712e-10
1.502386586e-10
1.484109708e-10
1.465807734e-10
1.447572598e-10
1.429329963e-10
1.411154245e-10
1.393013281e-10
1.374921386e-10
1.356904402e-10
1.338946493e-10
1.321070495e-10
1.303291137e-10
1.285595253e-10
1.267980177e-10
1.250457534e-10
1.233095579e-10
1.215877741e-10
1.198791441e-10
1.181846688e-10
1.165073479e-10
1.148446661e-10
1.131998811e-10
1.11572292e-10
1.099605452e-10
1.083683386e-10
1.067939276e-10
1.052416841e-10
1.0370399e-10
1.021815688e-10
1.006754992e-10
9.918548651e-11
9.771220531e-11
9.625598346e-11
9.48169546e-11
9.339512175e-11
9.199173424e-11
9.060939186e-11
8.92457991e-11
8.790022068e-11
8.657258689e-11
8.526479533e-11
8.397355105e-11
8.270323011e-11
8.145025407e-11
8.02136419e-11
7.899503634e-11
7.779259095e-11
7.660653084e-11
7.543547821e-11
7.428343162e-11
7.314785015e-11
7.202475571e-11
7.091383165e-11
6.981416729e-11
6.872358796e-11
6.765333672e-11
6.660557183e-11
6.557899482e-11
6.456942074e-11
6.357583553e-11
6.259796964e-11
6.163446168e-11
6.068507161e-11
5.974953267e-11
5.882627118e-11
5.791725026e-11
5.702030899e-11
5.61353656e-11
5.526559784e-11
5.441116459e-11
5.357319711e-11
5.275143745e-11
5.194464219e-11
5.115314059e-11
5.037624043e-11
4.961285508e-11
4.886523179e-11
4.813098026e-11
4.741167275e-11
4.670627694e-11
4.601403591e-11
4.533417454e-11
4.466715531e-11
4.401299771e-11
4.337182938e-11
4.274367965e-11
4.212745632e-11
4.152262273e-11
4.093080311e-11
4.035032493e-11
3.978209494e-11
3.922321665e-11
3.867281091e-11
3.812777151e-11
3.758221321e-11
3.702714072e-11
3.644827836e-11
3.586777137e-11
3.529443129e-11
3.472819575e-11
3.417113769e-11
3.362168843e-11
3.308223221e-11
3.255280351e-11
3.203285971e-11
3.152356378e-11
3.102375921e-11
3.053288569e-11
3.005022041e-11
2.957641927e-11
2.910918061e-11
2.865007398e-11
2.819828703e-11
2.775366494e-11
2.73164035e-11
2.6886335e-11
2.64641143e-11
2.604913764e-11
2.563980273e-11
2.523614557e-11
2.483688553e-11
2.444313405e-11
2.405373012e-11
2.366891402e-11
2.328879052e-11
2.291250229e-11
2.253883563e-11
2.216793994e-11
2.180082378e-11
2.143535308e-11
2.107229618e-11
2.071365037e-11
2.035719257e-11
2.000356724e-11
1.965650182e-11
1.932008718e-11
1.900235354e-11
1.871503522e-11
1.847679047e-11
1.825803615e-11
1.804384897e-11
1.783502029e-11
1.763078225e-11
1.743106859e-11
1.723591725e-11
1.704552071e-11
1.685994897e-11
1.66779017e-11
1.650028238e-11
1.632644634e-11
1.61578256e-11
1.599470365e-11
1.583665908e-11
1.568333106e-11
1.553428206e-11
1.539031311e-11
1.525055962e-11
1.511568333e-11
1.498558253e-11
1.485963904e-11
1.473857551e-11
1.462389853e-11
1.451304586e-11
1.440736955e-11
1.43074356e-11
1.421224611e-11
1.412254092e-11
1.40384725e-11
1.396051837e-11
1.388762858e-11
