434.8795906
307.5933808
250.2987406
216.5762505
193.6722652
176.6969988
163.4565925
152.9435686
144.2617434
136.912255
130.5696415
120.165541
111.9061092
105.0815527
99.42850564
92.41613048
86.66630737
81.8285746
76.46585064
71.02272661
66.58333609
62.22733463
58.17272118
54.86348512
51.31997142
48.09386033
44.9441321
42.08761939
39.37796675
36.90254521
34.69537225
32.52425518
30.6112071
28.7652655
27.02343383
25.34945714
23.73174775
22.31121445
20.96082195
19.73127101
18.5781488
17.54456967
16.59607118
15.76881858
15.03398049
14.40129366
13.75088181
13.15370432
12.55206763
11.99534531
11.46688015
11.05949758
10.74401296
10.48424669
10.22185653
9.965513083
9.731755299
9.493760644
9.240034745
9.033309448
8.827765938
8.598379611
8.372197288
8.214277578
8.069920589
7.975618007
7.955719829
8.019070803
8.161538963
8.443788875
8.809412463
9.146500574
9.508621551
9.916805367
10.38002176
10.94108474
11.62984107
12.37189664
13.10619656
13.77585014
14.31866634
14.61435512
14.87988239
15.28676065
15.70635083
15.98326423
16.01572222
15.48979887
13.79284648
11.12242863
7.721148778
7.755181856
