0.001161578073
0.002323156146
0.003484734219
0.004646312292
0.005807890365
0.006969468438
0.008131046511
0.009292624584
0.01045420266
0.01161578073
0.0127773588
0.01393893688
0.01510051495
0.01626209302
0.0174236711
0.01858524917
0.01974682724
0.02090840531
0.02206998339
0.02323156146
0.02439313953
0.02555471761
0.02671629568
0.02787787375
0.02903945183
0.0302010299
0.03136260797
0.03252418605
0.03368576412
0.03484734219
0.03600892026
0.03717049834
0.03833207641
0.03949365448
0.04065523256
0.04181681063
0.0429783887
0.04413996678
0.04530154485
0.04646312292
0.04762470099
0.04878627907
0.04994785714
0.05110943521
0.05227101329
0.05343259136
0.05459416943
0.05575574751
0.05691732558
0.05807890365
0.05924048173
0.0604020598
0.06156363787
0.06272521594
0.06388679402
0.06504837209
0.06620995016
0.06737152824
0.06853310631
0.06969468438
0.07085626246
0.07201784053
0.0731794186
0.07434099667
0.07550257475
0.07782573089
0.07898730897
0.08014888704
0.08131046511
0.08363362126
0.08479519933
0.08595677741
0.08827993355
0.08944151162
0.0906030897
0.09292624584
0.09408782392
0.09641098006
0.09757255814
0.09989571428
0.1010572924
0.1033804485
0.1057036046
0.1068651827
0.1091883389
0.111511495
0.1126730731
0.1149962292
0.1173193854
0.1196425415
0.1219656977
0.1242888538
0.1254504319
0.127773588
0.1300967442
0.1335814784
0.1359046345
0.1382277907
0.1405509468
0.142874103
0.1451972591
0.1486819933
0.1510051495
0.1533283056
0.1568130399
0.159136196
0.1626209302
0.1649440864
0.1684288206
0.1719135548
0.174236711
0.1777214452
0.1812061794
0.1846909136
0.1881756478
0.1916603821
0.1951451163
0.1986298505
0.2021145847
0.2055993189
0.2090840531
0.2137303654
0.2172150997
0.2206998339
0.2253461462
0.2288308804
0.2334771927
0.238123505
0.2427698173
0.2462545515
0.2509008638
0.2555471761
0.2601934884
0.2648398007
0.270647691
0.2752940033
0.2799403156
0.285748206
0.2903945183
0.2962024086
0.3008487209
0.3066566113
0.3124645016
0.318272392
0.3240802824
0.3298881727
0.3356960631
0.3426655315
0.3484734219
0.3554428904
0.3612507807
0.3682202492
0.3751897176
0.382159186
0.3891286545
0.3960981229
0.4030675913
0.4100370598
0.4181681063
0.4251375747
0.4332686212
0.4413996678
0.4495307143
0.4576617608
0.4657928073
0.4750854319
0.4832164784
0.492509103
0.5018017276
0.5110943521
0.5203869767
0.5296796013
0.5389722259
0.5494264285
0.5587190531
0.5691732558
0.5796274584
0.5912432392
0.6016974418
0.6121516445
0.6237674252
0.635383206
0.6469989867
0.6586147674
0.6713921262
0.6830079069
0.6957852658
0.7085626246
0.7213399834
0.7352789202
0.748056279
0.7619952159
0.7759341528
0.7898730897
0.8049736046
0.8200741196
0.8351746345
0.8502751495
0.8653756644
0.8816377574
0.8978998505
0.9141619435
0.9315856146
0.9478477076
0.9652713787
0.9838566279
1.001280299
1.019865548
1.038450797
1.058197625
1.076782874
1.096529701
1.117438106
1.137184934
1.158093339
1.180163322
1.201071728
1.223141711
1.246373272
1.268443256
1.291674817
1.316067957
1.340461096
1.364854236
1.390408953
1.415963671
1.441518389
1.468234684
1.49495098
1.522828854
1.550706728
1.578584601
1.607624053
1.637825083
1.668026113
1.698227143
1.729589751
1.760952359
1.793476545
1.826000731
1.859686495
1.894533837
1.929381179
1.964228522
2.000237442
2.03740794
2.074578438
2.112910515
2.151242591
2.190736246
2.231391478
2.272046711
2.313863522
2.35684191
2.399820299
2.443960266
2.489261811
2.534563355
2.582188056
2.628651179
2.677437458
2.726223737
2.776171595
2.82728103
2.879552043
2.932984634
2.986417226
3.041011395
3.097928721
3.154846046
3.211763372
3.271003854
3.331405913
3.392969551
3.454533189
3.518419983
3.583468355
3.649678306
3.715888256
3.784421362
3.854116046
3.924972309
3.996990149
4.070169568
4.145672143
4.221174717
4.299000448
4.377987757
4.458136644
4.540608688
4.624242309
4.709037508
4.796155864
4.884435797
4.973877309
5.065641977
5.158568222
5.252656046
5.349067026
5.447801163
5.547696877
5.649915747
5.754457774
5.860161379
5.967026561
6.077376478
6.188887973
6.302722624
6.418880432
6.536199817
6.657003937
6.778969634
6.903258488
7.031032076
7.159967242
7.291225564
7.425968621
7.561873256
7.701262624
7.842975149
7.98701083
8.133369667
8.283213239
8.435379966
8.58986985
8.747844468
8.90930382
9.073086329
9.239191993
9.40994397
9.583019103
9.758417392
9.938461993
10.12082975
10.30668224
10.49601947
10.68884143
10.8863097
11.08610113
11.28937729
11.49729977
11.70870698
11.92359892
12.14313718
12.36616017
12.59382947
12.8249835
13.06078385
13.30123051
13.54516191
13.7949012
14.04812522
14.30599555
14.56967377
14.83683673
15.10980757
15.38742473
15.67084978
15.95892115
16.2528004
16.55132596
16.85565942
17.16463919
17.48058842
17.80234555
18.12991056
18.46328347
18.80246427
19.14745296
19.49941111
19.85833874
20.22307425
20.59477924
20.97345369
21.35909761
21.751711
22.15245543
22.55900776
22.97369113
23.39650555
23.82628943
24.26420437
24.71025035
25.16442737
25.62789703
26.09833615
26.57806789
27.06709226
27.56424767
28.07185729
28.58759796
29.11263124
29.64811874
30.19289885
30.74813317
31.31382169
31.88996442
32.47539977
33.0724509
33.68111781
34.30023892
34.93097581
35.57332849
36.22729694
36.89288118
37.57124277
38.26238173
38.96513646
39.68183013
40.41130116
41.15354955
41.91089845
42.68102472
43.46625149
44.26541721
45.07852186
45.9078886
46.75119428
47.61076206
48.48659193
49.37752231
50.28587636
51.21049251
52.15137075
53.11083423
54.08655982
55.08087065
56.09376673
57.12524805
58.17531463
59.24512804
60.33352669
61.44283375
62.57304922
63.72301151
64.89504378
66.08798447
67.30299513
68.54007578
69.80038799
71.08393176
72.39070709
73.72071398
75.0762756
76.45623035
77.86290139
79.29396558
80.75174606
82.23624284
83.74861749
85.28770844
86.85583883
88.45300868
90.07921799
91.73446674
93.4210781
95.13905207
96.88838865
98.66908784
100.4834728
102.3303819
104.2121384
106.1275806
108.0790318
110.0664919
112.0899609
114.1506004
116.2484104
118.385714
120.5625114
122.7788023
125.0369101
127.3356731
129.6762529
132.0598111
134.4886709
136.960509
139.4788103
142.0424131
144.6548022
147.3136544
150.0224544
152.7800408
155.5887366
158.4497034
161.3629412
164.3296116
167.3508761
170.4267349
173.5606725
176.7515275
180.0004614
183.3097973
186.6806969
190.1119985
193.6071869
197.1662621
200.7915473
204.4830424
208.2430706
212.071632
215.969888
219.9401618
223.9836151
228.1014094
232.2958678
236.5658288
240.9159387
245.3450359
249.8554435
254.4483232
259.1271597
263.8907914
268.742703
273.6828945
278.7148507
283.8385716
289.0575419
294.3717616
299.7835538
305.2952418
310.907987
316.6241127
322.4447805
328.3723134
334.4101962
340.5584289
346.8193347
353.1952368
359.6884582
366.3013222
373.0361518
379.8941088
386.8786777
393.9910203
401.2346211
408.6106419
416.1237289
423.7738821
431.5645862
439.499326
447.5792631
455.8078822
464.1875064
472.7216205
481.4125476
490.2637726
499.2764568
508.4564083
517.8036271
527.323921
537.0184516
546.8907036
556.9453234
567.1846341
577.6121205
588.2324288
599.0467207
610.0596424
621.2758403
632.6976375
644.3296803
656.1754535
668.2396033
680.524453
693.0358105
705.7771603
718.753149
731.9672612
745.4241431
759.1284412
773.0848018
787.2978711
801.7722955
816.5127212
831.5249562
846.8124852
862.3799546
878.2354953
894.3814305
910.8247297
927.5700392
944.6231669
961.9899206
979.6761084
997.687538
1016.028856
1034.709354
1053.731357
1073.104156
1092.83356
1112.925375
1133.385412
1154.222961
1175.442669
1197.053829
1219.061087
1241.473736
1264.297584
1287.541922
1311.21256
1335.31879
1359.868743
1384.869388
1410.330017
1436.258763
1462.664917
1489.55545
1516.940815
1544.829142
1573.230888
1602.154182
1631.609479
1661.606071
1692.154413
1723.264958
1754.947
1787.210993
1820.068552
1853.530131
1887.607347
1922.310654
1957.651666
1993.643163
2030.295598
2067.622909
2105.635551
2144.347464
2183.771424
2223.919047
2264.805433
2306.443361
2348.846768
2392.030756
2436.006941
