2.601567864
1.710941374
1.360164713
1.161669272
1.030200139
0.9350287136
0.8620725213
0.8038632967
0.7560280848
0.7158154736
0.681397006
0.6252256298
0.5809806539
0.5449647932
0.5149084886
0.4778935056
0.4478606799
0.4228595887
0.395228547
0.3672735711
0.3445185922
0.3220942178
0.3007562217
0.2831653615
0.2645138543
0.2475720255
0.2309839186
0.2163076304
0.2024168297
0.1895079617
0.1776467375
0.1658891826
0.1554306416
0.1454698175
0.1361760467
0.1274059172
0.1191015695
0.1115287673
0.1043105786
0.09757656634
0.09130084891
0.08546374437
0.07999512983
0.07486080597
0.07004493856
0.06553940196
0.06133772252
0.0573940427
0.05371851366
0.05028556498
0.0470596334
0.04405072937
0.04123900004
0.03860177068
0.036137777
0.03383679885
0.03168278281
0.02967010098
0.02779049954
0.02603009455
0.02438772662
0.02285209205
0.02141726873
0.02007737052
0.01882630385
0.0176579084
0.01656830501
0.0155514517
0.01460345497
0.01371982036
0.01289680638
0.01213030084
0.0114172122
0.01075420269
0.01013829689
0.009566545776
0.009036374687
0.008545355869
0.008091039648
0.007671261586
0.007283996303
0.006927253938
0.006599202962
0.006298066442
0.006022190232
0.005770005948
0.005540004514
0.00533077154
0.005140952969
0.004969298303
0.004814624977
0.004675857226
