614.5066194
752.614778
892.8596068
1012.29225
1080.299882
1103.25142
1093.806575
1067.29227
1035.230152
1002.451622
970.925284
941.2481348
913.6000605
888.0209465
864.3667314
842.5112163
822.301878
803.452315
785.6841803
768.7831918
752.6919888
737.4323196
723.0078016
709.4037453
696.5880595
684.5263272
673.1799854
662.4665456
652.3154561
642.6629761
633.4392418
624.5819989
616.0379878
607.7931946
599.8534718
592.222026
584.905138
577.9086379
571.2355603
564.8785036
558.8082977
552.9979939
547.4233876
542.0638193
536.9021955
531.9229548
527.1121795
522.4560984
517.9422041
513.5595626
509.2980766
505.1485166
501.1026917
497.1569231
493.3081307
489.5529876
485.8846137
482.2961726
478.7813235
475.3383198
471.966041
468.6635472
465.430215
462.2657582
459.1696168
456.1400182
453.1726782
450.2634584
447.409332
444.6110884
439.1862759
436.5552179
433.9711715
431.4291956
428.9272219
426.4648673
424.041738
419.310915
417.0037565
414.7354363
410.3029805
408.1327575
405.9916347
401.7928243
399.733807
397.7012046
393.7124054
391.7540586
387.9087924
386.0222381
382.3220005
380.5086755
376.9568632
375.2180943
371.8100442
370.1393405
366.8666591
363.6875748
362.1291094
359.0658428
356.0733684
353.150645
350.2976228
348.8976224
346.1519647
343.4811261
340.886502
338.3690087
335.9221501
333.5339389
331.2084182
328.9475646
326.7364532
324.5730588
321.4272598
319.3847838
317.3882658
315.4438879
312.6212093
310.7904773
308.1045983
306.35322
304.6281298
302.079182
299.5672887
297.916392
295.4866779
293.9010268
291.581244
289.3295063
287.1406557
285.0150603
282.9355399
281.5745889
279.574011
277.6336616
275.117173
273.2751557
271.4685245
269.7036374
267.9803138
265.7178665
264.0554747
261.8942986
260.3140031
258.2509143
256.7460428
254.7792726
252.8806084
251.4868456
249.6569292
247.8537466
246.0768942
244.3439461
242.6738994
241.0318308
239.0250799
237.4800197
235.9586146
234.069711
232.5834534
230.7314952
229.2481296
227.4033938
225.608425
223.8662674
222.1497302
220.4657715
218.842029
217.2844195
215.7777268
214.296603
212.5611092
211.1373362
209.4625896
208.0896348
206.4642728
204.8835124
203.3465506
201.8202206
200.3059811
198.8267878
197.1542711
195.7670387
194.2019579
192.9079568
191.4430828
190.000364
188.5991413
187.2313936
185.8970162
184.6005547
183.153187
181.9069489
180.5166937
179.1562963
177.8354931
176.5632082
175.3016632
174.0653591
172.8621216
171.5139337
170.3216747
169.0340986
167.7800964
166.5718443
165.3997453
164.1502127
163.0497468
161.8089108
160.5921497
159.4190681
158.2748948
157.1527459
156.0451916
154.875397
153.7430975
152.6610919
151.6331819
150.6260881
149.6597434
148.6559307
147.6821476
146.7442883
145.8723591
144.9607108
144.1356784
143.2612058
142.3902043
141.5241877
140.6965677
139.8220121
138.9632113
138.1158755
137.2736898
136.392456
135.5928099
134.7420885
133.8918689
133.0065352
132.2090639
131.350499
130.4895151
129.5903649
128.7646339
127.9395053
127.1238634
126.3711904
125.5996104
124.8325493
124.0892807
123.3361532
122.6174756
121.9412174
121.2927519
120.6183719
119.9538232
119.2960626
118.6210072
117.9508593
117.2653009
116.6024367
115.9010135
115.1735363
114.4778185
113.813106
113.1774156
112.5443247
111.9153604
111.2730859
110.6549926
110.0576487
109.4620221
108.8933089
108.3121071
107.7473224
107.2228615
106.713458
106.2497496
105.7941304
105.3504141
104.8995765
104.4800911
104.0570483
103.6386681
103.1938924
102.7514502
102.3110668
101.8496225
101.3700817
100.8810584
100.3866539
99.88787225
99.40062116
98.91549146
98.41735452
97.90231707
97.38724698
96.86802017
96.34732552
95.83073388
95.31390212
94.76170573
94.22130739
93.68350772
93.15021495
92.61016665
92.05411588
91.51385368
90.9558077
90.39640715
89.82618975
89.26570899
88.69379673
88.12045535
87.55684364
86.98097061
86.40070298
85.81046904
85.2167524
84.58864915
83.94082667
83.27612767
82.60167713
81.9259364
81.24569363
80.57213542
79.92697221
79.26776298
78.642378
78.05164617
77.47417048
76.91482179
76.35764104
75.81940441
75.30207733
74.78398473
74.26526318
73.74139702
73.2329201
72.73518473
72.25129028
71.78011096
71.32211081
70.8567071
70.40597123
69.97946364
69.5663354
69.15496043
68.7605038
68.41174228
68.08107783
67.74580239
67.40281571
67.05562828
66.71283259
66.3697792
66.04380276
65.73037298
65.4218698
65.1299022
64.85721323
64.59087166
64.32229024
64.08690413
63.85878494
63.63565581
63.42034145
63.21319783
63.00964836
62.81143735
62.61709186
62.44359775
62.27027554
62.07882374
61.88588655
61.70311734
61.53678711
61.37602698
61.21665389
61.06857075
60.90849948
60.75093563
60.60394574
60.46498224
60.31518969
60.15705729
59.9654965
59.79095029
59.61889855
59.45582173
59.29309949
59.14462507
59.01932265
58.85989806
58.69919436
58.56161989
58.43145642
58.28837969
58.1374982
57.97805981
57.80834787
57.63050209
57.44126933
57.25580077
57.0649544
56.86178173
56.66921879
56.44127636
56.21954865
56.0183225
55.83262835
55.660654
55.50529579
55.35849491
55.21701283
55.05798291
54.8973227
54.73191548
54.55949224
54.38912921
54.22545325
54.04912429
53.87027249
53.69598996
53.53156431
53.37956974
53.20965143
53.06081037
52.92864202
52.80613038
52.6946242
52.60621595
52.54050216
52.46948685
52.40672963
52.33970173
52.25551449
52.16695617
52.07044061
51.95300975
51.82742854
51.69905888
51.57410483
51.44668446
51.31947533
51.20489964
51.10397896
51.00436162
50.90837514
50.84359913
50.80127749
50.78097949
50.7669981
50.7373086
50.71067952
50.68696453
50.67711406
50.67376311
50.66057492
50.64604955
50.62805262
50.6136755
50.60921447
50.60187768
50.59169577
50.59656886
50.60845312
50.61587668
50.62063855
50.6478709
50.69787302
50.77433241
50.86209623
50.96598147
51.07205326
51.17096128
51.26066656
51.35314219
51.42658502
51.49352585
51.56116801
51.62296854
51.68814214
51.75066312
51.82286697
51.89037152
51.97026464
52.05128204
52.12950426
52.20246926
52.27420721
52.3660356
52.46921886
52.56329304
52.64098755
52.71224198
52.79475258
52.8769194
52.94571336
52.99005644
53.02357134
53.07398327
53.13300444
53.18887981
53.24469207
53.29357358
53.3265935
53.34668393
53.34308802
53.30916463
53.28132738
53.25123498
53.21662289
53.16900496
53.11998702
53.05184363
52.95137536
52.82795925
52.69456299
52.54047529
52.37201125
52.19439892
52.04082757
51.88145551
51.71159722
51.53715827
51.35797974
51.17243262
50.9793627
50.78099569
50.57090232
50.33918572
50.09209307
49.81659514
49.4990411
49.14259217
48.76226015
48.34220296
47.88239154
47.37689957
46.84954289
46.29373402
45.70815127
45.1124685
44.54128499
43.99820349
43.45223217
42.90877824
42.37784729
41.84222977
41.30060848
40.77571429
40.24722884
39.72236437
39.20217123
38.68264485
38.1726943
37.63808218
37.05730176
36.44563302
35.82650961
35.18667959
34.54362157
33.83938391
33.12020335
32.38299941
31.63804879
30.90060545
30.15833033
29.40579391
28.61115716
27.82452615
27.09183349
26.43207721
25.77837545
25.15809459
24.5569771
23.99719122
23.49928837
23.09782064
22.76441138
22.52273524
22.31311111
22.15198395
22.03394907
21.92557395
21.87475778
21.924809
22.06595183
22.22795694
22.3718837
22.49507773
22.59926531
22.66253854
22.70181258
22.72075752
