444.169278
314.0750069
256.4440191
222.09014
198.6464663
181.3414341
167.8922398
157.0513647
148.0718772
140.4756376
133.9404887
123.2114425
114.7074591
107.7525246
101.9271272
94.72777027
88.86705542
83.97576681
78.55750626
73.06326025
68.58239216
64.15960225
59.94509771
56.46666629
52.774883
49.41860331
46.13005354
43.21887239
40.46235256
37.89995222
35.54513639
33.21083402
31.13465809
29.15778554
27.31406305
25.57525984
23.93014719
22.43154342
21.0050424
19.67651509
18.44106888
17.29504844
16.22495864
15.22447872
14.29097137
13.42336506
12.6209512
11.87564349
11.19013871
10.56049953
9.981314133
9.455631496
8.981269839
8.555991136
8.181329736
7.857424308
7.583827176
7.361636728
7.191502885
7.073635084
7.009029342
6.997774472
7.040003376
7.135493468
7.283790931
7.484399986
7.736409765
8.039449383
8.392882462
8.79655867
9.250436014
9.755179277
10.31136975
10.92025796
11.58336894
12.30280982
13.08086461
13.92016815
14.8240355
15.79593682
16.83964985
17.9595308
19.1601882
20.44678848
21.8248082
23.30012763
24.87919592
26.5688416
28.37654745
30.31013461
32.37817825
34.58973541
