2.079985706e-15
1.40776591e-15
1.050212466e-15
8.515545278e-16
7.425481673e-16
6.493246886e-16
5.810452081e-16
5.341145739e-16
5.006849952e-16
4.621001538e-16
4.288474781e-16
4.038799623e-16
3.843248995e-16
3.666533595e-16
3.515735604e-16
3.387717869e-16
3.254169074e-16
3.120445206e-16
3.012497514e-16
2.930812563e-16
2.853194571e-16
2.78204774e-16
2.702152611e-16
2.626642153e-16
2.553770334e-16
2.499658927e-16
2.455601514e-16
2.411815359e-16
2.359259618e-16
2.306957936e-16
2.257023818e-16
2.219831529e-16
2.186003088e-16
2.154068931e-16
2.119492072e-16
2.079938966e-16
2.043734862e-16
2.013879634e-16
1.988214929e-16
1.96420756e-16
1.938635525e-16
1.910436712e-16
1.883139194e-16
1.85736219e-16
1.837082072e-16
1.817513739e-16
1.798858204e-16
1.777296839e-16
1.754604374e-16
1.732452018e-16
1.715576547e-16
1.699572914e-16
1.685385969e-16
1.668020039e-16
1.649256425e-16
1.630628741e-16
1.615704373e-16
1.602946285e-16
1.590723218e-16
1.576976154e-16
1.561426652e-16
1.545718517e-16
1.532767552e-16
1.521683284e-16
1.510997032e-16
1.48635517e-16
1.473092266e-16
1.46106524e-16
1.451252702e-16
1.432481805e-16
1.421443182e-16
1.410220359e-16
1.389905668e-16
1.381218511e-16
1.373099839e-16
1.353928399e-16
1.343658628e-16
1.32733209e-16
1.320267064e-16
1.303498123e-16
1.294255353e-16
1.279371055e-16
1.266425732e-16
1.258527431e-16
1.242655488e-16
1.230709106e-16
1.224924104e-16
1.210723888e-16
1.197958023e-16
1.186999903e-16
1.174725849e-16
1.162559462e-16
1.157308781e-16
1.147438502e-16
1.135541108e-16
1.120720792e-16
1.111055354e-16
1.099840435e-16
1.09136474e-16
1.082488777e-16
1.072126622e-16
1.060305089e-16
1.051435213e-16
1.042772816e-16
1.031744212e-16
1.023279713e-16
1.012220835e-16
1.005322166e-16
9.939104967e-17
9.845475697e-17
9.768499151e-17
9.680854842e-17
9.579705445e-17
9.494284783e-17
9.401936409e-17
9.317165753e-17
9.233464614e-17
9.152252057e-17
9.074601601e-17
8.996093068e-17
8.922797669e-17
8.825864221e-17
8.752236811e-17
8.684775466e-17
8.591586591e-17
8.530055651e-17
8.441578174e-17
8.363417803e-17
8.283881014e-17
8.223997113e-17
8.152257003e-17
8.076324443e-17
8.007653942e-17
7.938706053e-17
7.853328982e-17
7.788860469e-17
7.727183847e-17
7.647922326e-17
7.586679129e-17
7.515819269e-17
7.457857021e-17
7.386994671e-17
7.318693317e-17
7.25493333e-17
7.191701318e-17
7.128432644e-17
7.066561136e-17
6.995797911e-17
6.939360888e-17
6.873730159e-17
6.821115401e-17
6.758357271e-17
6.697483405e-17
6.638003751e-17
6.579459647e-17
6.522857715e-17
6.468179656e-17
6.414867033e-17
6.355144591e-17
6.304392718e-17
6.246497521e-17
6.190447592e-17
6.135698326e-17
6.082421997e-17
6.030504883e-17
5.972940965e-17
5.924389526e-17
5.869931461e-17
5.815725996e-17
5.763591451e-17
5.713597568e-17
5.664305956e-17
5.615962261e-17
5.564152935e-17
5.518643235e-17
5.468701859e-17
5.421084129e-17
5.368589783e-17
5.323151215e-17
5.278504003e-17
5.230910292e-17
5.183852909e-17
5.137713545e-17
5.09253242e-17
5.043622295e-17
5.00050848e-17
4.954070934e-17
4.908616858e-17
4.86447066e-17
4.817602515e-17
4.776005818e-17
4.732143108e-17
4.689819609e-17
4.648222212e-17
4.604401729e-17
4.562267238e-17
4.521090837e-17
4.481123228e-17
4.442174658e-17
4.401396993e-17
4.361603686e-17
4.323038911e-17
4.282668526e-17
4.246287296e-17
4.208108522e-17
4.168488757e-17
4.132718502e-17
4.095778126e-17
4.059537818e-17
4.021575565e-17
3.98719566e-17
3.951984615e-17
3.915755504e-17
3.882331832e-17
3.84765018e-17
3.812020913e-17
3.779868841e-17
3.746622718e-17
3.712517629e-17
3.681259092e-17
3.65041632e-17
3.619374702e-17
3.589819046e-17
3.561406949e-17
3.533191968e-17
3.506059417e-17
3.479588036e-17
3.45276853e-17
3.426501848e-17
3.399637758e-17
3.373203498e-17
3.347653581e-17
3.321792422e-17
3.295396235e-17
3.269404073e-17
3.243875062e-17
3.21765478e-17
3.192042494e-17
3.165985538e-17
3.140843768e-17
3.115661167e-17
3.090468101e-17
3.066240069e-17
3.042773805e-17
3.019452947e-17
2.996301092e-17
2.974389127e-17
2.952921846e-17
2.932178818e-17
2.911406238e-17
2.890580972e-17
2.870197294e-17
2.849391906e-17
2.827902871e-17
2.806305513e-17
2.784790061e-17
2.763561421e-17
2.743180523e-17
2.722421419e-17
2.703123034e-17
2.683985667e-17
2.665730685e-17
2.647679947e-17
2.629864059e-17
2.612185534e-17
2.594649903e-17
2.577751152e-17
2.560896206e-17
2.544326181e-17
2.528837394e-17
2.514114336e-17
2.499781221e-17
2.486518305e-17
2.474511387e-17
2.463890587e-17
2.453928782e-17
2.444781509e-17
2.435681689e-17
2.427142669e-17
2.41891009e-17
2.411044053e-17
2.403550206e-17
2.39636338e-17
2.389038099e-17
2.381756362e-17
2.374967627e-17
2.368479788e-17
2.362460327e-17
2.356915046e-17
2.352090059e-17
2.348194427e-17
2.34471434e-17
2.341804823e-17
2.339429352e-17
2.337696316e-17
2.336378719e-17
2.33552036e-17
2.334987174e-17
2.33398422e-17
2.333185265e-17
2.332795839e-17
2.332716418e-17
2.333031985e-17
2.333608592e-17
2.334849852e-17
2.336771834e-17
2.338853095e-17
2.340964497e-17
2.342775764e-17
2.344535207e-17
2.346558014e-17
2.348913412e-17
2.351746298e-17
2.354257581e-17
2.35660347e-17
2.359680581e-17
2.363423455e-17
2.367262378e-17
2.371216061e-17
2.375583732e-17
2.380456334e-17
2.386249311e-17
2.392659256e-17
2.399425635e-17
2.406673598e-17
2.414020603e-17
2.421521155e-17
2.429369891e-17
2.437891404e-17
2.447458131e-17
2.457720977e-17
2.468474056e-17
2.479459354e-17
2.490088145e-17
2.50085532e-17
2.511965469e-17
2.523849163e-17
2.536168471e-17
2.548325882e-17
2.560474883e-17
2.573009792e-17
2.585743526e-17
2.598423243e-17
2.61169182e-17
2.625209089e-17
2.639157641e-17
2.653977388e-17
2.669483626e-17
2.685339794e-17
2.701299365e-17
2.717742373e-17
2.734623342e-17
2.752012788e-17
2.769733678e-17
2.78738952e-17
2.805453674e-17
2.824117316e-17
2.843133171e-17
2.86227644e-17
2.88180442e-17
2.901335669e-17
2.921205151e-17
2.940960746e-17
2.961299358e-17
2.982255858e-17
3.003455503e-17
3.024893259e-17
3.04677271e-17
3.069091124e-17
3.091586106e-17
3.114465838e-17
3.138093832e-17
3.162045881e-17
3.186282496e-17
3.210646241e-17
3.235335103e-17
3.260555939e-17
3.286163606e-17
3.312044187e-17
3.338397137e-17
3.365197954e-17
3.392242817e-17
3.419786205e-17
3.447696631e-17
3.475957441e-17
3.504368169e-17
3.533183512e-17
3.562545592e-17
3.59210857e-17
3.622182587e-17
3.652614131e-17
3.683218213e-17
3.714278363e-17
3.745636321e-17
3.777227074e-17
3.809206829e-17
3.841650323e-17
3.87429549e-17
3.907486167e-17
3.941086126e-17
3.975115122e-17
4.009516003e-17
4.044181132e-17
4.079226616e-17
4.114720338e-17
4.150740125e-17
4.187166346e-17
4.224012404e-17
4.261306154e-17
4.298896603e-17
4.336943203e-17
4.375493489e-17
4.414532237e-17
4.454097925e-17
4.494069083e-17
4.534431873e-17
4.575335336e-17
4.616576021e-17
4.658365655e-17
4.70063076e-17
4.743221353e-17
4.786280765e-17
4.829723709e-17
4.8735954e-17
4.917987983e-17
4.962764109e-17
5.008051454e-17
5.053880831e-17
5.100265257e-17
5.147170016e-17
5.194529e-17
5.242318766e-17
5.290618661e-17
5.33941587e-17
5.388593468e-17
5.438265963e-17
5.488412287e-17
5.539050765e-17
5.590151321e-17
5.641794487e-17
5.693988993e-17
5.746708258e-17
5.799897629e-17
5.853694698e-17
5.908051506e-17
5.962971317e-17
6.018393681e-17
6.074396681e-17
6.130954582e-17
6.188118362e-17
6.245789074e-17
6.304028522e-17
6.362846246e-17
6.42224412e-17
6.482175892e-17
6.542735911e-17
6.603929692e-17
6.665735712e-17
6.728132875e-17
6.791210067e-17
6.854893342e-17
6.919309398e-17
6.984383346e-17
7.050174856e-17
7.11670056e-17
7.183924029e-17
7.251914619e-17
7.320647575e-17
7.390229701e-17
7.460655118e-17
7.531914365e-17
7.604049139e-17
7.67700254e-17
7.750775615e-17
7.825386924e-17
7.900894193e-17
7.977226701e-17
8.054430936e-17
8.13244577e-17
8.211334632e-17
8.291026919e-17
8.371599442e-17
8.452999964e-17
8.535311526e-17
8.618538827e-17
8.702669684e-17
8.787691062e-17
8.8735851e-17
8.960349675e-17
9.048067294e-17
9.136695524e-17
9.226187131e-17
9.316161392e-17
9.406082702e-17
9.495367908e-17
9.583652189e-17
9.67049716e-17
9.755476213e-17
9.838197172e-17
9.91839244e-17
9.995558857e-17
1.006941391e-16
1.013951878e-16
1.02057948e-16
1.026818079e-16
1.032647974e-16
1.038028389e-16
1.042944954e-16
1.047338989e-16
1.051187998e-16
1.0544747e-16
1.057167118e-16
1.059269604e-16
1.060742883e-16
1.061538135e-16
1.061673193e-16
1.061083186e-16
1.059739822e-16
1.057585298e-16
1.054609591e-16
1.050850277e-16
1.046234222e-16
1.040719197e-16
1.034259298e-16
1.026805594e-16
1.018270089e-16
1.00860965e-16
9.9785872e-17
9.858950955e-17
9.73217027e-17
9.609023552e-17
9.489197575e-17
9.372654942e-17
9.259467725e-17
9.149898263e-17
9.043161562e-17
8.940080729e-17
8.840721677e-17
8.745985127e-17
8.655779018e-17
8.56927291e-17
8.485926693e-17
8.40583007e-17
8.32845694e-17
8.25426164e-17
8.183289142e-17
8.115521432e-17
8.05137589e-17
7.99027159e-17
7.93276834e-17
7.878083289e-17
7.826592614e-17
7.778332628e-17
7.733140136e-17
7.691092107e-17
7.652315342e-17
7.617936551e-17
7.587946919e-17
7.560704346e-17
7.536315619e-17
7.515306259e-17
7.497838753e-17
7.483087281e-17
7.471930304e-17
7.464562305e-17
7.460064597e-17
7.458899357e-17
7.461291264e-17
7.466311165e-17
7.474804926e-17
7.486597724e-17
7.501663271e-17
7.519257015e-17
7.540808989e-17
7.565895381e-17
7.593300104e-17
7.623582914e-17
7.656584546e-17
7.692762633e-17
7.732928286e-17
7.775192875e-17
7.819639605e-17
7.866414022e-17
7.915614892e-17
7.96757957e-17
8.022535616e-17
8.080531396e-17
8.141186614e-17
8.204856191e-17
8.271203465e-17
8.340982424e-17
8.413809632e-17
8.489807003e-17
8.568806123e-17
8.650379167e-17
8.734604699e-17
8.821965418e-17
8.912836737e-17
9.00727679e-17
9.105357673e-17
9.207873809e-17
9.314269619e-17
9.424665968e-17
9.538920709e-17
9.656937044e-17
9.778509152e-17
9.904464513e-17
1.003488787e-16
1.016987956e-16
1.030991472e-16
1.045540072e-16
1.060575769e-16
1.076127349e-16
1.092292737e-16
1.10900911e-16
1.126336099e-16
1.144445918e-16
1.16352639e-16
1.183866662e-16
1.205739916e-16
1.229329423e-16
1.254095037e-16
1.279221933e-16
1.304588077e-16
1.330119926e-16
1.355800978e-16
1.381597468e-16
1.407517521e-16
1.433456882e-16
1.459418399e-16
1.485364419e-16
1.511266591e-16
1.537072874e-16
1.562744787e-16
1.588341483e-16
