0.005095565162
0.01019113032
0.01528669548
0.02038226065
0.02547782581
0.03057339097
0.03566895613
0.04076452129
0.04586008645
0.05095565162
0.05605121678
0.0662423471
0.07643347742
0.08662460775
0.09681573807
0.1121024336
0.127389129
0.1426758245
0.1630580852
0.188535911
0.2140137368
0.2445871278
0.2802560839
0.31592504
0.3617851265
0.4127407781
0.47388756
0.5401299071
0.6165633846
0.7031879923
0.8000037304
0.9172017291
1.044590858
1.192362248
1.360515898
1.554147374
1.778352241
2.028034934
2.318482149
2.649693884
3.026765706
3.45479318
3.943967435
4.504479603
5.146520813
5.880282197
6.715954883
7.673921133
8.764372078
10.00768998
11.43444822
13.05993351
14.91471923
17.0395699
19.46505892
22.2319508
25.39629677
29.00905247
33.13136468
37.84985802
43.23077483
49.38112198
56.40790634
64.43342147
73.60034319
84.07682517
96.0361166
109.7024224
125.3101385
143.139521
163.5013993
186.7677499
213.3411222
243.6954039
278.3656292
317.9734572
363.2169803
414.8911066
473.923229
541.3579383
618.3825013
706.367625
806.8674566
921.6705397
1052.810005
1202.604334
1373.713412
1569.164005
1792.431288
2047.459229
2338.777785
2671.543667
