1.300894914e-13
9.561559408e-14
8.293341484e-14
7.637531313e-14
7.24620962e-14
6.994567858e-14
6.826038034e-14
6.71105143e-14
6.632576261e-14
6.58008317e-14
6.546701873e-14
6.527754618e-14
6.519944759e-14
6.520881841e-14
6.528790508e-14
6.542325075e-14
6.560447465e-14
6.58234457e-14
6.60737091e-14
6.635007973e-14
6.664834845e-14
6.69650661e-14
6.729738239e-14
6.764292397e-14
6.799970096e-14
6.836603464e-14
6.874050069e-14
6.912188442e-14
6.9509145e-14
6.990138677e-14
7.029783594e-14
7.069782158e-14
7.110076006e-14
7.150614216e-14
7.191352235e-14
7.232250987e-14
7.273276122e-14
7.314397382e-14
7.355588066e-14
7.396824572e-14
7.438086011e-14
7.479353869e-14
7.520611721e-14
7.561844983e-14
7.603040697e-14
7.644187345e-14
7.685274685e-14
7.726293612e-14
7.767236029e-14
7.808094742e-14
7.848863361e-14
7.889536217e-14
7.930108287e-14
7.970575127e-14
8.010932814e-14
8.051177892e-14
8.091307326e-14
8.131318462e-14
8.171208988e-14
8.210976902e-14
8.25062048e-14
8.290138253e-14
8.329528977e-14
8.368791619e-14
8.407925329e-14
8.485803402e-14
8.524546854e-14
8.563159531e-14
8.601641288e-14
8.678211977e-14
8.716301102e-14
8.754259677e-14
8.829786382e-14
8.867355269e-14
8.904795105e-14
8.979289682e-14
9.016345555e-14
9.090077549e-14
9.126754994e-14
9.199736269e-14
9.236041558e-14
9.308285216e-14
9.38004484e-14
9.415745129e-14
9.486790708e-14
9.557368429e-14
9.592483909e-14
9.662372264e-14
9.731809364e-14
9.800801866e-14
9.869356402e-14
9.937479562e-14
9.971381421e-14
1.003886975e-13
1.010594292e-13
1.02057881e-13
1.027185095e-13
1.033752047e-13
1.040280269e-13
1.046770353e-13
1.053222881e-13
1.062832503e-13
1.069193619e-13
1.075519132e-13
1.084941814e-13
1.091180638e-13
1.100475697e-13
1.106631008e-13
1.115803091e-13
1.12490352e-13
1.130931427e-13
1.139915832e-13
1.148832586e-13
1.157683104e-13
1.16646876e-13
1.175190883e-13
1.183850766e-13
1.192449656e-13
1.200988768e-13
1.209469277e-13
1.217892323e-13
1.229035573e-13
1.237328786e-13
1.245568099e-13
1.256471733e-13
1.264589125e-13
1.275333648e-13
1.285990229e-13
1.296560931e-13
1.304433798e-13
1.314858953e-13
1.325203525e-13
1.335469309e-13
1.34565804e-13
1.358288139e-13
1.368309525e-13
1.378259086e-13
1.390597304e-13
1.400390643e-13
1.412538047e-13
1.42218218e-13
1.43414722e-13
1.446014377e-13
1.457785981e-13
1.469464272e-13
1.481051406e-13
1.492549459e-13
1.506232343e-13
1.517541351e-13
1.531002844e-13
1.542131737e-13
1.55538214e-13
1.568521469e-13
1.581552446e-13
1.594477684e-13
1.607299694e-13
1.620020892e-13
1.6326436e-13
1.647248591e-13
1.659665464e-13
1.674036073e-13
1.68828503e-13
1.702415354e-13
1.71642994e-13
1.730331573e-13
1.746084264e-13
1.759752718e-13
1.775245505e-13
1.790604807e-13
1.805834e-13
1.82093632e-13
1.835914873e-13
1.850772641e-13
1.867346814e-13
1.881957283e-13
1.898260078e-13
1.914424476e-13
1.932226794e-13
1.94811019e-13
1.96386548e-13
1.981224806e-13
1.998433731e-13
2.015496086e-13
2.032415545e-13
2.050866103e-13
2.067496773e-13
2.085637674e-13
2.103622457e-13
2.121455078e-13
2.140739754e-13
2.158266281e-13
2.177225507e-13
2.196021332e-13
2.214657901e-13
2.234672407e-13
2.254509509e-13
2.274173834e-13
2.293669812e-13
2.313001689e-13
2.333641775e-13
2.354101128e-13
2.374384408e-13
2.395926174e-13
2.415858719e-13
2.437034308e-13
2.45942086e-13
2.480224931e-13
2.502225479e-13
2.524034447e-13
2.547002054e-13
2.568431177e-13
2.591005596e-13
2.614695667e-13
2.636874353e-13
2.660156279e-13
2.684512755e-13
2.707385336e-13
2.731320965e-13
2.756291963e-13
2.779806776e-13
2.804346332e-13
2.829883983e-13
2.855193354e-13
2.880280455e-13
2.906330047e-13
2.932148334e-13
2.957741368e-13
2.984263161e-13
3.01055142e-13
3.037740213e-13
3.064687906e-13
3.091400797e-13
3.118983546e-13
3.147413287e-13
3.175588609e-13
3.20351622e-13
3.232262662e-13
3.26075577e-13
3.290043628e-13
3.319073133e-13
3.348874211e-13
3.379426453e-13
3.409705019e-13
3.439717131e-13
3.470457063e-13
3.501905651e-13
3.533074383e-13
3.564931792e-13
3.596507084e-13
3.628751908e-13
3.661648579e-13
3.694252378e-13
3.727490262e-13
3.761345422e-13
3.794898617e-13
3.82905267e-13
3.863791649e-13
3.898221112e-13
3.934091364e-13
3.968774353e-13
4.004868285e-13
4.040639855e-13
4.076938021e-13
4.113748844e-13
4.151058686e-13
4.188854213e-13
4.226311789e-13
4.264243871e-13
4.303434145e-13
4.342270764e-13
4.380763132e-13
4.420470682e-13
4.460592924e-13
4.501118768e-13
4.541283008e-13
4.582590728e-13
4.624270424e-13
4.666312128e-13
4.707978447e-13
4.75072189e-13
4.793798978e-13
4.837200797e-13
4.880918685e-13
4.924944225e-13
4.969958681e-13
5.014569093e-13
5.060140546e-13
5.105976328e-13
5.152069382e-13
5.199071921e-13
5.246306465e-13
5.293766801e-13
5.342088323e-13
5.390612312e-13
5.43933335e-13
5.488870446e-13
5.538583122e-13
5.588466691e-13
5.639124242e-13
5.690535104e-13
5.74208238e-13
5.794353773e-13
5.847329865e-13
5.900411018e-13
5.953594422e-13
6.008018041e-13
6.062518269e-13
6.117653149e-13
6.173405676e-13
6.229209257e-13
6.286152733e-13
6.343125186e-13
6.400661168e-13
6.459276085e-13
6.517889568e-13
6.577022626e-13
6.637177618e-13
6.697303902e-13
6.758416257e-13
6.819985803e-13
6.882000271e-13
6.944447741e-13
7.007805579e-13
7.071564818e-13
7.135714696e-13
7.200720617e-13
7.266559605e-13
7.332741978e-13
7.399258522e-13
7.467018076e-13
7.53507774e-13
7.603429456e-13
7.672958553e-13
7.742748334e-13
7.81323035e-13
7.884386036e-13
7.95619732e-13
8.029073356e-13
8.102139684e-13
8.175810291e-13
8.250484284e-13
8.325723145e-13
8.401511697e-13
8.478239338e-13
8.555480332e-13
8.633617766e-13
8.712234254e-13
8.791706674e-13
8.872012025e-13
8.952745193e-13
9.034653219e-13
9.116952839e-13
9.200005976e-13
9.284161462e-13
9.368658182e-13
9.454211835e-13
9.540434861e-13
9.627665163e-13
9.715522953e-13
9.804340838e-13
9.893746656e-13
9.984067797e-13
1.007493957e-12
1.016702123e-12
1.025994627e-12
1.035369197e-12
1.044823624e-12
1.054355761e-12
1.063963519e-12
1.073676779e-12
1.083492706e-12
1.093377196e-12
1.103359462e-12
1.113436873e-12
1.12360687e-12
1.133866962e-12
1.144244668e-12
1.154677474e-12
1.165222709e-12
1.17587735e-12
1.186609575e-12
1.197445911e-12
1.208383558e-12
1.21941979e-12
1.230579797e-12
1.241805062e-12
1.253148515e-12
1.264606975e-12
1.276150497e-12
1.287830004e-12
1.299589102e-12
1.311451778e-12
1.323441135e-12
1.335528106e-12
1.34773549e-12
1.360060042e-12
1.372498607e-12
1.385023376e-12
1.39768106e-12
1.41046808e-12
1.42335688e-12
1.436368574e-12
1.449499852e-12
1.462747494e-12
1.476108367e-12
1.489602426e-12
1.503226084e-12
1.516953263e-12
1.530825943e-12
1.544818025e-12
1.558926294e-12
1.573191184e-12
1.58756531e-12
1.602088504e-12
1.616735557e-12
1.631503133e-12
1.646429611e-12
1.661469464e-12
1.676660514e-12
1.691998687e-12
1.707459953e-12
1.723080767e-12
1.738837126e-12
1.754725379e-12
1.770780674e-12
1.786960162e-12
1.8032985e-12
1.81979141e-12
1.836434729e-12
1.853224403e-12
1.870174812e-12
1.887263471e-12
1.904522639e-12
1.921947723e-12
1.939516587e-12
1.957260369e-12
1.975157008e-12
1.993219579e-12
2.01144361e-12
2.029841634e-12
2.048408961e-12
2.067141031e-12
2.086033405e-12
2.10511432e-12
2.124362568e-12
2.143805607e-12
2.16340651e-12
2.183192413e-12
2.203158334e-12
2.223314832e-12
2.243641502e-12
2.264164026e-12
2.284877127e-12
2.30577567e-12
2.326854657e-12
2.348138415e-12
2.369621424e-12
2.391298316e-12
2.413163867e-12
2.435241133e-12
2.457510469e-12
2.479994331e-12
2.502673249e-12
2.5255691e-12
2.548676039e-12
2.571988378e-12
2.595513783e-12
2.619246513e-12
2.643206911e-12
2.667388841e-12
2.691786334e-12
2.716418809e-12
2.741267433e-12
2.766338768e-12
2.791639087e-12
2.817186547e-12
2.842950381e-12
2.86896059e-12
2.8951987e-12
2.921693752e-12
2.94841558e-12
2.975392622e-12
3.002606586e-12
3.030073708e-12
3.05779837e-12
3.085773632e-12
3.114003743e-12
3.14249274e-12
3.171233647e-12
3.200251796e-12
3.229529107e-12
3.259069108e-12
3.28888556e-12
3.318981335e-12
3.349338675e-12
3.379980946e-12
3.410900469e-12
3.442109683e-12
3.47360078e-12
3.505385714e-12
3.537456566e-12
3.569815229e-12
3.60247297e-12
3.635431157e-12
3.668691033e-12
3.702262978e-12
3.73612941e-12
3.770318746e-12
3.804813279e-12
3.83962263e-12
3.874747161e-12
3.910204668e-12
3.945977492e-12
3.982082952e-12
4.018512082e-12
4.055281511e-12
4.092382067e-12
4.129829719e-12
4.167615111e-12
4.205745437e-12
4.244227549e-12
4.283059967e-12
4.322249105e-12
4.361793207e-12
4.401698277e-12
4.441977729e-12
4.482621475e-12
4.523634847e-12
4.565022896e-12
4.606790401e-12
4.648941881e-12
4.691481593e-12
4.734406314e-12
4.777727185e-12
4.821440636e-12
4.865557218e-12
4.910073044e-12
4.955005019e-12
5.000341928e-12
5.046093231e-12
5.092267948e-12
5.138861338e-12
5.18588194e-12
5.233331339e-12
5.281217445e-12
5.329541349e-12
5.378310368e-12
5.42751882e-12
5.477186145e-12
5.527299978e-12
5.577879004e-12
5.628916775e-12
5.680419028e-12
5.732397157e-12
5.784850188e-12
5.837782932e-12
5.891205731e-12
5.945111143e-12
5.99950901e-12
6.054408702e-12
6.109807916e-12
6.165715421e-12
6.222134046e-12
6.279071847e-12
6.33652565e-12
6.394508348e-12
6.453021621e-12
6.512072222e-12
6.571661316e-12
6.631795064e-12
6.692479271e-12
6.753719403e-12
6.815520593e-12
6.877887655e-12
6.940825091e-12
7.004341995e-12
7.0684373e-12
7.133114638e-12
7.198391654e-12
7.264261625e-12
7.330736625e-12
7.397818882e-12
7.465514989e-12
7.53383115e-12
7.602773199e-12
7.672346608e-12
7.742552071e-12
7.81340765e-12
7.884904524e-12
7.957059871e-12
8.029877293e-12
8.103360098e-12
8.177511317e-12
8.252346167e-12
8.327862692e-12
8.404075154e-12
8.480980968e-12
8.558593492e-12
8.636913531e-12
8.715953481e-12
8.795713434e-12
8.876204885e-12
8.957434913e-12
9.039406373e-12
9.122129352e-12
9.205609667e-12
9.289856436e-12
9.37487095e-12
9.460665134e-12
9.547243119e-12
9.634615811e-12
9.722786483e-12
9.811765082e-12
9.901557541e-12
9.992172813e-12
1.008361933e-11
1.017590166e-11
1.026902732e-11
1.036300668e-11
1.045784625e-11
1.055355535e-11
1.065013952e-11
1.074760709e-11
1.084596905e-11
1.094522948e-11
1.104540144e-11
1.114648807e-11
1.124850129e-11
1.135144939e-11
1.145533711e-11
1.15601777e-11
1.166597784e-11
1.177274662e-11
1.188049549e-11
1.198922664e-11
