0.00993127809
0.006348579043
0.00493932719
0.004265940194
0.003756053076
0.003439547249
0.003162464656
0.002955647225
0.002775975303
0.002628912849
0.002504181832
0.002298891062
0.002136297194
0.002004556438
0.001894655399
0.001759531812
0.001649664588
0.001559298106
0.001459395335
0.00135768923
0.001274129421
0.001192219394
0.00111420543
0.001049709854
0.0009810746265
0.0009194288735
0.0008585183335
0.0008046410708
0.0007540351458
0.0007070605861
0.0006632533253
0.0006195439232
0.0005804891917
0.000542952547
0.000508730875
0.0004767839708
0.0004466003309
0.0004194978506
0.0003933312568
0.0003677117312
0.0003431668736
0.0003198346678
0.00029757717
0.0002767655896
0.0002580703642
0.0002413875283
0.0002269710094
0.0002130694678
0.000199771921
0.0001871086588
0.0001744348642
0.0001629055267
0.0001521794101
0.0001426182494
0.0001344739093
0.0001270572415
0.0001197217836
0.0001130392873
0.0001062347188
0.0001005651758
9.599269409e-05
9.161826762e-05
8.694486709e-05
8.321905518e-05
7.953141741e-05
7.696811562e-05
7.514630994e-05
7.419488028e-05
7.226439578e-05
6.980323229e-05
6.681166171e-05
6.306351067e-05
5.969182491e-05
5.70397082e-05
5.479992573e-05
5.252241511e-05
5.038141352e-05
4.748922033e-05
4.445796678e-05
4.213976097e-05
4.006627246e-05
3.740186837e-05
3.543530901e-05
3.440902505e-05
3.18348164e-05
2.883667886e-05
2.463784715e-05
2.038561604e-05
1.800775793e-05
1.534653398e-05
1.131342209e-05
5.758463946e-06
