330.1182997
404.3105041
479.6482767
542.7960634
571.5056076
568.5484487
541.0399508
500.7737817
458.3598906
418.4503461
382.8799069
351.8257062
325.3015117
303.3961464
285.3405227
270.659652
258.8907141
249.0528882
240.1766762
231.5393552
223.0715046
215.0619968
207.7350487
201.2063666
195.4766353
190.5352859
186.3504972
182.705633
179.4261361
176.3618394
173.3450156
170.2233248
166.8717758
163.3457289
159.7856277
156.3113559
153.0070323
149.9226396
147.1005646
144.5662067
142.2698898
140.1690069
138.2245073
136.3927308
134.6320564
132.9058075
131.2100091
129.5572681
127.9586359
126.41829
124.932527
123.4975487
122.1122074
120.7745609
119.483518
118.2360951
117.0182964
115.8155438
114.61523
113.4225191
112.2494698
111.1071766
110.0069904
108.959976
107.9762356
107.0562809
106.182033
105.3361605
104.5046887
103.6833078
102.0604632
101.2614522
100.4780156
99.71505789
98.97332206
98.25054914
97.54467176
96.18092984
95.52369646
94.8828193
93.63962985
93.03191486
92.43318331
91.27148741
90.71101418
90.16281241
89.09855835
88.58209345
87.58294429
87.09704758
86.13173033
85.64915571
84.70081569
84.24129952
83.35349888
82.923272
82.07754517
81.23980273
80.82357339
79.99866189
79.1943726
78.41901558
77.67688222
77.3192584
76.63232406
75.97691389
75.3415107
74.71485834
74.08761174
73.45751184
72.83330592
72.22713612
71.65301027
71.10488884
70.30286327
69.79851055
69.30857486
68.81689183
68.0738535
67.58157091
66.86713704
66.41531447
65.97561675
65.32720273
64.68621931
64.26898228
63.67075707
63.26396689
62.65811036
62.0764252
61.5113289
60.97744181
60.45047594
60.10182334
59.59485807
59.10699013
58.48666848
58.02874301
57.57458839
57.12755317
56.69315919
56.14819554
55.74972041
55.22575076
54.84325883
54.34352031
53.97491053
53.50167787
53.03212956
52.68501706
52.22733727
51.77819452
51.34811353
50.92182303
50.49691016
50.08211254
49.56337193
49.16849382
48.80816699
48.36575325
48.00472292
47.56249706
47.22682947
46.82399642
46.43059556
46.04560416
45.6620343
45.29280351
44.93751143
44.59689576
44.24909101
43.9156331
43.56027749
43.24622813
42.88042362
42.57553445
42.21616837
41.87104404
41.52125723
41.17747914
40.84743229
40.52541037
40.16144179
39.85549523
39.51049695
39.22376421
38.88949372
38.57993929
38.26977015
37.95659299
37.65687304
37.37273245
37.05204963
36.78469706
36.46814072
36.17614218
35.87706077
35.58903247
35.32280469
35.05518921
34.80383469
34.52508335
34.2718806
33.99585706
33.72250966
33.46185159
33.21579378
32.93137668
32.69505883
32.43432445
32.17735767
31.93545697
31.69518894
31.45913191
31.22897189
30.98359166
30.74841952
30.51959879
30.30593102
30.09769539
29.89073278
29.67863178
29.47422674
29.27337558
29.07755839
28.87252551
28.67771805
28.47968196
28.28289622
28.08875662
27.90021773
27.69845627
27.50485373
27.31830613
27.13422172
26.94170244
26.76191594
26.57507095
26.38608662
26.19261594
26.01862261
25.83419106
25.65163554
25.46119022
25.28772921
25.10776943
24.91621561
24.73943402
24.55844178
24.37986042
24.2037622
24.02581249
23.85179166
23.68594533
23.52460943
23.3513208
23.18058206
23.01066373
22.83876012
22.66963648
22.49336838
22.32830569
22.16349849
21.9917395
21.82264892
21.66043981
21.49828977
21.33527336
21.16978805
21.00545875
20.84328122
20.68834028
20.52743992
20.36568214
20.19984478
20.03554696
19.88211434
19.71977954
19.55806312
19.39158098
19.23026662
19.06547019
18.91657389
18.7644829
18.61363238
18.46115969
18.3118272
18.1691542
18.02542573
17.87261972
17.73108234
17.59086298
17.45173484
17.31619903
17.18263974
17.05177068
16.92570279
16.8046866
16.68646953
16.57251501
16.46000576
16.35580497
16.25050813
16.14631008
16.04131745
15.93777581
15.83525841
15.73811484
15.64233257
15.54578238
15.4505631
15.36131181
15.27656035
15.19553998
15.11486645
15.04141401
14.97189215
14.91021765
14.85120417
14.79629786
14.74247274
14.69020182
14.64108283
14.59665817
14.54949142
14.50223109
14.4559869
14.41174066
14.37301058
14.33483718
14.30312331
14.27366022
14.24221154
14.21043691
14.17674541
14.13934937
14.1017298
14.06362569
14.02736987
13.9998673
13.96998638
13.9353084
13.89977882
13.86380589
13.83163529
13.80288813
13.77547615
13.74713279
13.71957362
13.69047344
13.65911014
13.62324211
13.58846632
13.55268437
13.51604934
13.47354281
13.42765044
13.38263495
13.33749188
13.28960998
13.2415715
13.18920282
13.1320264
13.07302377
13.01400879
12.95689602
12.89897448
12.83955946
12.78138246
12.72545984
12.67016123
12.60854245
12.54098928
12.47374592
12.40422294
12.33609558
12.26904358
12.2104087
12.15440632
12.09604109
12.03687495
11.97519182
11.91509241
11.85000065
11.78101787
11.71894055
11.65484787
11.59421246
11.53456977
11.47027038
11.40729785
11.34373708
11.27910235
11.21678697
11.15646919
11.10231224
11.04877019
11.00138412
10.9533379
10.91131483
10.87665197
10.84950688
10.82388842
10.80158143
10.78177058
10.76385938
10.74959882
10.73707413
10.72443102
10.71668376
10.70964002
10.70332036
10.69659147
10.69360718
10.69399949
10.69965455
10.70885625
10.72372408
10.74184476
10.76037381
10.78017675
10.801662
10.82162201
10.8421622
10.86597473
10.89326416
10.92231196
10.95439781
10.98992852
11.02603855
11.06204722
11.09935337
11.13469326
11.17164202
11.21126431
11.25388778
11.2997107
11.34717469
11.39122303
11.43564109
11.47799702
11.52022171
11.56334622
11.60719422
11.64706412
11.68304371
11.71710374
11.74850997
11.77920741
11.80774746
11.83268507
11.85579656
11.87643309
11.89875704
11.91825966
11.93838075
11.95737521
11.97480635
11.99083423
12.00390677
12.01884238
12.03560437
12.05109137
12.0705852
12.09352239
12.12276114
12.15296241
12.18841695
12.22567579
12.26465253
12.30351248
12.34203187
12.37742732
12.40854506
12.43654414
12.46316724
12.48496103
12.51004108
12.53733604
12.56678504
12.5944075
12.61828626
12.63236733
12.64519633
12.65131029
12.64828501
12.63874754
12.62808
12.6103491
12.59324659
12.57845981
12.56300667
12.54650831
12.52733797
12.50390837
12.4744857
12.43725625
12.39250031
12.33894104
12.27882121
12.21708181
12.15134654
12.07736354
11.9978921
11.91073821
11.81156729
11.70380319
11.58706254
11.46440901
11.33618704
11.20109711
11.06042164
10.91429243
10.75925505
10.59549652
10.4274358
10.26167023
10.09402347
9.918944725
9.740814963
9.559711781
9.372675961
9.177221716
8.976712704
8.770642563
8.559836467
8.348219257
8.13718933
7.926194952
7.718832114
7.515140227
7.315844954
7.122962427
6.936321421
6.755068921
6.580872792
6.415058308
6.260146503
6.121311307
5.994914484
5.883138641
5.780552607
5.68730444
5.604200723
5.530068604
5.468296544
5.422747493
5.391798202
5.370354513
5.357038606
5.350074928
5.348737457
5.348454053
5.340107996
5.327905745
5.316787649
5.307753528
5.303880784
5.305787675
5.315027489
5.326399004
5.340304939
5.350688842
5.367400665
5.389355799
5.418210502
5.451913756
5.504280346
5.573775863
5.659857362
5.758888675
5.858314614
5.953152608
6.045148812
6.127240902
6.182532425
6.215494099
6.226850791
6.232922562
6.220229052
6.194759927
6.154022795
6.094058628
6.001105967
5.897681404
5.796968758
5.708234443
5.625965845
5.540557534
5.456306932
5.350101205
5.239998171
5.161162503
5.123546604
5.12264108
5.150797281
5.187906028
