0.321515024
0.2245656265
0.1825943729
0.15780017
0.1409627954
0.1285724695
0.1189633027
0.1112297045
0.1048315183
0.09942395702
0.09477523264
0.09072300602
0.08714973716
0.08396794883
0.08111101232
0.07852716523
0.07617550184
0.07402321061
0.0720436249
0.07021481839
0.06851857395
0.066939614
0.06546501753
0.06408377242
0.0627864275
0.06156481915
0.06041185422
0.05932133604
0.05828782386
0.05730651821
0.05637316697
0.05548398755
0.05463560233
0.05382498457
0.05304941284
0.05230643258
0.05159382336
0.05090957092
0.05025184318
0.04961896964
0.04900942343
0.04842180589
0.04785483299
0.04730732356
0.04677818894
0.04626642384
0.04577109832
0.0452913507
0.04482638122
0.04437544645
0.04393785429
0.04351295948
0.04310015964
0.04269889164
0.0423086284
0.04192887596
0.04155917083
0.04119907767
0.04084818707
0.04050611365
0.04017249423
0.03984698626
0.03952926628
0.03921902863
0.03891598417
0.03861985917
0.03833039427
0.03804734351
0.03777047348
0.03749956245
0.03697478484
0.03672052702
0.03647144453
0.03622736417
0.03598812072
0.03575355652
0.03552352101
0.03507646692
0.0348591792
0.03464588124
0.03423077713
0.03402874463
0.03383024862
0.03344346225
0.03325497993
0.0330696498
0.03270810185
0.03253172004
0.03218735357
0.03201922253
0.03169071857
0.03153021454
0.03121639167
0.03106295498
0.03076275139
0.03061587822
0.03032833659
0.03004875015
0.02991182667
0.02964350479
0.02938227919
0.02912784252
0.02887990575
0.02875828916
0.028519597
0.02828675354
0.02805952378
0.02783768575
0.02762102954
0.02740935654
0.0272024786
0.02700021742
0.02680240378
0.02660887708
0.02632629321
0.02614283238
0.0259631561
0.02578713602
0.02552969526
0.02536229279
0.02511725406
0.02495778834
0.02480132337
0.02457205013
0.02434902332
0.02420367074
0.02399044413
0.02385138622
0.0236472626
0.02344829454
0.02325426864
0.02306498366
0.02288024963
0.02275953289
0.02258198983
0.02240854048
0.02218337612
0.02201889023
0.02185801219
0.02170061202
0.02154656621
0.02134618751
0.02119952153
0.02100859177
0.0208687347
0.02068653402
0.02055297493
0.02037885796
0.02020909581
0.02008452426
0.01992195957
0.01976328256
0.01960834075
0.01945698988
0.01930909338
0.01916452182
0.01898829673
0.01885076709
0.01871618579
0.01855194754
0.01842362798
0.01826691488
0.0181443862
0.01799464072
0.01784854622
0.01770595674
0.01756673437
0.01743074866
0.01729787613
0.01716799983
0.01704100882
0.01691679785
0.01677127398
0.01665283424
0.01651396893
0.01640086704
0.01626816765
0.01613864183
0.01601216512
0.01588861975
0.01576789424
0.01564988296
0.01551550025
0.01540303291
0.01527486607
0.0151675219
0.0150451062
0.01492561159
0.01480892374
0.0146949345
0.01458354145
0.01447464756
0.01435313972
0.01424929718
0.01413334015
0.01402017316
0.01390968611
0.01380177492
0.01369634106
0.01359329119
0.01349253684
0.01338182771
0.01328567787
0.0131799524
0.01307671602
0.01297587262
0.01287733119
0.01277043582
0.01267647633
0.0125744756
0.01247490303
0.01237766383
0.0122826683
0.01218983151
0.01209907293
0.01200154782
0.01190634879
0.01181338486
0.01172256996
0.01163382258
0.01154706547
0.01145460528
0.01136433649
0.01127617391
0.01119003695
0.01109891929
0.01101676169
0.01092978977
0.0108448511
0.01076186769
0.01068076572
0.01059544901
0.0105121504
0.01043079163
0.01035129858
0.01026811818
0.01019227069
0.01011284763
0.01003525853
0.009954440049
0.00988042508
0.009803273312
0.009727907033
0.009649710978
0.009577817179
0.009503169607
0.00942600944
0.009354841535
0.00928122325
0.009209322442
0.009139073401
0.009066644873
0.008995918123
0.008926827585
0.008859311179
0.008789877234
0.008722057322
0.008655789918
0.008587816285
0.008521426144
0.008453507094
0.008390174071
0.008325335385
0.008259138697
0.008194503648
0.008131369844
0.00806968011
0.008006789267
0.00794535353
0.007882845799
0.00782179801
0.007762154262
0.007701557277
0.00764236524
0.007582326405
0.007523688475
0.007466397865
0.007408354224
0.007351651358
0.007294282707
0.007238244439
0.007181619994
0.007126312147
0.007070490584
0.007015968875
0.006960999249
0.006907310184
0.006854852783
0.006801997086
0.006748807352
0.00669685487
0.00664461701
0.006593591567
0.006542324572
0.006492243966
0.006441961205
0.006391525893
0.00634226611
0.006292885278
0.00624464943
0.006196320601
0.006149106021
0.00610068389
0.006054510689
0.006007203763
0.005960998419
0.005914815011
0.00586868509
0.005823627843
0.005778635482
0.005734679975
0.005689876496
0.005646117267
0.0056024821
0.00555899369
0.00551651292
0.005474180955
0.005432017552
0.005390041196
0.005348269146
0.005306717482
0.005266130393
0.005225758504
0.005184919782
0.005145035093
0.00510540394
0.005066037306
0.005027578769
0.004988755869
0.004950225614
0.00491199567
0.004874072971
0.004837027021
0.004799723753
0.004762744812
0.004726094552
0.004689776768
0.004653794727
0.004617661984
0.004582370566
0.004546954795
0.004512360337
0.004477665114
0.004442900832
0.004408946968
0.004374942618
0.004341726212
0.004308079906
0.004275217338
0.004242353107
0.004209879791
0.004177433624
0.004145388059
0.004113738749
0.004082145507
0.004050955133
0.004019842133
0.003989136458
0.003958526704
0.003928326804
0.003898238858
0.003868276846
0.0038387319
0.003809325117
0.00378033353
0.003751490397
0.003722806256
0.003694290888
0.003666194792
0.003638037791
0.003610305109
0.003582762735
0.003555417491
0.003528275615
0.003501552392
0.00347482888
0.003448324337
0.003422042934
0.00339598839
0.003370163995
0.003344572631
0.003319039086
0.00329392505
0.003268880842
0.003243919788
0.003219377741
0.003194927858
0.003170581523
0.003146650625
0.003122682588
0.00309912846
0.003075555868
0.003052257347
0.003029231027
0.00300621343
0.002983476088
0.002960891614
0.002938587731
0.002916323483
0.002894344693
0.0028725343
0.0028507858
0.002829327232
0.002807942975
0.00278684994
0.00276584191
0.002745026807
0.002724406573
0.002703888982
0.002683573669
0.002663461583
0.002643465997
0.002623593527
0.002603933671
0.002584404771
0.002565012141
0.002545838309
0.002526806436
0.002507920705
0.00248918492
0.00247060252
0.002452107631
0.002433842577
0.00241573919
0.002397735405
0.002379837629
0.002362174284
0.002344622605
0.002327187836
0.00230993184
0.002292799337
0.002275794475
0.00225892104
0.002242182473
0.002225632517
0.002209171517
0.00219285383
0.002176681678
0.002160610989
0.002144691665
0.002128925096
0.002113269594
0.002097729143
0.002082348242
0.002067047532
0.002051910815
0.002036900017
0.002021980502
0.002007229649
0.001992540603
0.001978023818
0.001963610744
0.001949305013
0.001935142119
0.001921059979
0.001907124948
0.001893307374
0.001879580288
0.001866004863
0.001852497217
0.001839144487
0.001825866325
0.001812719484
0.001799679488
0.001786748808
0.001773929666
0.001761200496
0.001748610726
0.00173609289
0.001723695368
0.001711397856
0.001699223673
0.001687132753
0.001675148458
0.001663253115
0.001651468627
0.001639796314
0.001628201178
0.001616722048
0.001605325232
0.001594047399
0.00158283972
0.001571754015
0.001560743436
0.001549826532
0.00153902012
0.001528295787
0.001517656134
0.001507117376
0.001496667149
0.001486307412
0.001476039926
0.001465853694
0.001455763272
0.001445757888
0.001435839439
0.001426009627
0.001416258849
0.001406600108
0.001397023971
0.001387532207
0.001378126403
0.001368798124
0.001359549331
0.00135038179
0.001341306238
0.001332296644
0.001323372994
0.001314536368
0.001305771116
0.001297079241
0.001288470454
0.001279938112
0.001271483698
0.001263101195
0.001254792305
0.00124656554
0.001238408137
0.00123032182
0.001222314628
0.00121437483
0.001206510313
0.001198716153
0.001190993748
0.001183344349
0.001175757883
0.001168247043
0.001160802013
0.001153424277
0.00114612022
0.001138875852
0.001131707395
0.001124596625
0.001117559112
0.001110582112
0.001103671516
0.001096828383
0.001090045361
0.001083327918
0.001076673094
0.001070082044
0.001063555788
0.001057087919
0.001050683325
0.001044335981
0.00103805399
0.001031828123
0.001025662922
0.00101955933
0.001013512052
0.001007525249
0.001001593926
0.0009957220777
0.0009899077531
0.0009841491732
0.0009784447175
0.0009728006045
0.0009672074237
0.0009616737287
0.000956190589
0.0009507638269
0.0009453919067
0.0009400712226
0.0009348049417
0.0009295917229
0.0009244303381
0.0009193196643
0.0009142625436
0.0009092558623
0.0009042986346
0.0008993935386
0.000894537735
0.0008897320481
0.0008849755472
0.0008802673767
0.0008756083233
0.0008709975457
0.0008664342689
0.0008619177792
0.000857450252
0.0008530281053
0.0008486521328
0.0008443230343
0.0008400401448
0.000835801605
0.0008316093583
0.0008274604189
0.0008233566798
0.000819296471
0.0008152804529
0.0008113081412
0.0008073780501
0.0008034908409
0.0007996470914
0.0007958444409
0.0007920835391
0.0007883640505
