0.004630797553
0.009261595105
0.01389239266
0.01852319021
0.02315398776
0.02778478532
0.03241558287
0.03704638042
0.04167717797
0.04630797553
0.05093877308
0.05556957063
0.06020036818
0.06483116574
0.06946196329
0.07409276084
0.07872355839
0.08335435595
0.0879851535
0.09261595105
0.0972467486
0.1018775462
0.1065083437
0.1111391413
0.1157699388
0.1204007364
0.1250315339
0.1296623315
0.134293129
0.1389239266
0.1435547241
0.1481855217
0.1528163192
0.1574471168
0.1620779143
0.1667087119
0.1713395094
0.175970307
0.1806011045
0.1852319021
0.1898626997
0.1944934972
0.1991242948
0.2037550923
0.2083858899
0.2130166874
0.217647485
0.2222782825
0.2269090801
0.2315398776
0.2361706752
0.2408014727
0.2454322703
0.2500630678
0.2546938654
0.2593246629
0.2639554605
0.268586258
0.2732170556
0.2778478532
0.2824786507
0.2871094483
0.2917402458
0.2963710434
0.3010018409
0.3056326385
0.310263436
0.3148942336
0.3195250311
0.3241558287
0.3334174238
0.3380482213
0.3426790189
0.3473098164
0.351940614
0.3565714115
0.3612022091
0.3704638042
0.3750946018
0.3797253993
0.3889869944
0.393617792
0.3982485895
0.4075101846
0.4121409822
0.4167717797
0.4260333748
0.4306641724
0.4399257675
0.444556565
0.4538181601
0.4584489577
0.4677105528
0.4723413504
0.4816029455
0.486233743
0.4954953381
0.5047569332
0.5093877308
0.5186493259
0.527910921
0.5371725161
0.5464341112
0.5510649087
0.5603265039
0.569588099
0.5788496941
0.5881112892
0.5973728843
0.6066344794
0.6158960745
0.6251576696
0.6344192647
0.6436808598
0.6575732525
0.6668348476
0.6760964427
0.6853580378
0.6992504304
0.7085120255
0.7224044182
0.7316660133
0.7409276084
0.7548200011
0.7687123937
0.7779739888
0.7918663815
0.8011279766
0.8150203692
0.8289127619
0.8428051546
0.8566975472
0.8705899399
0.879851535
0.8937439276
0.9076363203
0.9261595105
0.9400519032
0.9539442958
0.9678366885
0.9817290811
1.000252271
1.014144664
1.032667854
1.046560247
1.065083437
1.07897583
1.09749902
1.11602221
1.129914603
1.148437793
1.166960983
1.185484173
1.204007364
1.222530554
1.241053744
1.264207732
1.282730922
1.301254112
1.3244081
1.34293129
1.366085278
1.384608468
1.407762456
1.430916444
1.454070431
1.477224419
1.500378407
1.523532395
1.546686383
1.56984037
1.592994358
1.620779143
1.643933131
1.671717916
1.694871904
1.72265669
1.750441475
1.77822626
1.806011045
1.833795831
1.861580616
1.893996199
1.921780984
1.954196567
1.981981352
2.014396935
2.046812518
2.079228101
2.111643684
2.144059267
2.17647485
2.21352123
2.245936813
2.282983193
2.320029574
2.357075954
2.394122335
2.431168715
2.468215095
2.505261476
2.546938654
2.583985034
2.625662212
2.66733939
2.709016568
2.750693746
2.797001722
2.8386789
2.884986875
2.931294851
2.977602826
3.023910802
3.070218777
3.116526753
3.167465526
3.218404299
3.269343072
3.320281845
3.371220618
3.422159391
3.477728962
3.533298533
3.588868103
3.644437674
3.704638042
3.760207613
3.820407981
3.880608349
3.940808717
4.001009085
4.065840251
4.130671417
4.195502583
4.260333748
4.329795712
4.394626877
4.464088841
4.533550804
4.607643565
4.677105528
4.751198289
4.82529105
4.904014608
4.978107369
5.056830927
5.140185283
5.218908842
5.302263198
5.385617554
5.46897191
5.556957063
5.644942217
5.73292737
5.820912523
5.913528475
6.006144426
6.098760377
6.196007125
6.293253874
6.39513142
6.492378169
6.594255715
6.700764058
6.807272402
6.913780746
7.02028909
7.131428231
7.242567372
7.358337311
7.47410725
7.589877189
7.710277925
7.830678661
7.955710195
8.080741729
8.205773263
8.335435595
8.465097926
8.599391055
8.733684184
8.872608111
9.011532037
9.155086761
9.298641485
9.446827007
9.595012529
9.74319805
9.89601437
10.05346149
10.2109086
10.37298652
10.53506443
10.70177314
10.86848186
11.03982137
11.21579167
11.39176198
11.57236308
11.75296419
11.93819609
12.12342799
12.31792149
12.50778419
12.70690848
12.90603278
13.10978787
13.31817376
13.52655965
13.73957634
13.95259303
14.17487131
14.39714959
14.62405867
14.85559855
15.08713843
15.3233091
15.56411057
15.80954284
16.05960591
16.31429978
16.56899364
16.82831831
17.09690456
17.36549082
17.63870788
17.91655573
18.19440358
18.48151303
18.77325328
19.06962432
19.37062616
19.671628
19.98189144
20.29678567
20.6163107
20.94046653
21.26925316
21.60730138
21.9453496
22.29265942
22.63996923
22.99654065
23.36237365
23.72820666
24.10330126
24.47839586
24.86738286
25.25636985
25.65461844
26.05749783
26.46963881
26.88641059
27.30781317
27.73847734
28.17377231
28.61832887
29.06751624
29.52596519
29.98904495
30.4613863
30.94298925
31.42922299
31.92471833
32.42484446
32.93423219
33.45288152
33.98079244
34.51333416
35.05976827
35.61083318
36.17115968
36.74074778
37.31959748
37.90307797
38.50045085
39.10708533
39.72298141
40.34813907
40.98255834
41.6262392
42.28381245
42.9460165
43.62211294
44.31210178
45.00672141
45.71523344
46.43763786
47.16467307
47.91023148
48.66042068
49.42913308
50.20710706
50.99434265
51.80010142
52.61512179
53.44403455
54.28220891
55.13890646
56.0048656
56.88471713
57.78309186
58.69072818
59.61688769
60.5523088
61.50625309
62.47408978
63.45581886
64.45607113
65.4702158
66.49825285
67.5448131
68.60989654
69.68887237
70.78637139
71.9023936
73.0323082
74.18074599
75.34770698
76.53319115
77.73719851
78.96435987
80.20541361
81.46499054
82.74772147
84.05360638
85.37338368
86.71631497
88.08240025
89.46700871
90.87477117
92.30568761
93.75975805
95.23698246
96.73273007
98.25626247
99.80294885
101.3727892
102.9704144
104.5911935
106.2351267
107.9068446
109.6063473
111.329004
113.0840762
114.8623025
116.6683135
118.5067402
120.3683208
122.2669478
124.1887288
126.1429253
128.1295375
130.1439344
132.1953777
134.2746058
136.3862495
138.5349396
140.7114144
142.9295665
145.1755033
147.4631173
149.7831468
152.1402228
154.5343451
156.9655138
159.4383597
161.9436212
164.4951907
167.0838065
169.7140995
172.3814389
175.0950863
177.8504108
180.6520433
183.495353
186.3803399
189.3162655
192.2938684
195.32241
198.3926287
201.5184171
204.6858826
207.9089177
211.1828916
214.5031734
217.8790248
221.3104458
224.7928056
228.3307349
231.9242338
235.5733023
239.2825711
243.0474095
246.8724483
250.7576875
254.703127
258.7133977
262.7838687
266.9191709
271.1193043
275.3842689
279.7186954
284.1225838
288.5959343
293.1341159
297.751021
302.4373882
307.1932172
312.0277699
316.9410461
321.9284151
326.9945076
332.1393237
337.3674941
342.6790189
348.0692672
353.5475007
359.1137194
364.7632924
370.5054814
376.3356555
382.2584456
388.2738516
394.3818736
400.5917731
406.8942885
413.2986816
419.8049521
426.4084694
433.1231259
439.9350291
446.8627022
453.8922529
461.0375735
468.2940333
475.6616322
483.1496318
490.7534014
498.4775717
506.3221428
514.2871146
522.3817487
530.6014144
538.9553731
547.4343635
556.0522777
564.8044851
573.6909856
582.7210408
591.89002
601.2071846
610.667904
620.276809
630.0385302
639.9576986
650.0250524
660.259115
670.6459939
681.2042124
691.9245087
702.8115137
713.8744891
725.108804
736.5190891
748.1099754
759.8860936
771.8428129
783.9893948
796.3304703
808.8614085
821.591471
834.5206577
847.6535996
860.9949273
874.544641
888.3073713
902.2877491
916.4904052
930.9107088
945.5625522
960.4459356
975.5608588
990.9119527
1006.508479
1022.345806
1038.437828
1054.779913
1071.381322
1088.242056
1105.366745
1122.764651
1140.435775
1158.380115
1176.611565
1195.130125
1213.940424
