0.0004174456224
0.0003122473679
0.0002301111691
0.0001916965851
0.0001731042293
0.0001592410125
0.000143785051
0.0001330580233
0.0001260564342
0.0001198487546
0.0001132997928
0.0001040109832
9.642847205e-05
9.039501309e-05
8.521657481e-05
7.899354309e-05
7.389467559e-05
6.96730959e-05
6.505015473e-05
6.036471581e-05
5.654196136e-05
5.277426126e-05
4.916103555e-05
4.621856057e-05
4.314167162e-05
4.036779426e-05
3.770056953e-05
3.536791189e-05
3.315780814e-05
3.107565609e-05
2.9118108e-05
2.716432192e-05
2.543531233e-05
2.381581391e-05
2.234368534e-05
2.097271204e-05
1.965800797e-05
1.842944108e-05
1.725094041e-05
1.609729817e-05
1.504918954e-05
1.407801557e-05
1.322127784e-05
1.239210294e-05
1.159038835e-05
1.083929872e-05
1.017125249e-05
9.521318173e-06
8.921729978e-06
8.404599819e-06
7.923369449e-06
7.458075413e-06
7.005761673e-06
6.58556617e-06
6.203876345e-06
5.861692513e-06
5.543031283e-06
5.267312752e-06
5.005455544e-06
4.71148178e-06
4.452018989e-06
4.196376596e-06
3.916305673e-06
3.646346318e-06
3.454527087e-06
3.282516242e-06
3.159522998e-06
3.088142847e-06
3.04068318e-06
2.91896289e-06
2.738858888e-06
2.52248103e-06
2.266432018e-06
1.964178737e-06
1.746141968e-06
1.592413895e-06
1.515486255e-06
1.47160802e-06
1.387699088e-06
1.30211136e-06
1.262271269e-06
1.239634263e-06
1.170914188e-06
1.087604367e-06
1.01170569e-06
9.112155808e-07
7.810263288e-07
6.400148228e-07
5.1659576e-07
4.885179295e-07
5.060145565e-07
5.243840851e-07
