6424.784463
3520.577157
2535.917794
2033.746973
1726.015106
1516.377618
1363.359699
1246.113262
1152.985945
1076.940014
1013.465194
959.5322683
913.0279021
872.4306052
836.6155979
804.7323818
776.1251964
750.2797645
726.786693
705.3157373
685.5973326
667.4090975
650.5658108
634.9118562
620.3154523
606.6641916
593.861553
581.8241479
570.479525
559.7644047
549.6232484
540.0070896
530.8725729
522.1811586
513.8984598
505.9936879
498.4391845
491.2100269
484.2836904
477.6397623
471.259694
465.1265895
459.2250215
453.5408718
448.0611925
442.7740849
437.6685928
432.7346093
427.9627941
423.3445008
418.8717121
414.5369825
410.3333869
406.2544751
402.2942307
398.4470347
394.7076321
391.0711025
387.5328333
384.0884952
380.7340206
377.4655833
374.279581
371.1726179
368.1414908
365.1831746
362.2948098
359.4736915
356.7172586
354.023084
348.81242
346.2916707
343.8246459
341.4094691
339.0443544
336.7276005
334.4575857
330.0516579
327.9128592
325.8150204
321.7371276
319.7546627
317.8083298
314.0197772
312.1755256
310.3633374
306.8315218
305.1101682
301.7525016
300.1146539
296.917306
295.3564362
292.3070649
290.8173367
287.9048885
286.4810661
283.6956085
280.9897817
279.6655588
277.0722836
274.5497866
272.0949105
269.7046913
268.5329511
266.2345471
263.9941423
261.8093411
259.6778838
257.5976375
255.5665862
253.5828237
251.6445451
249.7500406
247.8976892
245.1948546
243.4413226
241.724887
240.0442594
237.587791
235.9914433
233.6561478
232.1372714
230.6476476
228.466046
226.3452319
224.9637521
222.9381843
221.6178324
219.6805961
217.7933274
215.9539165
214.1603768
212.4108346
211.268039
209.5879457
207.9473493
205.8187079
204.2644905
202.7450015
201.2589678
199.8051809
197.9149833
196.5320699
194.7325548
193.4149436
191.6990925
190.4418064
188.8033381
187.2065185
186.0351894
184.507145
183.0162179
181.5609313
180.1398891
178.7517706
177.3953255
175.7425105
174.4530907
173.1917107
171.6528974
170.4510239
168.983687
167.8367903
166.4355702
165.0689698
163.7355887
162.4341046
161.1632677
159.9218957
158.7088692
157.5231275
156.3636645
155.0056558
153.9007122
152.6055792
151.5510197
150.3140645
149.1070357
147.9287482
146.7780816
145.6539756
144.5554261
143.3048186
142.2584415
141.0663089
140.0681106
138.9300443
137.8194255
136.735171
135.676257
134.6417141
133.6306244
132.502697
131.5389903
130.4631154
129.4133925
128.3887824
127.3883029
126.4110248
125.4560681
124.5225989
123.4971474
122.6067633
121.627933
120.6723794
119.7391982
118.8275336
117.8388239
116.9699722
116.0269872
115.1066781
114.2081551
113.3305764
112.4731451
111.6351061
110.7348079
109.8562067
108.9984499
108.1607313
107.3422876
106.5423957
105.6901397
104.8583035
104.0460904
103.2527464
102.4137567
101.6574737
100.8570891
100.0756341
99.31238053
98.56663889
97.78236802
97.01687682
96.2694348
95.53935068
94.77563653
94.07946402
93.350698
92.63898791
91.89790112
91.2194266
90.51243365
89.82204082
89.10598184
88.44787044
87.76479758
87.05900428
86.40827466
85.73540149
85.0784906
84.43693086
83.7757439
83.13037221
82.50020628
81.88466908
81.25193843
80.63420738
80.03090427
79.41237194
78.80855606
78.19115964
77.6157569
77.02699073
76.42623426
75.83999412
75.26770973
74.70885049
74.13946298
73.5836053
73.01842217
72.46681632
71.92826918
71.38150518
70.8478113
70.30689392
69.77901246
69.26367006
68.74198218
68.2327763
67.71804122
67.21569564
66.70856673
66.21370362
65.71473716
65.2278856
64.73754929
64.25915358
63.79224533
63.32232368
62.84999122
62.38920754
61.92647383
61.47506379
61.02211997
60.58026378
60.13724933
59.6935443
59.26083696
58.8277419
58.40536698
57.98287563
57.57082517
57.14898253
56.74746284
56.33685275
55.93658354
55.53730381
55.13931512
54.7514113
54.36491639
53.98818021
53.605076
53.2318115
52.86053584
52.49146909
52.13191486
51.77460119
51.41972105
51.06745573
50.71797521
50.37143861
50.03404647
49.69956297
49.36239149
49.03428591
48.70947474
48.38806999
48.07531653
47.76088737
47.45015583
47.14320315
46.84010372
46.54539554
46.2500745
45.95879515
45.67160777
45.38855736
45.10968397
44.83126444
44.5609556
44.29137242
44.02972464
43.76904829
43.50965928
43.25812749
43.00808156
42.76569305
42.5221144
42.28617065
42.05222458
41.8231075
41.59628791
41.37441054
41.15744198
40.94308169
40.73371323
40.52718041
40.32570114
40.12725789
39.93391061
39.74377486
39.55699736
39.37541238
39.19732323
39.02442396
38.85513817
38.68957806
38.52784823
38.37137788
38.21753676
38.0690184
37.92457111
37.78426873
37.64817898
37.5173768
37.38984289
37.26669127
37.14796734
37.03371147
36.9239592
36.81874149
36.71739227
36.62136057
36.52931924
36.44140195
36.35879584
36.28040163
36.20633135
36.13752904
36.07272335
36.0131618
35.95777422
35.90730719
35.86173498
35.82058776
35.78439927
35.75297227
35.72648738
35.70469518
35.68786986
35.67591302
35.66882933
35.66671446
35.66956361
35.67736144
35.6901929
35.70803454
35.73088546
35.75888123
35.7919151
35.82997361
35.87324141
35.92175644
35.97531141
36.03413521
36.09824979
36.16738002
36.24179618
36.32150648
36.40651454
36.49681963
36.59278625
36.69368105
36.7998465
36.91167709
37.02919219
37.15153482
37.27953668
37.41320389
37.55206792
37.69657425
37.84671687
38.00248588
38.16386772
38.33032547
38.50286999
38.68096757
38.8645925
39.05427032
39.24943217
39.45004466
39.65664839
39.86922687
40.08717139
40.31163143
40.54139801
40.7770335
41.0191215
41.26641132
41.52072281
41.7801678
42.04595981
42.31807437
42.59584413
42.88051758
43.17077933
43.46723829
43.77051662
44.0792725
44.39544545
44.71702294
45.04596018
45.38089471
45.72245906
46.07062007
46.42534358
46.78727335
47.155018
47.53058296
47.91257324
48.30163686
48.69705312
49.10016092
49.5102398
49.92794563
50.35255418
50.78402959
51.22372391
51.67021665
52.1248627
52.58623774
53.05639619
53.53321514
54.01875237
54.51227814
55.01306083
55.5224644
56.04045687
56.56630678
57.10068106
57.64354778
58.19487515
58.75533131
59.32418523
59.90210552
60.48906129
61.08502196
61.69065652
62.30523549
62.92942827
63.56320521
64.20653702
64.86009303
65.52384403
66.19776127
66.88111933
67.57598187
68.28092671
68.99592725
69.72234873
70.46016334
71.20864908
71.96847494
72.73961492
73.5227371
74.31781542
75.12413201
75.94304757
76.77453668
77.61788355
78.4744467
79.34351133
80.22574442
81.12112267
82.02962357
82.9526014
83.88865711
84.83914454
85.80404124
86.78263959
87.77697676
88.78497473
89.80935377
90.848039
91.90306338
92.97372267
94.059998
95.16323537
96.28273313
97.4191545
98.57248107
99.74269528
100.9311397
102.1371165
103.3619667
104.6043155
105.8661816
107.1468698
108.4463643
109.7660034
111.1050944
112.4649741
113.8449513
115.2456868
116.6678406
118.1120721
119.5770189
121.0653623
122.5750679
124.1088144
125.6652425
127.245012
128.8494536
130.4778827
132.1309584
133.8093392
135.5136832
137.2433085
138.9995434
140.7830456
142.5931347
144.4311376
146.2970436
148.1915103
150.1151951
152.0680877
154.0508457
156.0641263
158.1085864
160.1835502
162.2910076
164.4309488
166.6033652
168.8089138
171.0489166
173.3227
175.6322504
177.9768948
180.3579542
182.7754209
185.2299512
187.7228653
190.2541555
192.823815
195.4338264
198.0841823
200.775539
