1.897155845e-11
1.346341641e-11
1.152646413e-11
1.052366436e-11
9.907031344e-12
9.488368718e-12
9.185072353e-12
8.955027383e-12
8.774454772e-12
8.628890966e-12
8.509023911e-12
8.408582711e-12
8.323187658e-12
8.249686111e-12
8.185750231e-12
8.129623428e-12
8.079955031e-12
8.035689296e-12
7.995988981e-12
7.960181545e-12
7.9277205e-12
7.898157179e-12
7.871119763e-12
7.846297493e-12
7.82342862e-12
7.802291102e-12
7.782695344e-12
7.76447848e-12
7.747499815e-12
7.731637179e-12
7.71678397e-12
7.702846752e-12
7.689743282e-12
7.67740088e-12
7.665755079e-12
7.654748498e-12
7.64432989e-12
7.634453348e-12
7.625077622e-12
7.616165548e-12
7.60768355e-12
7.599601218e-12
7.591890947e-12
7.584527614e-12
7.577488311e-12
7.570752104e-12
7.564299823e-12
7.558113884e-12
7.552178124e-12
7.546477663e-12
7.540998779e-12
7.535728795e-12
7.530655986e-12
7.525769486e-12
7.521059214e-12
7.516515803e-12
7.512130541e-12
7.507895309e-12
7.503802535e-12
7.499845151e-12
7.496016545e-12
7.492310532e-12
7.488721316e-12
7.485243459e-12
7.481871857e-12
7.475428518e-12
7.472348019e-12
7.469356213e-12
7.466449325e-12
7.460876234e-12
7.458203478e-12
7.455602508e-12
7.450604654e-12
7.448202501e-12
7.445861575e-12
7.441354272e-12
7.43918361e-12
7.434998319e-12
7.432979996e-12
7.429083399e-12
7.427201923e-12
7.423565144e-12
7.4200874e-12
7.418404942e-12
7.415146881e-12
7.412023909e-12
7.410510482e-12
7.407574916e-12
7.404755068e-12
7.402044228e-12
7.399436195e-12
7.396925228e-12
7.395704467e-12
7.393329245e-12
7.391038495e-12
7.387751153e-12
7.385652869e-12
7.383624834e-12
7.38166358e-12
7.379765861e-12
7.377928638e-12
7.375280054e-12
7.373581996e-12
7.37193521e-12
7.369556196e-12
7.368027869e-12
7.365816976e-12
7.364394772e-12
7.362334787e-12
7.360358047e-12
7.359084008e-12
7.357235208e-12
7.355457299e-12
7.35374628e-12
7.352098446e-12
7.35051036e-12
7.348978831e-12
7.34750089e-12
7.346073773e-12
7.344694903e-12
7.343361874e-12
7.341651945e-12
7.340417381e-12
7.339221707e-12
7.337684858e-12
7.336573079e-12
7.33514221e-12
7.333767051e-12
7.33244441e-12
7.331485111e-12
7.330247405e-12
7.329054611e-12
7.327904327e-12
7.326794321e-12
7.325460301e-12
7.324433531e-12
7.323440779e-12
7.322245154e-12
7.321323024e-12
7.320210969e-12
7.319352185e-12
7.318315237e-12
7.317316771e-12
7.316354685e-12
7.315427027e-12
7.31453198e-12
7.313667856e-12
7.312669514e-12
7.311868022e-12
7.310940757e-12
7.310195328e-12
7.309331811e-12
7.308500332e-12
7.307699142e-12
7.306926615e-12
7.30618124e-12
7.305461612e-12
7.304766419e-12
7.303984616e-12
7.303338275e-12
7.302610465e-12
7.301909443e-12
7.301233756e-12
7.300582056e-12
7.299953089e-12
7.29926061e-12
7.298676522e-12
7.29803259e-12
7.29741249e-12
7.296814925e-12
7.296238688e-12
7.295682659e-12
7.295145792e-12
7.294563515e-12
7.29406422e-12
7.293521993e-12
7.29299932e-12
7.292440244e-12
7.291955528e-12
7.291487364e-12
7.290985586e-12
7.290502154e-12
7.290036081e-12
7.28958645e-12
7.289109828e-12
7.288692013e-12
7.288248536e-12
7.287821058e-12
7.287408732e-12
7.286975275e-12
7.286592139e-12
7.286188838e-12
7.285800039e-12
7.285424975e-12
7.285033329e-12
7.284656123e-12
7.284292575e-12
7.283941958e-12
7.283603595e-12
7.283252189e-12
7.282913535e-12
7.282586953e-12
7.282249723e-12
7.281946186e-12
7.281632345e-12
7.281309866e-12
7.281018445e-12
7.280718604e-12
7.280429531e-12
7.280133554e-12
7.279864941e-12
7.279589557e-12
7.279308626e-12
7.27905283e-12
7.27879154e-12
7.27852583e-12
7.27828316e-12
7.278036061e-12
7.277785468e-12
7.277555961e-12
7.277322907e-12
7.277087119e-12
7.276859979e-12
7.276641024e-12
7.276419955e-12
7.276206938e-12
7.276001548e-12
7.275794546e-12
7.275595023e-12
7.275394376e-12
7.275201032e-12
7.275014605e-12
7.274827381e-12
7.274639813e-12
7.274459143e-12
7.274285003e-12
7.274110713e-12
7.273942746e-12
7.273774882e-12
7.27361312e-12
7.273451675e-12
7.273290843e-12
7.273135962e-12
7.272986717e-12
7.272838109e-12
7.272690375e-12
7.272548096e-12
7.272406782e-12
7.272270676e-12
7.272135605e-12
7.272001747e-12
7.271872872e-12
7.271745241e-12
7.271618997e-12
7.271497491e-12
7.271377373e-12
7.271258762e-12
7.27114463e-12
7.271029222e-12
7.270920916e-12
7.270811511e-12
7.270706301e-12
7.270602706e-12
7.270500793e-12
7.270400622e-12
7.270302247e-12
7.270207727e-12
7.270114928e-12
7.270022035e-12
7.269932873e-12
7.269847252e-12
7.269761705e-12
7.269678036e-12
7.269596265e-12
7.269517852e-12
7.269439853e-12
7.269363784e-12
7.269289652e-12
7.269218676e-12
7.269148368e-12
7.269079998e-12
7.269013562e-12
7.268949054e-12
7.268886468e-12
7.268824871e-12
7.268766146e-12
7.268708474e-12
7.268652764e-12
7.268599002e-12
7.268546451e-12
7.268495889e-12
7.268447298e-12
7.268400044e-12
7.268354788e-12
7.268311509e-12
7.268269671e-12
7.268229827e-12
7.268191956e-12
7.26815561e-12
7.268120853e-12
7.268088111e-12
7.26805702e-12
7.268027634e-12
7.268000292e-12
7.267974969e-12
7.267951163e-12
7.267929421e-12
7.267909527e-12
7.267891522e-12
7.267875596e-12
7.267861473e-12
7.267849464e-12
7.26783946e-12
7.267831436e-12
7.267825573e-12
7.267821823e-12
7.267820216e-12
7.267820814e-12
7.267823659e-12
7.267828786e-12
7.267836229e-12
7.267846017e-12
7.267858287e-12
7.267873e-12
7.267890186e-12
7.267910032e-12
7.267932616e-12
7.267957832e-12
7.26798571e-12
7.26801672e-12
7.268050519e-12
7.268087137e-12
7.268127139e-12
7.268170087e-12
7.26821631e-12
7.268265888e-12
7.2683189e-12
7.268375768e-12
7.268435903e-12
7.268499714e-12
7.268567668e-12
7.268639492e-12
7.268715267e-12
7.268795511e-12
7.268879906e-12
7.268968999e-12
7.269062446e-12
7.269160826e-12
7.269264276e-12
7.269372407e-12
7.269486387e-12
7.269605296e-12
7.269729797e-12
7.269860616e-12
7.269996744e-12
7.270139514e-12
7.270288488e-12
7.270444465e-12
7.270606982e-12
7.270776875e-12
7.270953654e-12
7.271138191e-12
7.27132997e-12
7.271530647e-12
7.27173973e-12
7.271957441e-12
7.272184005e-12
7.272419651e-12
7.272664612e-12
7.272919976e-12
7.273186038e-12
7.273462209e-12
7.273749644e-12
7.274048653e-12
7.274359549e-12
7.274682653e-12
7.275019274e-12
7.275367791e-12
7.275730531e-12
7.276107897e-12
7.276499231e-12
7.276905975e-12
7.277328551e-12
7.277767391e-12
7.278224087e-12
7.278696796e-12
7.279188306e-12
7.279699145e-12
7.280228605e-12
7.280779708e-12
7.28135049e-12
7.281942766e-12
7.282558461e-12
7.283196864e-12
7.283859974e-12
7.284548476e-12
7.285263069e-12
7.286002981e-12
7.286771872e-12
7.287570561e-12
7.288398313e-12
7.289257488e-12
7.290148946e-12
7.291073567e-12
7.292032241e-12
7.293027597e-12
7.294060654e-12
7.295130661e-12
7.296242211e-12
7.297394622e-12
7.298588986e-12
7.299830253e-12
7.301115847e-12
7.302450901e-12
7.30383477e-12
7.305268751e-12
7.306758372e-12
7.308300916e-12
7.309902113e-12
7.311563586e-12
7.313284724e-12
7.315071692e-12
7.316923976e-12
7.318843311e-12
7.32083633e-12
7.322900131e-12
7.325041585e-12
7.327262815e-12
7.329565983e-12
7.331953282e-12
7.334429656e-12
7.336994756e-12
7.339656507e-12
7.34241755e-12
7.345277655e-12
7.348245327e-12
7.351320472e-12
7.354508978e-12
7.357813866e-12
7.36124139e-12
7.364794833e-12
7.368477531e-12
7.37229287e-12
7.376251126e-12
7.380352667e-12
7.384608307e-12
7.389014983e-12
7.393583872e-12
7.398319251e-12
7.40322926e-12
7.408314627e-12
7.413587691e-12
7.419053387e-12
7.42471672e-12
7.43058276e-12
7.436665097e-12
7.442969377e-12
7.449501323e-12
7.456266733e-12
7.463280532e-12
7.470544524e-12
7.478074338e-12
7.485872016e-12
7.493953908e-12
7.502327236e-12
7.510999308e-12
7.519982619e-12
7.529284895e-12
7.538924512e-12
7.548909897e-12
7.559249564e-12
7.569963226e-12
7.581054472e-12
7.592538091e-12
7.604429336e-12
7.61674987e-12
7.629498067e-12
7.64270229e-12
7.65636722e-12
7.67052259e-12
7.685167205e-12
7.700331884e-12
7.716022137e-12
7.73226343e-12
7.749075279e-12
7.766470715e-12
7.78446993e-12
7.803093621e-12
7.822355652e-12
7.842292274e-12
7.86291091e-12
7.884233912e-12
7.90629193e-12
7.929108663e-12
7.952692216e-12
7.977082872e-12
8.002297503e-12
8.028369794e-12
8.055317316e-12
8.083174935e-12
8.111960885e-12
8.141702255e-12
8.172435621e-12
8.204189315e-12
8.236992077e-12
8.270882497e-12
8.305871325e-12
8.342017206e-12
8.379331476e-12
8.417854697e-12
8.457618161e-12
8.498673979e-12
8.541034044e-12
8.584751548e-12
8.629849e-12
8.676381002e-12
8.7243706e-12
8.773873714e-12
8.824913833e-12
8.877536731e-12
8.931788821e-12
8.987705488e-12
9.045333921e-12
9.104709948e-12
9.165881418e-12
9.228908868e-12
9.293816847e-12
9.36065417e-12
9.429470042e-12
9.50031403e-12
9.573236021e-12
9.648286194e-12
9.725501834e-12
9.804946468e-12
9.886657514e-12
9.970699099e-12
1.005710864e-11
1.014596451e-11
1.023729044e-11
1.033115131e-11
1.04276125e-11
1.05267112e-11
1.062851285e-11
1.073306873e-11
1.084044463e-11
1.095069182e-11
1.106387627e-11
1.118003409e-11
1.129926125e-11
1.142157846e-11
1.154708206e-11
1.167580742e-11
1.180782028e-11
1.194320207e-11
1.208200305e-11
1.222428891e-11
1.237014128e-11
1.251959377e-11
1.26727277e-11
1.282962461e-11
1.299033349e-11
1.315493572e-11
1.332349625e-11
1.349609648e-11
1.367278438e-11
1.385365782e-11
1.403878124e-11
1.422823576e-11
1.442208541e-11
1.462041106e-11
1.482329354e-11
1.503081364e-11
1.524305205e-11
1.546008938e-11
1.568200614e-11
1.590890029e-11
1.614083463e-11
1.637788924e-11
1.662019742e-11
1.686780378e-11
1.712082392e-11
1.737933775e-11
1.7643443e-11
1.791323743e-11
1.818881876e-11
1.847028471e-11
1.875771472e-11
1.905126112e-11
1.935096678e-11
1.965698419e-11
1.996941103e-11
2.028834492e-11
2.061388335e-11
2.094617935e-11
2.128531198e-11
2.163143451e-11
2.198462588e-11
2.234503955e-11
2.271277304e-11
2.308798005e-11
2.347075808e-11
2.386126102e-11
2.425962406e-11
2.466596359e-11
2.508043378e-11
2.550317002e-11
2.593432669e-11
2.637402032e-11
2.682242443e-11
2.727967464e-11
2.774594473e-11
2.822137044e-11
2.870612577e-11
2.920036568e-11
2.970426438e-11
3.021799619e-11
3.074171634e-11
3.12755993e-11
3.181983887e-11
3.237460975e-11
3.294010598e-11
3.351650242e-11
3.410399329e-11
3.470279226e-11
3.531307445e-11
3.593507307e-11
3.65689634e-11
3.721497889e-11
3.787333375e-11
3.854422285e-11
3.922789942e-11
3.992457792e-11
4.063449239e-11
4.135789638e-11
4.209498518e-11
