1.178924338
0.820905996
0.6675579068
0.5745812092
0.5125243093
0.4648805073
0.4288527868
0.4002354276
0.3767720245
0.3568679726
0.3400447402
0.3121465459
0.2899150356
0.271617137
0.2562901133
0.2376788208
0.2225506221
0.2100939981
0.1963855578
0.1824451809
0.1710061038
0.1596840833
0.1488451651
0.1399115927
0.130656353
0.122361953
0.1143435349
0.1072971508
0.100525923
0.09412002415
0.08814459415
0.08227854404
0.07703661639
0.07208067162
0.0675191473
0.06329896574
0.05922876092
0.05549330575
0.05196925598
0.04866454656
0.04552256873
0.04259722489
0.03996152737
0.0373929982
0.03494309223
0.03274041738
0.03072600156
0.02876696113
0.02697134697
0.02533036528
0.02377725257
0.02231625666
0.02098721985
0.01982184756
0.01881255849
0.01783597071
0.01704062657
0.016325949
0.01564996269
0.01484287416
0.01414084711
0.01339625842
0.01256907586
0.01177885685
0.0111819021
0.01071727001
0.01029675645
0.009917290249
0.009505657694
0.008981445546
0.008288333236
0.007430687656
0.006569565111
0.005660053873
0.005055168882
0.00454970038
0.004258248511
0.004006477421
0.003579210478
0.00339565362
0.00331083145
0.003247208222
0.003112954788
0.002991532158
0.002760462072
0.002474558854
0.002201658239
0.001990251729
0.001878373811
0.001817815981
0.001696283197
0.001517415739
