4.888960706e-11
7.71562867e-11
9.690086253e-11
1.097682618e-10
1.194742182e-10
1.277716535e-10
1.35107277e-10
1.417235994e-10
1.477916093e-10
1.533874701e-10
1.586018588e-10
1.635434143e-10
1.682906189e-10
1.728911313e-10
1.773724522e-10
1.81751952e-10
1.86042762e-10
1.902542267e-10
1.943962826e-10
1.984785348e-10
2.025066174e-10
2.064830216e-10
2.104095127e-10
2.142877641e-10
2.181198034e-10
2.219078863e-10
2.256521036e-10
2.293528274e-10
2.3301119e-10
2.366287037e-10
2.402067249e-10
2.437462402e-10
2.472479801e-10
2.507126827e-10
2.54141301e-10
2.575351311e-10
2.608955599e-10
2.642236595e-10
2.675201688e-10
2.707858587e-10
2.740213113e-10
2.772266905e-10
2.804020064e-10
2.835473451e-10
2.866628056e-10
2.897486065e-10
2.928052682e-10
2.958333628e-10
2.988332878e-10
3.01805339e-10
3.04749889e-10
3.076671971e-10
3.105578272e-10
3.134228639e-10
3.162639094e-10
3.19082965e-10
3.218821701e-10
3.246631809e-10
3.274263177e-10
3.301701869e-10
3.328921439e-10
3.355891145e-10
3.382581388e-10
3.40896481e-10
3.435016489e-10
3.460714646e-10
3.486040679e-10
3.53551383e-10
3.559627215e-10
3.58329343e-10
3.606481196e-10
3.629157074e-10
3.651289304e-10
3.693815677e-10
3.714165716e-10
3.733883356e-10
3.75295602e-10
3.789135631e-10
3.806234849e-10
3.822672704e-10
3.853574306e-10
3.86804649e-10
3.895061701e-10
3.907617591e-10
3.930859298e-10
3.941559945e-10
3.961163206e-10
3.970083804e-10
3.986209681e-10
3.993434261e-10
4.006254407e-10
4.016964614e-10
4.021552028e-10
4.029237736e-10
4.034992054e-10
4.03716272e-10
4.040123886e-10
4.041285259e-10
4.040691616e-10
4.038385845e-10
4.034416113e-10
4.028841859e-10
4.021730274e-10
4.013147622e-10
4.003151387e-10
3.991790833e-10
3.979120965e-10
3.965228606e-10
3.950232927e-10
3.934265485e-10
3.908789718e-10
3.890992885e-10
3.872710464e-10
3.844686688e-10
3.825808972e-10
3.797526057e-10
3.778862804e-10
3.751421739e-10
3.733635254e-10
3.707923285e-10
3.691532072e-10
3.668228894e-10
3.646630671e-10
3.626894113e-10
3.609147103e-10
3.598473416e-10
3.584266756e-10
3.572291164e-10
3.562605757e-10
3.555252221e-10
3.549086296e-10
3.547148142e-10
3.547430564e-10
3.549823319e-10
3.556028989e-10
3.562714419e-10
3.574006785e-10
3.584043025e-10
3.599194295e-10
3.611676954e-10
3.629531788e-10
3.648486979e-10
3.668276303e-10
3.688673892e-10
3.704250742e-10
3.725253206e-10
3.751683602e-10
3.772826534e-10
3.793849784e-10
3.81466478e-10
3.840321772e-10
3.860540154e-10
3.885412603e-10
3.904985876e-10
3.92905411e-10
3.952711573e-10
3.971366189e-10
3.994367198e-10
4.017031863e-10
4.039363002e-10
4.06135607e-10
4.087293312e-10
4.108499416e-10
4.12926874e-10
4.15346484e-10
4.176643565e-10
4.19500625e-10
4.215686057e-10
4.234681304e-10
4.251792871e-10
4.26684938e-10
4.279719387e-10
4.290324503e-10
4.299800572e-10
4.30548589e-10
4.309474705e-10
4.310956905e-10
4.31053442e-10
4.30842815e-10
4.304972323e-10
4.300563975e-10
4.294827451e-10
4.289550644e-10
4.283571073e-10
4.278582119e-10
4.273288217e-10
4.268476956e-10
4.264143241e-10
4.260246268e-10
4.256314561e-10
4.253150172e-10
4.249857742e-10
4.247041143e-10
4.24386527e-10
4.24061631e-10
4.237270833e-10
4.233420751e-10
4.229834765e-10
4.225731171e-10
4.221516624e-10
4.217161751e-10
4.21256929e-10
4.207598818e-10
4.202092801e-10
4.19521049e-10
4.187265256e-10
4.178129915e-10
4.167804218e-10
4.15641428e-10
4.143020154e-10
4.128947996e-10
4.114610646e-10
4.100427055e-10
4.086723621e-10
4.07263035e-10
4.060359542e-10
4.047751235e-10
4.035547879e-10
4.022380012e-10
4.009767732e-10
3.995550517e-10
3.980596994e-10
3.963789552e-10
3.947472255e-10
3.929327327e-10
3.910278831e-10
3.889980315e-10
3.866507979e-10
3.840803294e-10
3.812921699e-10
3.783316258e-10
3.750737652e-10
3.717873659e-10
3.685261457e-10
3.652966422e-10
3.618780331e-10
3.584081923e-10
3.548632705e-10
3.510664308e-10
3.472734682e-10
3.435273176e-10
3.396169985e-10
3.358592146e-10
3.315621308e-10
3.272880949e-10
3.226468334e-10
3.179379753e-10
3.130053945e-10
3.080652823e-10
3.030378731e-10
2.976212364e-10
2.920657181e-10
2.862273379e-10
2.806513653e-10
2.745669009e-10
2.686001588e-10
2.622114931e-10
2.554768781e-10
2.488184058e-10
2.423333209e-10
2.357673888e-10
2.293494627e-10
2.22919399e-10
2.168315764e-10
2.110898372e-10
2.053619853e-10
1.995431148e-10
1.93896334e-10
1.884113245e-10
1.833585129e-10
1.78710805e-10
1.743393048e-10
1.703559662e-10
1.668617231e-10
1.635156542e-10
1.60245885e-10
1.570700479e-10
1.542623704e-10
1.517330949e-10
1.494108876e-10
1.473847735e-10
1.454730287e-10
1.43356813e-10
1.408212329e-10
1.383833201e-10
1.360372919e-10
1.338860781e-10
1.32024026e-10
1.304355639e-10
1.287587686e-10
1.271361364e-10
1.25955685e-10
1.251954991e-10
1.248359706e-10
1.248038758e-10
1.247121411e-10
1.246817766e-10
1.250473696e-10
1.257185125e-10
1.266740235e-10
1.276544088e-10
1.28395943e-10
1.291682241e-10
1.299781203e-10
1.307249466e-10
1.312941114e-10
1.314749133e-10
1.315669034e-10
1.315821901e-10
1.314773353e-10
1.31041549e-10
1.302038848e-10
1.292060221e-10
1.280508054e-10
1.267174328e-10
1.249933173e-10
1.231330211e-10
1.211099546e-10
1.18955926e-10
1.164678199e-10
1.139120705e-10
1.114741719e-10
1.091616965e-10
1.068732509e-10
1.048720666e-10
1.032429873e-10
1.01691974e-10
1.002999983e-10
9.921145545e-11
9.824477996e-11
9.712260563e-11
9.613533533e-11
9.526073885e-11
9.429101465e-11
9.358644718e-11
9.313972359e-11
9.264669894e-11
9.240287215e-11
9.233999269e-11
9.217706921e-11
9.209988588e-11
9.187359148e-11
9.137868441e-11
9.081452448e-11
8.995872e-11
8.900126115e-11
8.799407208e-11
8.678542567e-11
8.561982144e-11
8.425352755e-11
8.286657717e-11
8.144753482e-11
8.003941031e-11
7.879741734e-11
7.757775665e-11
7.659997984e-11
7.564259689e-11
7.489947034e-11
7.42008799e-11
7.375251704e-11
7.333509791e-11
7.309975743e-11
7.277626631e-11
7.238575567e-11
7.170070805e-11
7.092939128e-11
7.004127542e-11
6.921745499e-11
6.839003949e-11
6.745778506e-11
6.651333034e-11
6.553210267e-11
6.468546374e-11
6.399305035e-11
6.343417842e-11
6.305180811e-11
6.270466228e-11
6.229907681e-11
6.183421875e-11
6.132948471e-11
6.074657963e-11
6.013117283e-11
5.950327276e-11
5.886304491e-11
5.822124159e-11
5.752234993e-11
5.686084364e-11
5.625104959e-11
5.57198146e-11
5.523177076e-11
5.470759764e-11
5.407270163e-11
5.335281742e-11
5.262452133e-11
5.200962335e-11
5.149142686e-11
5.098562226e-11
5.037017419e-11
4.980709732e-11
4.933932182e-11
4.885765372e-11
4.825525772e-11
4.756255478e-11
4.692336863e-11
4.634518854e-11
4.585821217e-11
4.54854349e-11
4.504402348e-11
4.455878216e-11
4.398385448e-11
4.336496771e-11
4.275624438e-11
4.224177133e-11
4.186122324e-11
4.149462432e-11
4.104382073e-11
4.053817141e-11
3.999873592e-11
3.93828342e-11
3.883924567e-11
3.856079992e-11
3.835112127e-11
3.808077111e-11
3.770570816e-11
3.720346568e-11
3.671964761e-11
3.633420369e-11
3.608147968e-11
3.586193514e-11
3.562438914e-11
3.528146118e-11
3.487207023e-11
3.447794415e-11
3.427210418e-11
3.416069439e-11
3.406216164e-11
3.382620313e-11
3.349548321e-11
3.325388864e-11
3.323520125e-11
3.313961821e-11
3.286924368e-11
3.25880999e-11
3.241912549e-11
3.238532483e-11
3.231773064e-11
3.215937577e-11
3.201074888e-11
3.18977523e-11
3.185515196e-11
3.181391403e-11
3.167254102e-11
3.157301443e-11
3.154568292e-11
3.15857549e-11
3.145245589e-11
3.13694289e-11
3.134175172e-11
3.128498993e-11
3.109943713e-11
3.096484497e-11
3.086760577e-11
3.07291041e-11
3.052924974e-11
3.034676669e-11
3.021670171e-11
3.01131249e-11
2.999914663e-11
2.988787758e-11
2.981986843e-11
2.974538898e-11
2.965402099e-11
2.958772875e-11
2.946567238e-11
2.939487955e-11
2.929114546e-11
2.917498966e-11
2.906392104e-11
2.896550696e-11
2.886837629e-11
2.876009098e-11
2.864992621e-11
2.859115666e-11
2.855276771e-11
2.849031634e-11
2.844859839e-11
2.840287333e-11
2.833616152e-11
2.827442007e-11
2.822604504e-11
2.811272656e-11
2.80152638e-11
2.788769962e-11
2.785372966e-11
2.779188464e-11
2.776919822e-11
2.769749635e-11
2.767128275e-11
2.761912548e-11
2.759872598e-11
2.757544628e-11
2.756948633e-11
2.754673163e-11
2.755810735e-11
2.757819995e-11
2.762058565e-11
2.768213993e-11
2.769091421e-11
2.767084155e-11
2.764654266e-11
2.760529475e-11
2.758997583e-11
2.759922748e-11
2.761498269e-11
2.760212653e-11
2.764440448e-11
2.767778354e-11
2.768771395e-11
2.772977895e-11
2.772757203e-11
2.769913334e-11
2.771478357e-11
2.77727455e-11
2.781751408e-11
2.782980625e-11
2.782931359e-11
2.781653677e-11
2.781488721e-11
2.779334689e-11
2.774975159e-11
2.76788833e-11
2.758890456e-11
2.754450577e-11
2.758412574e-11
2.759458395e-11
2.753444265e-11
2.741843105e-11
2.727498998e-11
2.712502043e-11
2.696441156e-11
2.68243108e-11
2.664534796e-11
2.641416798e-11
2.622448332e-11
2.607622836e-11
2.590970741e-11
2.57496509e-11
2.55579208e-11
2.531147766e-11
2.506784602e-11
2.486060531e-11
2.459304483e-11
2.434901369e-11
2.408657191e-11
2.383162743e-11
2.354369853e-11
2.324967128e-11
2.293436147e-11
2.260283686e-11
2.229234817e-11
2.205260462e-11
2.193126914e-11
2.183675555e-11
2.174336868e-11
2.160510698e-11
2.148452626e-11
2.134511654e-11
2.113806358e-11
2.091405731e-11
2.066471892e-11
2.049036581e-11
2.02553723e-11
2.006400018e-11
1.983850703e-11
1.956492131e-11
1.922357522e-11
1.894446854e-11
1.868765269e-11
1.838118562e-11
1.806850552e-11
1.774990295e-11
1.747093918e-11
1.71314301e-11
1.691447378e-11
1.680014866e-11
1.670566425e-11
1.652255118e-11
1.634953468e-11
1.612661804e-11
1.594973066e-11
1.575943093e-11
1.559480265e-11
1.534680008e-11
1.519759749e-11
1.517085766e-11
1.520447089e-11
1.521150222e-11
1.524756843e-11
1.525756154e-11
1.528979852e-11
1.528473798e-11
1.528192621e-11
1.524822741e-11
1.517358373e-11
1.504912349e-11
1.484868471e-11
1.457200154e-11
1.435456637e-11
1.417792689e-11
1.429713151e-11
1.4464134e-11
