0.0005132417795
0.0003299021299
0.0002563502706
0.0002210727202
0.0001946542255
0.0001782278364
0.0001639984401
0.0001532920489
0.0001439828963
0.0001363183111
0.0001298189621
0.000119139428
0.0001107217909
0.0001038968175
9.821163143e-05
9.123891139e-05
8.558655066e-05
8.091733802e-05
7.571630892e-05
7.042696467e-05
6.608289369e-05
6.181058055e-05
5.774142418e-05
5.440987303e-05
5.086443406e-05
4.769149159e-05
4.455349244e-05
4.178713231e-05
3.917430893e-05
3.674092663e-05
3.445410361e-05
3.21547069e-05
3.010870643e-05
2.814066303e-05
2.633129736e-05
2.465866288e-05
2.305927859e-05
2.161405596e-05
2.023252094e-05
1.890302709e-05
1.761851776e-05
1.640794242e-05
1.527391997e-05
1.421521397e-05
1.32586252e-05
1.243831566e-05
1.17207591e-05
1.104526774e-05
1.041293627e-05
9.812922551e-06
9.20110911e-06
8.638457859e-06
8.07791466e-06
7.552236868e-06
7.039242954e-06
6.588859601e-06
6.148147575e-06
5.784769137e-06
5.423806488e-06
5.126662808e-06
4.887985551e-06
4.644463734e-06
4.379582269e-06
4.144204034e-06
3.926080009e-06
3.744199226e-06
3.586415677e-06
3.493093715e-06
3.38286632e-06
3.259989293e-06
3.122690588e-06
2.965980481e-06
2.804198962e-06
2.729778015e-06
2.641703944e-06
2.519065888e-06
2.395099436e-06
2.292440798e-06
2.133431119e-06
1.944052493e-06
1.777974526e-06
1.608338372e-06
1.472078144e-06
1.350618535e-06
1.258770798e-06
1.18342069e-06
1.048763268e-06
9.542599018e-07
9.148350628e-07
8.589573976e-07
8.343926233e-07
8.163108124e-07
