0.4524780845
0.272680993
0.2081940836
0.1737070632
0.1517194306
0.1362343787
0.1246084831
0.1154826753
0.1080810971
0.1019258056
0.09670482608
0.09220502328
0.08827532747
0.08480536061
0.08171239606
0.07893307371
0.07641795264
0.07412782207
0.07203113843
0.07010220417
0.06831984784
0.06666645032
0.06512721503
0.06368961306
0.06234295588
0.06107806226
0.05988699606
0.0587628575
0.05769961567
0.05669197293
0.05573525426
0.05482531636
0.05395847243
0.05313142953
0.05234123616
0.05158523808
0.05086104094
0.05016647848
0.04949958536
0.04885857385
0.04824181368
0.04764781474
0.04707521189
0.04652275187
0.04598928175
0.04547373886
0.04497514192
0.04449258315
0.04402522143
0.04357227605
0.0431330213
0.04270678159
0.04229292705
0.04189086968
0.04150005979
0.0411199829
0.04075015684
0.04039012925
0.04003947518
0.03969779507
0.03936471276
0.03903987383
0.03872294394
0.03841360744
0.03811156603
0.03781653755
0.0375282549
0.03724646499
0.03697092781
0.03670141562
0.03617961161
0.03592691865
0.03567944706
0.03543701954
0.03519946713
0.03496662866
0.03473835033
0.03429489316
0.03407943983
0.03386799694
0.03345665634
0.03325652827
0.0330599494
0.03267702892
0.03249049238
0.03230711477
0.03194948725
0.03177507114
0.03143464201
0.03126848084
0.03094391503
0.03078537784
0.030475481
0.03032400233
0.03002770227
0.0298827737
0.02959910484
0.02932336693
0.02918835784
0.0289238436
0.02866639589
0.02841570572
0.02817148268
0.02805171033
0.02781668073
0.02758746464
0.02736382641
0.02714554354
0.02693240577
0.02672421421
0.02652078057
0.02632192645
0.02612748267
0.02593728869
0.02565963456
0.02547941429
0.0253029421
0.02513008995
0.02487733393
0.02471301038
0.02447252461
0.02431605115
0.02416254449
0.023937646
0.02371891997
0.02357639423
0.02336734848
0.02323103886
0.0230309804
0.02283601012
0.02264591613
0.02246049868
0.02227956931
0.0221613548
0.02198751483
0.02181770956
0.02159731453
0.02143634033
0.0212789195
0.02112492334
0.02097422961
0.0207782417
0.02063481138
0.02044812147
0.02031138998
0.0201332864
0.02000274876
0.01983259383
0.01966671981
0.01954501724
0.01938621674
0.01923123606
0.01907992474
0.01893214051
0.01878774868
0.01864662167
0.01847462037
0.0183404063
0.01820908592
0.01804884935
0.01792367337
0.01777081988
0.0176513247
0.0175053055
0.01736286672
0.01722386477
0.01708816399
0.01695563612
0.01682615975
0.01669961991
0.01657590758
0.01645491933
0.0163131913
0.01619785722
0.01606265202
0.01595254647
0.01582338034
0.01569732207
0.01557424948
0.015454047
0.01533660526
0.01522182061
0.01509113265
0.01498177461
0.01485717051
0.01475282647
0.01463385057
0.01451773302
0.01440436179
0.01429363088
0.01418543995
0.01407969393
0.01396171964
0.01386091496
0.01374837033
0.01363855466
0.01353136015
0.0134266849
0.01332443246
0.0132245115
0.0131268354
0.013019531
0.01292635766
0.01282392668
0.01272392968
0.01262627263
0.01253086652
0.01242739728
0.01233647147
0.0122377883
0.01214147944
0.01204745221
0.01195561892
0.01186589654
0.01177820638
0.01168400545
0.0115920792
0.01150233874
0.01141469995
0.01132908319
0.01124541299
0.01115627244
0.01106927536
0.01098433852
0.01090138319
0.01081366457
0.01073460232
0.01065093982
0.01056926681
0.01048950716
0.01041158875
0.01032965743
0.01024970147
0.01017164442
0.01009541395
0.01001568757
0.009943026718
0.009866979841
0.009792729252
0.009715432186
0.009644682998
0.009570978521
0.009499023819
0.009424415234
0.009355864345
0.009284734638
0.009211262897
0.009143545785
0.009073548295
0.009005235973
0.008938544672
0.008869839809
0.008802805754
0.008737378496
0.008673497424
0.008607861482
0.008543811685
0.008481287955
0.008417218227
0.008354705856
0.008290822745
0.008231318318
0.008170466914
0.008108414366
0.008047899992
0.007988864796
0.007931252922
0.007872596462
0.007815375207
0.007757237758
0.007700541365
0.00764523139
0.007589124117
0.007534405283
0.007478995498
0.007424971351
0.007372280435
0.00731899315
0.007267033846
0.007214565846
0.007163416819
0.007111839343
0.007061568515
0.007010942528
0.006961607965
0.006911985044
0.006863635822
0.006816512376
0.006769152121
0.006721619809
0.006675321078
0.006628900361
0.006583690018
0.006538403025
0.006494302002
0.00645016532
0.006406043443
0.00636309915
0.006320202915
0.006278455345
0.006236785693
0.006196235551
0.006154817418
0.006115488332
0.006075367295
0.00603635652
0.005997544534
0.005958964079
0.005921467415
0.005884215601
0.005848013143
0.00581131353
0.005775672551
0.005740339936
0.005705339618
0.005671363462
0.005637723449
0.005604440549
0.005571534457
0.005539023634
0.005506925351
0.00547581252
0.005445108596
0.005414305892
0.005384480302
0.005355105234
0.005326192706
0.005298212456
0.00527024226
0.005242765618
0.005215791078
0.00518932641
0.005163765016
0.005138326935
0.005113418016
0.00508904324
0.005065206969
0.005041912976
0.005018854559
0.004996665916
0.004974740652
0.004953664924
0.004932877316
0.004912410711
0.004892782624
0.004873494737
0.004855021963
0.004836692759
0.004819173882
0.004802044821
0.004785515127
0.004769404108
0.00475390138
0.004739001793
0.004724548695
0.004710703947
0.004697325805
0.004684558598
0.004672274832
0.004660602193
0.004649426783
0.004638761383
0.004628710048
0.004619177864
0.004610254344
0.004601856656
0.004593993374
0.004586672139
0.004579955246
0.004573731869
0.004568112871
0.004563047392
0.004558539344
0.004554591903
0.004551231787
0.004548407553
0.004546149457
0.004544458024
0.004543333194
0.00454277435
0.00454278035
0.004543355554
0.004544489657
0.004546195692
0.004548481444
0.004551312429
0.004554722063
0.004558715697
0.004563237005
0.004568371422
0.004574021983
0.004580291276
0.004587105583
0.00459445781
0.004602434928
0.00461094517
0.00462003244
0.004629641243
0.004639875961
0.004650623735
0.004661936117
0.004673872447
0.004686306009
0.004699359485
0.004712897875
0.004727050296
0.004741745288
0.004756977248
0.00477281434
0.004789179165
0.004806065205
0.004823543713
0.004841611375
0.004860184118
0.004879335808
0.004899061926
0.004919274248
0.004940048999
0.00496138073
0.004983263691
0.005005691853
0.005028746294
0.00505224649
0.005076272397
0.005100906379
0.005126143057
0.005151796175
0.005178038333
0.005204863389
0.005232173397
0.005260052519
0.005288493977
0.0053174908
0.005347035849
0.005377028872
0.005407648203
0.005438793593
0.00547045746
0.005502725746
0.00553549736
0.00556876452
0.005602613226
0.005637035762
0.005671930508
0.005707477186
0.005743480293
0.00578002568
0.00581719896
0.005854804858
0.005893115826
0.005931843358
0.005971166078
0.006011075572
0.006051470627
0.006092528536
0.006134055523
0.006176135988
0.006218853538
0.006262015744
0.006305889489
0.006350191432
0.006395187084
0.006440685435
0.006486768914
0.006533428802
0.006580656451
0.006628532806
0.006676870083
0.006725927476
0.006775517696
0.006825720801
0.006876439871
0.006927842088
0.006979830419
0.007032483028
0.007085703797
0.007139484293
0.007193987806
0.007249033173
0.007304782516
0.007361056404
0.007418100124
0.007475650953
0.007533952269
0.007592910306
0.007652432959
0.007712677154
0.007773632824
0.007835208379
0.007897476555
0.007960427816
0.008024052814
0.008088422563
0.008153447164
0.00821919726
0.008285663141
0.008352835302
0.008420782717
0.008489417267
0.008558807593
0.008628943903
0.008699816628
0.008771492808
0.008843962201
0.008917214797
0.008991165546
0.009066030737
0.009141649781
0.00921801362
0.009295261055
0.009373381332
0.009452290871
0.009532053243
0.009612658472
0.009694168862
0.009776573903
0.009859792038
0.009943956286
0.01002905591
0.01011501018
0.01020194983
0.01028979435
0.01037860341
0.01046836668
0.01055907412
0.01065085255
0.01074355467
0.01083730657
0.01093209746
0.01102784988
0.01112475463
0.01122260089
0.01132164425
0.01142167545
0.01152288189
0.01162518709
0.01172858093
0.01183318272
0.01193891697
0.01204583764
0.01215393418
0.01226319637
0.01237374056
0.01248549271
0.01259856787
0.01271283018
0.01282845629
0.01294537306
0.01306357024
0.01318316033
0.01330407128
0.01342641451
0.01355011845
0.01367523329
0.01380180857
0.01392989322
0.01405935728
0.01419042826
0.01432291754
0.01445705074
0.01459269925
0.01472991144
0.01486879319
0.01500927557
0.01515140608
0.01529523177
0.01544079919
0.0155880406
0.01573705967
0.01588790225
0.01604050124
0.01619495901
0.01635126495
0.01650946459
0.01666960305
0.01683166982
0.01699570992
0.01716176803
0.01732988852
0.01750000638
0.01767227517
0.0178466842
0.01802322324
0.0182019363
0.0183829208
0.01856611279
0.0187516627
0.01893950683
0.01912974151
0.01932235661
0.01951739512
0.01971495235
0.01991501812
0.02011758271
0.02032279302
0.02053063892
0.0207411625
