0.3574196598
0.2361439512
0.1880794072
0.1607940331
0.1426868126
0.1295615089
0.1194903281
0.1114490625
0.1048371603
0.09927633968
0.0945149836
0.08674099591
0.08061476628
0.0756262119
0.07146197953
0.06633229519
0.06216920037
0.05870293871
0.05487140067
0.05099430202
0.04783795952
0.04472712925
0.04176672273
0.03932600646
0.03673797353
0.03438706075
0.03208515782
0.0300485188
0.02812087609
0.02632951591
0.02468357633
0.02305208599
0.02160092699
0.0202189239
0.01892958271
0.01771301647
0.01656121011
0.01551102706
0.01451019745
0.01357669366
0.01270692868
0.01189817365
0.01114071261
0.0104298115
0.0097632812
0.009139998789
0.008559067435
0.008014146693
0.00750663848
0.007033008078
0.006588349409
0.006174041668
0.005787346289
0.005425143288
0.005087256926
0.004772279325
0.004478007263
0.004203665741
0.003948120002
0.003709473667
0.003487558192
0.003280830956
0.003088479004
0.002909693409
0.00274363736
0.002589466185
0.002446635491
0.002314315332
0.002191955987
0.002078927276
0.001974693561
0.001878669907
0.001790397132
0.001709381517
0.001635170883
0.001567313483
0.001505399835
0.001449035175
0.00139782118
0.001351392107
0.001309398432
0.001271496835
0.001237364825
0.001206690826
0.001179182397
0.001154563186
0.001132571069
0.001112961995
0.001095506734
0.001079994541
0.001066229087
0.001054030801
