1.264327467e-12
1.288636392e-12
1.251494805e-12
1.195267033e-12
1.162605376e-12
1.157929227e-12
1.169257678e-12
1.189409208e-12
1.216019323e-12
1.245901916e-12
1.277584467e-12
1.310417524e-12
1.343975272e-12
1.378390735e-12
1.413383384e-12
1.448197465e-12
1.482497238e-12
1.516338301e-12
1.549676216e-12
1.582556157e-12
1.61523358e-12
1.647866261e-12
1.680454394e-12
1.712989749e-12
1.745465598e-12
1.77784353e-12
1.810074662e-12
1.842141677e-12
1.8740437e-12
1.905792724e-12
1.937406721e-12
1.968897915e-12
2.000282415e-12
2.031580683e-12
2.062821888e-12
2.094068131e-12
2.125405978e-12
2.156884705e-12
2.188503901e-12
2.22024026e-12
2.252059947e-12
2.283939757e-12
2.315868385e-12
2.347837021e-12
2.379835918e-12
2.411851848e-12
2.443869242e-12
2.475872985e-12
2.507848678e-12
2.539784422e-12
2.571672061e-12
2.60350887e-12
2.635294124e-12
2.667028149e-12
2.69871103e-12
2.730340532e-12
2.761911689e-12
2.793419732e-12
2.824859323e-12
2.856225785e-12
2.887517247e-12
2.918732281e-12
2.9498706e-12
2.980931339e-12
3.011913466e-12
3.073641402e-12
3.10438495e-12
3.135046542e-12
3.165623536e-12
3.226504033e-12
3.256795947e-12
3.286982706e-12
3.347028255e-12
3.376884072e-12
3.406627548e-12
3.465775151e-12
3.495178924e-12
3.553645811e-12
3.582708797e-12
3.640496636e-12
3.669222587e-12
3.726339821e-12
3.783011227e-12
3.811180008e-12
3.867184274e-12
3.922744301e-12
3.950358372e-12
4.005256252e-12
4.059718209e-12
4.113747817e-12
4.1673438e-12
4.220500213e-12
4.246910978e-12
4.299393633e-12
4.351421333e-12
4.428607672e-12
4.479498826e-12
4.529943241e-12
4.579946161e-12
4.629510703e-12
4.678637427e-12
4.751501374e-12
4.799522103e-12
4.847095149e-12
4.917609925e-12
4.964055228e-12
5.032877494e-12
5.078197487e-12
5.145342123e-12
5.21149647e-12
5.255057352e-12
5.319599699e-12
5.38320068e-12
5.445877568e-12
5.50764445e-12
5.568513224e-12
5.628494984e-12
5.687602046e-12
5.74585054e-12
5.803262616e-12
5.859867961e-12
5.934152921e-12
5.989031728e-12
6.043243945e-12
6.114562407e-12
6.16738092e-12
6.236987752e-12
6.305739122e-12
6.373712042e-12
6.424222704e-12
6.490994892e-12
6.557160259e-12
6.622767419e-12
6.6878581e-12
6.768546531e-12
6.832590269e-12
6.896208055e-12
6.975162908e-12
7.037897063e-12
7.115808545e-12
7.177753612e-12
7.254729597e-12
7.331223761e-12
7.407258899e-12
7.482855063e-12
7.558029349e-12
7.632795807e-12
7.721993452e-12
7.795902091e-12
7.884100409e-12
7.95720012e-12
8.044455337e-12
8.131220572e-12
8.217514285e-12
8.303355061e-12
8.388760604e-12
8.473746385e-12
8.558322419e-12
8.656476684e-12
8.740150843e-12
8.837216718e-12
8.933681371e-12
9.029556347e-12
9.124862986e-12
9.219626686e-12
9.32729862e-12
9.420985549e-12
9.527468249e-12
9.63332669e-12
9.738562742e-12
9.843184298e-12
9.947203892e-12
1.005064151e-11
1.016634686e-11
1.026863894e-11
1.038312616e-11
1.049702439e-11
1.062293631e-11
1.07357194e-11
1.084802609e-11
1.097229002e-11
1.10960332e-11
1.121927034e-11
1.134200905e-11
1.147644611e-11
1.159814056e-11
1.173143026e-11
1.186410774e-11
1.199615597e-11
1.213947009e-11
1.22701493e-11
1.241194183e-11
1.255292937e-11
1.269311543e-11
1.284408962e-11
1.299414769e-11
1.314331096e-11
1.32916042e-11
1.343903309e-11
1.359680796e-11
1.375349148e-11
1.390900072e-11
1.407419909e-11
1.422692211e-11
1.43888035e-11
1.455925637e-11
1.471676092e-11
1.488209421e-11
1.504444696e-11
1.521344124e-11
1.536899409e-11
1.553036264e-11
1.569666435e-11
1.584928176e-11
1.600604714e-11
1.616599818e-11
1.631217775e-11
1.646071219e-11
1.661056789e-11
1.674669137e-11
1.688336572e-11
1.701952781e-11
1.714810439e-11
1.726900611e-11
1.738730882e-11
1.749690242e-11
1.759760391e-11
1.76931945e-11
1.777872667e-11
1.78571192e-11
1.792434518e-11
1.798038692e-11
1.802690216e-11
1.806250831e-11
1.808517589e-11
1.809499034e-11
1.809168853e-11
1.807477557e-11
1.804304963e-11
1.799711782e-11
1.793486195e-11
1.785506994e-11
1.77600307e-11
1.76501871e-11
1.752157221e-11
1.737314937e-11
1.72092439e-11
1.702441344e-11
1.682394755e-11
1.66014896e-11
1.635598472e-11
1.609406011e-11
1.580794239e-11
1.54969773e-11
1.517018453e-11
1.481968163e-11
1.444587435e-11
1.405922002e-11
1.364026188e-11
1.322053755e-11
1.276950932e-11
1.230921869e-11
1.182971642e-11
1.13319098e-11
1.081701703e-11
1.028652184e-11
9.753825874e-12
9.209400348e-12
8.643949373e-12
8.083139052e-12
7.529619349e-12
6.964094874e-12
6.401320321e-12
5.844427556e-12
5.306480244e-12
4.770635528e-12
4.251046187e-12
3.751850628e-12
3.285200183e-12
2.838189304e-12
2.421250229e-12
2.035317892e-12
1.681584807e-12
1.361186157e-12
1.07075839e-12
8.210694326e-13
6.081088018e-13
4.418866707e-13
3.299082431e-13
2.791799488e-13
2.803420341e-13
3.12568792e-13
3.929216709e-13
5.288111062e-13
7.097707311e-13
9.312512328e-13
1.185122732e-12
1.4671644e-12
1.778550617e-12
2.116734499e-12
2.473819336e-12
2.848297078e-12
3.230825163e-12
3.60659669e-12
3.966053897e-12
4.307111846e-12
4.611769734e-12
4.873225686e-12
5.08253469e-12
5.230892523e-12
5.315340513e-12
5.32975075e-12
5.271445035e-12
5.135943665e-12
4.927731107e-12
4.651706794e-12
4.310948454e-12
3.919160458e-12
3.480835836e-12
3.013615895e-12
2.535133144e-12
2.063410608e-12
1.612857871e-12
1.206771075e-12
8.587319059e-13
5.743956043e-13
3.660326986e-13
2.583089804e-13
2.581384772e-13
3.293637378e-13
4.800275015e-13
7.079609121e-13
1.001574044e-12
1.343612281e-12
1.719764257e-12
2.104026347e-12
2.465159026e-12
2.774766278e-12
3.001160284e-12
3.126116747e-12
3.137197143e-12
3.026579636e-12
2.800281565e-12
2.473890816e-12
2.07239831e-12
1.628561445e-12
1.187579822e-12
7.91110063e-13
4.787726257e-13
2.823809251e-13
2.434458928e-13
3.268246323e-13
5.047819796e-13
7.767523219e-13
1.114555811e-12
1.48371341e-12
1.825404188e-12
2.082804282e-12
2.208700289e-12
2.179097351e-12
1.99023428e-12
1.668826522e-12
1.263224806e-12
8.411514041e-13
4.840635177e-13
2.67558718e-13
2.578311399e-13
3.850932823e-13
6.151691794e-13
9.29706016e-13
1.273468991e-12
1.555595178e-12
1.693970174e-12
1.643521074e-12
1.405753094e-12
1.03582164e-12
6.314271385e-13
3.238399609e-13
2.43610144e-13
3.589530902e-13
5.766590123e-13
8.787707731e-13
1.181368896e-12
1.357372723e-12
1.321988836e-12
1.071682106e-12
6.918709267e-13
3.465863756e-13
2.441251339e-13
3.63231973e-13
5.807930423e-13
8.712871028e-13
1.101764378e-12
1.122198126e-12
8.940625393e-13
5.24036346e-13
2.568769885e-13
2.943149537e-13
4.606061561e-13
7.206473441e-13
9.459241195e-13
9.413672887e-13
6.723456708e-13
3.294588468e-13
2.549045509e-13
3.820410624e-13
6.114351055e-13
8.293120413e-13
7.961214328e-13
4.978001052e-13
2.460587075e-13
2.996329492e-13
4.745755932e-13
7.085993353e-13
7.184174345e-13
4.389233764e-13
2.344364762e-13
3.09932431e-13
5.107994318e-13
6.762566742e-13
5.22316705e-13
2.491958678e-13
2.670324988e-13
4.388231804e-13
6.112609381e-13
4.58564048e-13
2.234650757e-13
2.768348649e-13
4.754129003e-13
5.382486733e-13
2.870049006e-13
2.233801052e-13
3.735369319e-13
5.137908649e-13
3.087208258e-13
2.065050792e-13
3.476386171e-13
4.735983862e-13
2.535480131e-13
2.135151035e-13
3.819600417e-13
3.961630091e-13
1.795349684e-13
2.637502574e-13
4.171571992e-13
2.195516035e-13
2.100123565e-13
3.782932577e-13
2.539357497e-13
1.895762517e-13
3.479863667e-13
2.444227029e-13
1.861667625e-13
3.406770128e-13
1.968539731e-13
1.980565505e-13
3.305014592e-13
1.52574058e-13
2.429463851e-13
2.530320187e-13
1.652910697e-13
2.988932568e-13
1.469831599e-13
2.339243027e-13
1.969774417e-13
1.749661304e-13
2.478799394e-13
1.500384549e-13
2.589081274e-13
1.388763709e-13
2.486637703e-13
1.336349887e-13
2.368765075e-13
1.304144988e-13
2.297459777e-13
1.277115913e-13
2.222392654e-13
1.269895228e-13
1.992553123e-13
1.372432034e-13
1.51455004e-13
1.739088175e-13
1.125501058e-13
1.957835272e-13
1.208587847e-13
1.323584963e-13
1.772536178e-13
1.061022281e-13
1.389552149e-13
1.665465841e-13
1.024601777e-13
1.146175908e-13
1.683484155e-13
1.174314773e-13
9.055159558e-14
1.236828889e-13
1.549759271e-13
1.198678149e-13
8.826607555e-14
8.791718555e-14
1.182915384e-13
1.385264405e-13
1.29231549e-13
1.078250217e-13
9.065644836e-14
8.018012213e-14
7.526726116e-14
7.51344529e-14
7.737936764e-14
7.930975059e-14
7.929453725e-14
7.685870355e-14
7.271641533e-14
6.876330671e-14
6.773242763e-14
7.112141196e-14
7.747552817e-14
8.511295736e-14
9.393664696e-14
9.493329963e-14
7.518779402e-14
6.417260688e-14
7.165730572e-14
8.722231857e-14
7.513544953e-14
6.036337922e-14
7.588640163e-14
7.397801951e-14
5.837826736e-14
8.057493385e-14
5.363000777e-14
7.018115337e-14
5.534223953e-14
6.59867115e-14
5.299306566e-14
6.728439008e-14
5.191612034e-14
6.490794771e-14
5.567044567e-14
4.953570244e-14
5.95912513e-14
5.792179357e-14
4.810219162e-14
4.704874506e-14
4.989242555e-14
5.38970827e-14
5.480759839e-14
5.352123155e-14
5.214323099e-14
5.166536785e-14
5.172611624e-14
5.030823524e-14
4.533322817e-14
3.974176627e-14
3.760657401e-14
4.227861703e-14
4.550785102e-14
3.600496321e-14
3.931218671e-14
4.066709482e-14
3.416378478e-14
4.05197166e-14
3.487730004e-14
3.410119844e-14
4.045301831e-14
3.126866741e-14
2.958849255e-14
3.483282198e-14
3.769453366e-14
3.68401414e-14
3.525534784e-14
3.436290458e-14
3.406782656e-14
3.321390089e-14
3.04167777e-14
2.575515651e-14
2.912832821e-14
3.06004998e-14
2.545135714e-14
3.000145956e-14
2.510010551e-14
2.65311949e-14
2.763253156e-14
2.575651079e-14
2.492419745e-14
2.504624337e-14
2.51204076e-14
2.462458889e-14
2.339085989e-14
2.281758282e-14
2.299968688e-14
2.302706318e-14
2.209529608e-14
2.205620969e-14
2.185540304e-14
2.124109876e-14
2.084545256e-14
2.000257111e-14
2.010530385e-14
2.001890076e-14
1.919734326e-14
1.903849601e-14
1.947341561e-14
1.880152629e-14
1.888490017e-14
1.803118294e-14
1.790031666e-14
1.782421458e-14
1.765797343e-14
1.745505391e-14
1.738755859e-14
1.751821914e-14
1.660428133e-14
1.692903602e-14
1.558854927e-14
1.608820858e-14
1.546233265e-14
1.484608259e-14
1.463019825e-14
1.587894515e-14
1.388894545e-14
1.474951793e-14
1.444355159e-14
1.448682044e-14
1.471934946e-14
1.379727286e-14
1.258239544e-14
1.420353359e-14
1.364201952e-14
1.298214362e-14
1.33913789e-14
1.301935418e-14
1.271453517e-14
1.171634372e-14
1.202521239e-14
