2.058462694e-14
1.224160099e-14
9.407889428e-15
7.965831915e-15
7.086933724e-15
6.492961336e-15
6.063688281e-15
5.738487153e-15
5.4833872e-15
5.277834211e-15
5.108641303e-15
4.966948065e-15
4.846574181e-15
4.743073437e-15
4.653162987e-15
4.574364702e-15
4.504771845e-15
4.442892706e-15
4.387543061e-15
4.337770523e-15
4.292800234e-15
4.251995188e-15
4.214826768e-15
4.180852551e-15
4.149699366e-15
4.121050208e-15
4.094634023e-15
4.07021764e-15
4.047599361e-15
4.026603807e-15
4.007077747e-15
3.988886698e-15
3.971912138e-15
3.956049198e-15
3.941204745e-15
3.927295784e-15
3.914248108e-15
3.901995166e-15
3.890477093e-15
3.879639897e-15
3.869434744e-15
3.859817367e-15
3.850747532e-15
3.842188596e-15
3.834107111e-15
3.826472484e-15
3.819256675e-15
3.812433941e-15
3.8059806e-15
3.799874832e-15
3.794096496e-15
3.788626976e-15
3.783449034e-15
3.778546689e-15
3.773905101e-15
3.769510471e-15
3.765349956e-15
3.76141158e-15
3.757684168e-15
3.754157278e-15
3.750821141e-15
3.747666609e-15
3.744685104e-15
3.741868577e-15
3.739209469e-15
3.734335483e-15
3.73210761e-15
3.730011106e-15
3.72804036e-15
3.724455247e-15
3.722831134e-15
3.721313254e-15
3.71857942e-15
3.717355616e-15
3.716222319e-15
3.714213628e-15
3.713331841e-15
3.711798543e-15
3.711141512e-15
3.710033846e-15
3.709578422e-15
3.708853222e-15
3.708361791e-15
3.708198911e-15
3.708029877e-15
3.708058746e-15
3.708143499e-15
3.708446397e-15
3.708918152e-15
3.709548697e-15
3.71032872e-15
3.711249603e-15
3.711760346e-15
3.712877715e-15
3.714117019e-15
3.716190171e-15
3.717706182e-15
3.719322746e-15
3.721034643e-15
3.722836991e-15
3.724725219e-15
3.727709287e-15
3.729794042e-15
3.731950795e-15
3.735313446e-15
3.737635569e-15
3.741231875e-15
3.743700805e-15
3.74750487e-15
3.751422609e-15
3.75409389e-15
3.758184849e-15
3.762370911e-15
3.766646068e-15
3.771004756e-15
3.775441817e-15
3.779952466e-15
3.784532253e-15
3.789177037e-15
3.793882962e-15
3.798646429e-15
3.805081453e-15
3.809966496e-15
3.814898704e-15
3.821543718e-15
3.826575789e-15
3.833345215e-15
3.840178536e-15
3.847071029e-15
3.852276593e-15
3.859262338e-15
3.866296033e-15
3.873374152e-15
3.880493422e-15
3.889445768e-15
3.896646839e-15
3.903879935e-15
3.912962686e-15
3.920259276e-15
3.92941461e-15
3.936764224e-15
3.945980007e-15
3.955224756e-15
3.964495495e-15
3.973789473e-15
3.983104151e-15
3.992437172e-15
4.003657954e-15
4.013023878e-15
4.024278546e-15
4.033668397e-15
4.044947012e-15
4.056235031e-15
4.06753014e-15
4.078830209e-15
4.09013328e-15
4.101437548e-15
4.11274135e-15
4.125926489e-15
4.137224174e-15
4.150398487e-15
4.163564208e-15
4.17671962e-15
4.189863154e-15
4.202993379e-15
4.217981381e-15
4.231078825e-15
4.246026393e-15
4.260950228e-15
4.275849013e-15
4.290721558e-15
4.305566794e-15
4.320383757e-15
4.337017968e-15
4.351772081e-15
4.368333732e-15
4.384855662e-15
4.403165846e-15
4.419601518e-15
4.435995386e-15
4.454161159e-15
4.472274121e-15
4.490333782e-15
4.508339738e-15
4.528083872e-15
4.545976064e-15
4.565594519e-15
4.585146851e-15
4.604632956e-15
4.62581495e-15
4.645162523e-15
4.666193508e-15
4.687145908e-15
4.708019937e-15
4.730545341e-15
4.752979476e-15
4.775322791e-15
4.79757578e-15
4.819738977e-15
4.84350727e-15
4.867172833e-15
4.890736446e-15
4.915870962e-15
4.939225997e-15
4.964138974e-15
4.990588259e-15
5.015268835e-15
5.04147271e-15
5.067551888e-15
5.095125889e-15
5.120952136e-15
5.14826045e-15
5.177028579e-15
5.204061752e-15
5.232542152e-15
5.262447314e-15
5.29063128e-15
5.320227676e-15
5.351213952e-15
5.380493689e-15
5.411151299e-15
5.443164256e-15
5.474998034e-15
5.506655312e-15
5.539633641e-15
5.572424118e-15
5.605029652e-15
5.638922607e-15
5.672619728e-15
5.707576524e-15
5.74232695e-15
5.776874391e-15
5.812649024e-15
5.849628724e-15
5.886382027e-15
5.922912832e-15
5.960617244e-15
5.99808996e-15
6.036710146e-15
6.075089881e-15
6.114591385e-15
6.155193299e-15
6.195533967e-15
6.235618204e-15
6.276774155e-15
6.318981066e-15
6.360912227e-15
6.403870421e-15
6.446546405e-15
6.490226093e-15
6.534889489e-15
6.579253481e-15
6.624578783e-15
6.670845905e-15
6.716797851e-15
6.763670227e-15
6.811444113e-15
6.858888497e-15
6.908417904e-15
6.956402491e-15
7.006435682e-15
7.056117051e-15
7.106624367e-15
7.157940188e-15
7.210047288e-15
7.262928669e-15
7.315430382e-15
7.368689601e-15
7.423810902e-15
7.478528374e-15
7.53285069e-15
7.58897957e-15
7.645787038e-15
7.703258088e-15
7.760305624e-15
7.819067917e-15
7.878450362e-15
7.938439039e-15
7.997979671e-15
8.059148023e-15
8.120882457e-15
8.183170152e-15
8.245998563e-15
8.309355414e-15
8.374222864e-15
8.438593279e-15
8.504435958e-15
8.570745699e-15
8.637511729e-15
8.705679954e-15
8.774268878e-15
8.843268695e-15
8.913604006e-15
8.98431675e-15
9.055398068e-15
9.127751619e-15
9.200442408e-15
9.273462486e-15
9.347694981e-15
9.42311126e-15
9.498806509e-15
9.575643786e-15
9.653595834e-15
9.731780194e-15
9.810191292e-15
9.890507875e-15
9.971013641e-15
1.005253251e-14
1.013504006e-14
1.021769727e-14
1.030211748e-14
1.038665419e-14
1.047209987e-14
1.055922125e-14
1.064641273e-14
1.073444851e-14
1.082407747e-14
1.091373418e-14
1.100493173e-14
1.109688159e-14
1.118956521e-14
1.128296451e-14
1.137779393e-14
1.147329208e-14
1.15694424e-14
1.166694271e-14
1.176575944e-14
1.186515773e-14
1.196512308e-14
1.2067022e-14
1.216943711e-14
1.227235545e-14
1.237711052e-14
1.248232153e-14
1.258863874e-14
1.269603435e-14
1.280448124e-14
1.291459792e-14
1.302506308e-14
1.313650203e-14
1.32495189e-14
1.336345035e-14
1.347827317e-14
1.359457754e-14
1.371171827e-14
1.383027641e-14
1.39496187e-14
1.407031721e-14
1.419233734e-14
1.431506341e-14
1.443963124e-14
1.456484976e-14
1.469126935e-14
1.481942138e-14
1.494814683e-14
1.507853592e-14
1.520999823e-14
1.534304909e-14
1.547710932e-14
1.561268649e-14
1.574921249e-14
1.588718722e-14
1.602605347e-14
1.616681883e-14
1.630892336e-14
1.645233237e-14
1.659701202e-14
1.67429294e-14
1.689005241e-14
1.703883874e-14
1.718924518e-14
1.734074922e-14
1.749379851e-14
1.764835286e-14
1.780437308e-14
1.796182096e-14
1.812111901e-14
1.828130752e-14
1.844326668e-14
1.860695024e-14
1.877186933e-14
1.893843155e-14
1.910659393e-14
1.927631458e-14
1.944798106e-14
1.962069318e-14
1.979526523e-14
1.997164844e-14
2.014938183e-14
2.032924954e-14
2.051038313e-14
2.069315194e-14
2.087791203e-14
2.106421552e-14
2.125241381e-14
2.144245701e-14
2.163429651e-14
2.182750328e-14
2.20227979e-14
2.222012531e-14
2.241906026e-14
2.261992862e-14
2.282267934e-14
2.302726271e-14
2.32336303e-14
2.344209038e-14
2.365258761e-14
2.386471901e-14
2.407913335e-14
2.429542729e-14
2.451355109e-14
2.473412994e-14
2.495643115e-14
2.518107078e-14
2.540765892e-14
2.563614391e-14
2.586711959e-14
2.60998815e-14
2.633501493e-14
2.657245693e-14
2.681183547e-14
2.705371501e-14
2.729772388e-14
2.754380551e-14
2.779250433e-14
2.804315658e-14
2.829629918e-14
2.855186588e-14
2.880979218e-14
2.907001528e-14
2.933275804e-14
2.959767191e-14
2.986525701e-14
3.013544217e-14
3.040788413e-14
3.068306579e-14
3.096064503e-14
3.124082461e-14
3.152353518e-14
3.180897117e-14
3.209705987e-14
3.238773049e-14
3.268091414e-14
3.297704904e-14
3.327580605e-14
3.357761138e-14
3.388189184e-14
3.418906868e-14
3.449906453e-14
3.481204339e-14
3.512768838e-14
3.544639832e-14
3.576809128e-14
3.609268751e-14
3.642010938e-14
3.675073474e-14
3.70844779e-14
3.742125546e-14
3.776098622e-14
3.810402847e-14
3.845007691e-14
3.879948054e-14
3.915193675e-14
3.950778558e-14
3.986693618e-14
4.022930013e-14
4.059499661e-14
4.096393635e-14
4.133643561e-14
4.171239901e-14
4.209173375e-14
4.247474177e-14
4.286113023e-14
4.325100117e-14
4.364445213e-14
4.404176548e-14
4.444246275e-14
4.484701053e-14
4.525512146e-14
4.566724731e-14
4.608291881e-14
4.650257832e-14
4.692594133e-14
4.735326038e-14
4.778460368e-14
4.821986324e-14
4.865910518e-14
4.910239231e-14
4.954961606e-14
5.000117065e-14
5.045677471e-14
5.091648316e-14
5.138051012e-14
5.184890034e-14
5.232137741e-14
5.279830499e-14
5.327956358e-14
5.376534679e-14
5.425553309e-14
5.475030854e-14
5.524954988e-14
5.575328658e-14
5.626169404e-14
5.677479353e-14
5.729260442e-14
5.781528833e-14
5.83425715e-14
5.887489639e-14
5.941198727e-14
5.995399399e-14
6.050092213e-14
6.105304882e-14
6.16100991e-14
6.217234262e-14
6.273963981e-14
6.331224957e-14
6.389002909e-14
6.447322706e-14
6.506169779e-14
6.565555329e-14
6.625490028e-14
6.68597157e-14
6.747009948e-14
6.808602423e-14
6.870758348e-14
6.933498619e-14
6.996807518e-14
7.060693352e-14
7.125163989e-14
7.190226875e-14
7.255889044e-14
7.322157133e-14
7.389026118e-14
7.456513354e-14
7.524613282e-14
7.593342335e-14
7.66269446e-14
7.732695993e-14
7.803329461e-14
7.874609601e-14
7.946550467e-14
8.019144672e-14
8.09240552e-14
8.16633548e-14
8.240946875e-14
8.316241407e-14
8.392230473e-14
8.468905221e-14
8.546295943e-14
8.624383369e-14
8.703196615e-14
8.782725633e-14
8.86297936e-14
8.943975554e-14
9.025712693e-14
9.108198278e-14
9.19144842e-14
9.275451523e-14
9.360222925e-14
9.445777226e-14
9.532110836e-14
9.619237422e-14
9.707161388e-14
9.795895292e-14
9.885434187e-14
9.975798162e-14
1.006698984e-13
1.015901974e-13
1.025188967e-13
1.034560925e-13
1.044018751e-13
1.053563297e-13
1.063195364e-13
1.072915701e-13
1.082725011e-13
1.092624709e-13
1.102614631e-13
1.112695342e-13
1.122869591e-13
1.133136332e-13
1.143497445e-13
1.153953279e-13
1.16450486e-13
1.175153155e-13
1.185899075e-13
1.19674347e-13
1.20768645e-13
1.21873083e-13
1.229875234e-13
1.24112234e-13
1.25247271e-13
1.263926858e-13
1.275485258e-13
1.287150281e-13
1.298921621e-13
1.310801503e-13
1.322789522e-13
1.334887761e-13
1.347096345e-13
1.359417207e-13
1.37185036e-13
1.384397596e-13
1.397060018e-13
1.409838072e-13
1.422733329e-13
1.435746697e-13
1.448879595e-13
1.462132226e-13
1.475506447e-13
1.489002903e-13
1.502623294e-13
1.516368129e-13
1.530238959e-13
1.544236709e-13
1.558362774e-13
1.572618467e-13
1.587004501e-13
1.601522048e-13
1.616172725e-13
1.630957544e-13
1.645877959e-13
1.660934833e-13
1.676129466e-13
1.691463567e-13
1.706937776e-13
1.722554127e-13
1.738313107e-13
1.754216578e-13
1.770265828e-13
1.786461598e-13
1.802805953e-13
1.819299932e-13
1.835944955e-13
1.852742803e-13
1.869693821e-13
