4.607161618e-09
8.266107779e-09
1.205185925e-08
1.580128901e-08
1.946838206e-08
2.305855917e-08
2.658743929e-08
3.007376451e-08
3.353432138e-08
3.698181797e-08
4.042569341e-08
4.38724362e-08
4.732587656e-08
5.078781959e-08
5.425879317e-08
5.773822585e-08
6.122504685e-08
6.471792215e-08
6.821548659e-08
7.171650186e-08
7.52199625e-08
7.872510196e-08
8.223132533e-08
8.573812371e-08
8.924503527e-08
9.275162864e-08
9.625751982e-08
9.976239053e-08
1.03265996e-07
1.067681565e-07
1.102687417e-07
1.137676785e-07
1.172649416e-07
1.207605294e-07
1.242544439e-07
1.277466694e-07
1.312371714e-07
1.347259001e-07
1.382127851e-07
1.416977496e-07
1.451807149e-07
1.486616091e-07
1.521403649e-07
1.556169247e-07
1.59091228e-07
1.625632164e-07
1.660328341e-07
1.695000298e-07
1.729647551e-07
1.764269667e-07
1.79886624e-07
1.833436901e-07
1.867981291e-07
1.902499022e-07
1.936989724e-07
1.971453002e-07
2.005888419e-07
2.040295471e-07
2.074673634e-07
2.109022395e-07
2.143341251e-07
2.177629696e-07
2.21188721e-07
2.246113257e-07
2.2803073e-07
2.348597378e-07
2.38269247e-07
2.416753672e-07
2.450780555e-07
2.518729727e-07
2.552651256e-07
2.586536939e-07
2.654199502e-07
2.687975848e-07
2.721715228e-07
2.789081989e-07
2.822708747e-07
2.889847347e-07
2.923358501e-07
2.990262815e-07
3.023655303e-07
3.090319284e-07
3.156819704e-07
3.190007721e-07
3.256257657e-07
3.322337103e-07
3.355312012e-07
3.421130514e-07
3.486771685e-07
3.552232775e-07
3.617511009e-07
3.682603708e-07
3.715079684e-07
3.77988935e-07
3.844507269e-07
3.941069296e-07
4.005197257e-07
4.069125104e-07
4.132850558e-07
4.19637139e-07
4.259685438e-07
4.354264162e-07
4.417052048e-07
4.479625827e-07
4.573080539e-07
4.635110127e-07
4.727739288e-07
4.789212379e-07
4.880997621e-07
4.972267934e-07
5.032825652e-07
5.123223839e-07
5.213090449e-07
5.302419488e-07
5.391205183e-07
5.479441993e-07
5.567124631e-07
5.654247909e-07
5.74080669e-07
5.826796004e-07
5.912211067e-07
6.025196532e-07
6.109253841e-07
6.192721951e-07
6.303089034e-07
6.385166298e-07
6.493664424e-07
6.601082089e-07
6.707410829e-07
6.786437889e-07
6.890841669e-07
6.994134981e-07
7.096310652e-07
7.197361913e-07
7.322085136e-07
7.42058383e-07
7.517938892e-07
7.638016759e-07
7.732780592e-07
7.849605381e-07
7.941756607e-07
8.055304427e-07
8.167023452e-07
8.27690892e-07
8.384956991e-07
8.49116482e-07
8.595530513e-07
8.718336376e-07
8.81864707e-07
8.936588274e-07
9.032848457e-07
9.145935891e-07
9.256384276e-07
9.364201845e-07
9.469398514e-07
9.571985874e-07
9.671977153e-07
9.769387132e-07
9.879791536e-07
9.971666838e-07
1.007566573e-06
1.017626254e-06
1.027349357e-06
1.036739765e-06
1.045801617e-06
1.055761345e-06
1.064134222e-06
1.073319044e-06
1.082101415e-06
1.090489326e-06
1.098491112e-06
1.106115429e-06
1.113371237e-06
1.121105034e-06
1.127608705e-06
1.134520771e-06
1.141018133e-06
1.147768661e-06
1.15343839e-06
1.158739246e-06
1.164214872e-06
1.169274745e-06
1.173939951e-06
1.178231644e-06
1.182546343e-06
1.186122432e-06
1.189700941e-06
1.192934128e-06
1.195849258e-06
1.198698149e-06
1.201034259e-06
1.203313293e-06
1.205342508e-06
1.207153061e-06
1.208902469e-06
1.210466827e-06
1.211880697e-06
1.213176702e-06
1.214385457e-06
1.215622312e-06
1.216823965e-06
1.218020473e-06
1.219327573e-06
1.220596703e-06
1.222034007e-06
1.223680553e-06
1.225350866e-06
1.227285934e-06
1.229394374e-06
1.231837565e-06
1.234336677e-06
1.237209815e-06
1.24049935e-06
1.243839259e-06
1.247618897e-06
1.251872972e-06
1.256144674e-06
1.260897037e-06
1.266154828e-06
1.271377072e-06
1.277096636e-06
1.283328709e-06
1.289773014e-06
1.296410114e-06
1.303549969e-06
1.310861358e-06
1.318325976e-06
1.326275555e-06
1.334356893e-06
1.342913044e-06
1.351579319e-06
1.360341026e-06
1.369554797e-06
1.379216405e-06
1.388944291e-06
1.398724514e-06
1.408922039e-06
1.41914738e-06
1.429766182e-06
1.440385603e-06
1.451370262e-06
1.462703718e-06
1.473992504e-06
1.485223926e-06
1.496757938e-06
1.508577233e-06
1.520300245e-06
1.532282793e-06
1.544153479e-06
1.556265923e-06
1.568611111e-06
1.580834846e-06
1.593287069e-06
1.605965382e-06
1.618531143e-06
1.631329067e-06
1.644360712e-06
1.6572977e-06
1.67080568e-06
1.683901096e-06
1.69757032e-06
1.711162616e-06
1.72500365e-06
1.739091771e-06
1.753424361e-06
1.767997815e-06
1.782493303e-06
1.79722308e-06
1.812491597e-06
1.827668527e-06
1.842751761e-06
1.858348654e-06
1.874141644e-06
1.890121832e-06
1.905982367e-06
1.922313499e-06
1.938807185e-06
1.955456704e-06
1.971967911e-06
1.988915489e-06
2.006004838e-06
2.02323305e-06
2.040597798e-06
2.058097097e-06
2.076003439e-06
2.093763923e-06
2.1119229e-06
2.130203535e-06
2.148602933e-06
2.167381185e-06
2.186266865e-06
2.205256003e-06
2.224601317e-06
2.244037438e-06
2.263560375e-06
2.283416674e-06
2.303348389e-06
2.323352657e-06
2.343670756e-06
2.364294151e-06
2.38497525e-06
2.40594979e-06
2.427209926e-06
2.448514784e-06
2.469862778e-06
2.491710106e-06
2.513588906e-06
2.535722323e-06
2.558102615e-06
2.580501475e-06
2.603355128e-06
2.626216998e-06
2.649301012e-06
2.672813343e-06
2.696320098e-06
2.72002976e-06
2.74414308e-06
2.768238236e-06
2.792721147e-06
2.817379066e-06
2.842206311e-06
2.867197373e-06
2.892542472e-06
2.918037201e-06
2.943676597e-06
2.96964588e-06
2.995934931e-06
3.022347403e-06
3.048878928e-06
3.075891013e-06
3.103006771e-06
3.130222319e-06
3.157889184e-06
3.185641617e-06
3.213650422e-06
3.241907233e-06
3.270403888e-06
3.299301581e-06
3.328252569e-06
3.357420085e-06
3.386960958e-06
3.416700524e-06
3.446631805e-06
3.476907401e-06
3.507358137e-06
3.538133846e-06
3.569068958e-06
3.600310611e-06
3.631848395e-06
3.663522071e-06
3.695623352e-06
3.72784389e-06
3.760324239e-06
3.793199166e-06
3.826169923e-06
3.859514375e-06
3.893079843e-06
3.926996249e-06
3.961114305e-06
3.995561573e-06
4.030192119e-06
4.065131153e-06
4.100235998e-06
4.135759467e-06
4.171558004e-06
4.207620973e-06
4.243938008e-06
4.28049897e-06
4.317293965e-06
4.354435272e-06
4.391909592e-06
4.429584601e-06
4.467569513e-06
4.505851921e-06
4.544419701e-06
4.583261038e-06
4.622477429e-06
4.661830261e-06
4.701533433e-06
4.74157256e-06
4.781825366e-06
4.822388675e-06
4.863249044e-06
4.904393343e-06
4.945912215e-06
4.987585025e-06
5.029605349e-06
5.071957796e-06
5.114528294e-06
5.157500822e-06
5.200664052e-06
5.244102581e-06
5.287896857e-06
5.331936525e-06
5.376300402e-06
5.420972118e-06
5.465935635e-06
5.51108609e-06
5.556587199e-06
5.602420593e-06
5.648482333e-06
5.69484275e-06
5.741484579e-06
5.788390982e-06
5.835545552e-06
5.883013102e-06
5.930775018e-06
5.978734274e-06
6.027031514e-06
6.075569386e-06
6.124330721e-06
6.173448438e-06
6.222752641e-06
6.272373297e-06
6.322217259e-06
6.372266674e-06
6.422644286e-06
6.473189201e-06
6.524021383e-06
6.575119211e-06
6.626395095e-06
6.677962029e-06
6.729732426e-06
6.78168632e-06
6.833929655e-06
6.886314024e-06
6.938942854e-06
6.991792887e-06
7.04484149e-06
7.09806659e-06
7.151504314e-06
7.205074513e-06
7.258868816e-06
7.312862588e-06
7.366977596e-06
7.421299982e-06
7.475752163e-06
7.530364053e-06
7.585111661e-06
7.640021447e-06
7.695067641e-06
7.750224832e-06
7.805468024e-06
7.860866794e-06
7.916346172e-06
7.971971678e-06
8.027624389e-06
8.083368474e-06
8.139176262e-06
8.195063266e-06
8.250958964e-06
8.306919662e-06
8.362915898e-06
8.418919038e-06
8.474901302e-06
8.53091215e-06
8.586921139e-06
8.64289874e-06
8.698816331e-06
8.754716966e-06
8.810534914e-06
8.866310493e-06
8.921979372e-06
8.97757934e-06
9.033079893e-06
9.088451648e-06
9.143697001e-06
9.198786628e-06
9.253751499e-06
9.308560861e-06
9.363185157e-06
9.417651286e-06
9.471900782e-06
9.525931472e-06
9.57973976e-06
9.633346096e-06
9.686668489e-06
9.739751804e-06
9.792540606e-06
9.84507507e-06
9.89727697e-06
9.949183339e-06
1.000073977e-05
1.005195775e-05
1.010282522e-05
1.015330936e-05
1.020339791e-05
1.025307793e-05
1.030231741e-05
1.035113924e-05
1.039949229e-05
1.044736236e-05
1.049475108e-05
1.054164181e-05
1.058798666e-05
1.063380108e-05
1.06790528e-05
1.07237395e-05
1.076782956e-05
1.081131942e-05
1.085417821e-05
1.089638902e-05
1.093794666e-05
1.097883253e-05
1.101902804e-05
1.105852546e-05
1.109728461e-05
1.113531833e-05
1.117258711e-05
1.120908251e-05
1.124478644e-05
1.127969831e-05
1.131378259e-05
1.134703822e-05
1.137943983e-05
1.141098571e-05
1.14416522e-05
1.147143756e-05
1.150032029e-05
1.152829322e-05
1.155534936e-05
1.15814765e-05
1.160666859e-05
1.163091489e-05
1.165421027e-05
1.167655388e-05
1.169793242e-05
1.171834222e-05
1.173777992e-05
1.175624265e-05
1.177372785e-05
1.179023339e-05
1.1805755e-05
1.18202944e-05
1.183384887e-05
1.184642079e-05
1.185800896e-05
1.186861821e-05
1.187824719e-05
1.18869003e-05
1.189458212e-05
1.190129576e-05
1.190704743e-05
1.191184309e-05
1.191569003e-05
1.19185956e-05
1.192056838e-05
1.192161719e-05
1.192175219e-05
1.192098397e-05
1.191932399e-05
1.191678516e-05
1.1913381e-05
1.190912513e-05
1.190403282e-05
1.189811971e-05
1.189140149e-05
1.188389692e-05
1.187562337e-05
1.186659886e-05
1.185684412e-05
1.18463789e-05
1.183522475e-05
1.182340311e-05
1.181093863e-05
1.179785342e-05
1.178417288e-05
1.176992217e-05
1.17551287e-05
1.173981969e-05
1.172402338e-05
1.170776907e-05
1.169108709e-05
1.167400888e-05
1.1656502e-05
1.1636178e-05
1.160874579e-05
1.157155644e-05
1.152333842e-05
1.146380385e-05
1.139331627e-05
1.131261321e-05
1.122262091e-05
1.112441823e-05
1.10191887e-05
1.090807716e-05
1.079216629e-05
1.067242098e-05
1.054976556e-05
1.042498297e-05
1.029879378e-05
1.01718238e-05
1.004461993e-05
9.917639522e-06
9.7913083e-06
9.665970571e-06
9.541948579e-06
9.419491298e-06
9.298826245e-06
9.180127611e-06
9.063559433e-06
8.949242684e-06
8.837281638e-06
8.727766953e-06
8.620764612e-06
8.516334759e-06
8.414522982e-06
8.315376779e-06
8.21892549e-06
8.125204018e-06
8.034237818e-06
7.946059749e-06
7.863539054e-06
7.816074223e-06
7.799357307e-06
7.801271836e-06
7.81309782e-06
7.828859606e-06
7.84468247e-06
7.858227673e-06
7.868223017e-06
7.874168682e-06
7.876140508e-06
7.874556185e-06
7.870042626e-06
7.86334594e-06
7.855285878e-06
7.846710244e-06
7.838484276e-06
7.831466434e-06
7.826514389e-06
7.8244944e-06
7.826288324e-06
7.83280012e-06
7.844952251e-06
