0.05120104654
0.06270818853
0.07439300358
0.08418925709
0.08959622304
0.09146252494
0.09083568498
0.08903969754
0.08680971133
0.08445875486
0.08212747136
0.07987935548
0.07774099082
0.07572119992
0.0738198057
0.07203214549
0.07035150897
0.06877106995
0.067284176
0.06588411916
0.06456329811
0.06331427946
0.06213047723
0.06100694623
0.05994067206
0.05892882397
0.05796810232
0.05705349001
0.05618027516
0.05534456373
0.05454430971
0.0537777963
0.05304328846
0.05233816201
0.05165953709
0.05100490423
0.05037277355
0.0497625443
0.04917362911
0.04860536992
0.0480569093
0.04752737173
0.0470159004
0.04652157089
0.04604348331
0.0455807942
0.04513221512
0.04469618258
0.04427129587
0.04385685597
0.04345270027
0.0430586421
0.04267421516
0.04229916977
0.04193325651
0.04157624598
0.04122802039
0.04088850633
0.04055761683
0.04023478064
0.03991935926
0.03961077047
0.03930859512
0.03901255964
0.03872240702
0.03843798615
0.0381591987
0.03788594665
0.03761819277
0.03735597548
0.03684828831
0.03660253969
0.03636168501
0.03612534968
0.03589328034
0.03566537724
0.03544153604
0.03500513751
0.03479187985
0.03458150742
0.03416870249
0.03396598263
0.03376577952
0.03337345476
0.03318157821
0.0329928273
0.03262526824
0.03244611548
0.0320957823
0.03192469729
0.03159197565
0.03143033497
0.03111515979
0.03096111664
0.03065896093
0.03051057375
0.03021920899
0.02993544976
0.02979669503
0.02952571425
0.02926300162
0.02900791095
0.0287595877
0.02863781402
0.02839895409
0.02816588398
0.02793799273
0.02771589666
0.02749976271
0.02728880123
0.02708301313
0.02688248895
0.02668635232
0.02649452411
0.02621583772
0.02603502937
0.02585766857
0.02568366666
0.02542904957
0.02526374524
0.0250212381
0.02486225942
0.02470687208
0.02448056905
0.02426072486
0.02411735169
0.02390816151
0.02377295964
0.02357662262
0.02338643771
0.02319998847
0.02301704402
0.02283850389
0.02272231143
0.02255185799
0.02238460882
0.02216517021
0.02200371669
0.0218459294
0.02169211668
0.02154181326
0.02134621531
0.02120241998
0.0210143659
0.02087574354
0.02069374156
0.02055939519
0.02038351557
0.02021213761
0.02008634363
0.01992186199
0.01976162548
0.01960487655
0.01945204303
0.01930362032
0.01915813297
0.01898162755
0.01884453273
0.01870980329
0.01854560481
0.01841802651
0.01826445037
0.01814677539
0.01800361932
0.01786300729
0.01772719125
0.01759474202
0.01746294408
0.01733331204
0.01720816659
0.01708833375
0.01697145835
0.01683353083
0.01672004203
0.01658745371
0.0164789673
0.01635195535
0.01622882676
0.01610979759
0.01599277338
0.01587809416
0.01576668709
0.01564000165
0.0155343619
0.01541430113
0.01531524695
0.01520423205
0.01509709429
0.01499069701
0.01488555652
0.01478171535
0.01467991381
0.01456754066
0.01447166204
0.01436478866
0.01426194862
0.01416019242
0.01406119181
0.01396389088
0.01386902374
0.01377521603
0.01367144767
0.01358167144
0.01348245128
0.01338460976
0.01328692745
0.0131886103
0.01307894627
0.01298222317
0.01287765376
0.0127744482
0.01267521413
0.01257899992
0.01248659377
0.01239553014
0.01229649254
0.01219837185
0.01210014515
0.01200295632
0.01190899457
0.01181789142
0.01171945485
0.01162059851
0.01152191613
0.01142625861
0.01132655257
0.01123845532
0.01114327726
0.01105054138
0.01095930558
0.01086904334
0.01077169187
0.01067585967
0.01058393621
0.0104959962
0.01040509161
0.01032221167
0.01023613081
0.01015179136
0.01006462328
0.009984524513
0.009901610606
0.009818927994
0.009732785691
0.009654957075
0.00957482344
0.009491980861
0.009416030939
0.00933854757
0.009265358779
0.009195180345
0.009122813047
0.009054601036
0.008988090835
0.008924931428
0.008859561872
0.008796488854
0.008735553814
0.008673475091
0.008614092428
0.008553700579
0.008498492378
0.008443809429
0.008387034577
0.008327338449
0.008269627061
0.008213210785
0.008160156891
0.008109201756
0.008054789089
0.008000811581
0.00794837357
0.007894567626
0.007842328716
0.007788811112
0.007736269056
0.007685562299
0.007634897349
0.007585595286
0.007535735791
0.00748769385
0.00743421849
0.007379838822
0.007325210377
0.007272587894
0.007219778171
0.007167880673
0.007116961802
0.007064482539
0.007011003585
0.006957666306
0.006903700307
0.006849582519
0.006793586956
0.006737506623
0.006680606596
0.006620945128
0.006561904604
0.00650027813
0.006438530929
0.006378336398
0.006320360741
0.006262391737
0.006207346323
0.00615085508
0.006095981882
0.006041885199
0.005986066342
0.005932121601
0.005879608845
0.005826443444
0.005773246577
0.005720308254
0.005670341155
0.005621338645
0.005573699271
0.005528120744
0.005481402055
0.005433796918
0.005386281522
0.005337833062
0.005290973547
0.005242990502
0.005193795537
0.0051462603
0.005101018517
0.005059571371
0.00502139379
0.004983250892
0.004946842121
0.004912174176
0.004877963537
0.004844936792
0.004812056866
0.00478025998
0.004748866353
0.004718014393
0.004687318278
0.004657058165
0.004628215636
0.004603996538
0.004580309072
0.004557212614
0.004533770664
0.004510750092
0.004488250536
0.004465208083
0.00444005925
0.004413369137
0.004389126362
0.004364162894
0.004340285707
0.004316229989
0.00429365194
0.00427310157
0.004251537933
0.004229840614
0.004207365529
0.004186297187
0.004165342328
0.004144802964
0.004124443839
0.0041042795
0.00408494579
0.004067942953
0.004050224987
0.004033440414
0.0040174592
0.00400271662
0.003988919914
0.003976200851
0.003961793382
0.003945950989
0.003930938792
0.003915904785
0.003900430114
0.003884835229
0.003869566391
0.003854752833
0.003843135055
0.003831823817
0.003822437712
0.003812704544
0.003804961519
0.003797646179
0.00379054283
0.003786566447
0.003787549217
0.003790787813
0.003792780712
0.00379471394
0.003799195873
0.003806058244
0.003815909869
0.003826771453
0.003837844872
0.003851500883
0.003867473885
0.003884193991
0.003903670084
0.003923120581
0.003944389938
0.003964032072
0.003982714508
0.00400191715
0.004024318593
0.004048472177
0.004074770217
0.004102578179
0.004131377327
0.004162928833
0.004196872793
0.004231358704
0.004266181862
0.004300207607
0.00433471048
0.004370859523
0.004406691364
0.004443288401
0.004481721958
0.004523111739
0.004566105463
0.004611516884
0.004657952595
0.004704632735
0.004751176145
0.004799026515
0.004847644383
0.004896568264
0.004946262361
0.004996523588
0.005046476163
0.005096266462
0.005146764297
0.005199260818
0.00525156548
0.005302843841
0.005352939778
0.005402420965
0.005451393394
0.005502254736
0.005552249876
0.005603113378
0.005652727718
0.005702674595
0.005754122705
0.005808931245
0.00586734448
0.00592515896
0.005981390938
0.006037754953
0.006094624307
0.006151937439
0.006208593044
0.006265410404
0.006321622979
0.006378751242
0.00643544825
0.006491676663
0.00655150179
0.006614469375
0.00667967133
0.006744689903
0.006810102642
0.006875352146
0.006941478417
0.007007725025
0.007072278798
0.007135750897
0.007199447239
0.007263101704
0.007328015737
0.007390755585
0.007453578945
0.007515818798
0.007578408157
0.007640237769
0.007703561681
0.007766034567
0.007826386898
0.007883854134
0.007939482411
0.007997573763
0.008057841208
0.00811844067
0.008178299971
0.00823925986
0.008301582887
0.008363431866
0.008426849706
0.008488918469
0.008548063688
0.008606860356
0.00866866762
0.008729467636
0.008790841596
0.008850570023
0.008910662832
0.00897325842
0.009035846881
0.009095132944
0.009154550985
0.009215138219
0.009275757603
0.009333267114
0.009391442028
0.009449547866
0.009508412519
0.009568581827
0.009629510899
0.009690525056
0.009751567792
0.009814667433
0.009878090444
0.009942437063
0.01000486555
0.01006882257
0.0101348931
0.01019840306
0.01026155865
0.0103257342
0.01039361546
0.01046277546
0.01053498258
0.01061153076
0.01069257272
0.01077358873
0.01085516516
0.01093622106
0.01102023237
0.01110917645
0.01119920717
0.01129053904
0.01138333984
0.01148021304
0.01157941322
0.01168510446
0.01179187318
0.01190198735
0.01201148257
0.01212344494
0.01223759976
0.01235123785
0.01246651146
0.01258384161
0.01270511256
0.012827638
0.01295384427
0.0130848393
0.01321783279
0.01335756133
0.0135021993
0.01364850027
0.01379994222
0.01395375191
0.01411016796
0.01426768079
0.01443146834
0.0146024004
0.01477220962
0.01494504536
0.01511695051
0.01529130397
0.01546974934
0.01565200258
0.0158329965
0.01601574867
0.01620589484
0.01639544754
0.01658690268
0.01678004052
0.01697367756
0.01717712924
0.01738509572
0.01759419442
0.01780525786
0.01801867411
0.01823551735
0.01845225153
0.01866630766
0.01888218666
0.019100017
0.0193191809
0.019543714
0.01977138334
0.02000506219
0.02024717237
0.0204926118
0.02074354169
0.02100088534
0.02126186595
0.02152800534
0.02179722075
0.02207002559
0.02234507424
0.02262199225
0.02289844193
