3.935179815e-11
1.969438412e-11
1.314190459e-11
9.865659825e-12
7.899909866e-12
6.589408065e-12
5.653334425e-12
4.951278946e-12
4.405236071e-12
3.968402463e-12
3.610994179e-12
3.313155257e-12
3.061139259e-12
2.8451273e-12
2.657918863e-12
2.49411356e-12
2.349581681e-12
2.221111228e-12
2.106166413e-12
2.002718605e-12
1.909125578e-12
1.82404369e-12
1.746362979e-12
1.675158471e-12
1.609653192e-12
1.549189699e-12
1.493207948e-12
1.441227901e-12
1.392835732e-12
1.347672789e-12
1.305426701e-12
1.265824139e-12
1.228624906e-12
1.193617064e-12
1.160612895e-12
1.129445537e-12
1.099966169e-12
1.072041633e-12
1.045552429e-12
1.020391006e-12
9.964603059e-13
9.736725129e-13
9.519479805e-13
9.312143023e-13
9.114055074e-13
8.924613616e-13
8.743267561e-13
8.569511745e-13
8.402882239e-13
8.242952221e-13
8.089328346e-13
7.941647521e-13
7.799574053e-13
7.662797113e-13
7.531028474e-13
7.404000492e-13
7.281464305e-13
7.163188209e-13
7.048956206e-13
6.938566694e-13
6.831831289e-13
6.728573759e-13
6.628629056e-13
6.531842446e-13
6.438068714e-13
6.259022359e-13
6.173500728e-13
6.090492815e-13
6.00989138e-13
5.855508762e-13
5.781541651e-13
5.709608425e-13
5.571524247e-13
5.505223966e-13
5.440658382e-13
5.316472732e-13
5.256731354e-13
5.141670113e-13
5.086245733e-13
4.97936637e-13
4.927820853e-13
4.828307053e-13
4.733303061e-13
4.687401152e-13
4.598628868e-13
4.513690152e-13
4.47258503e-13
4.392966907e-13
4.316635719e-13
4.243402167e-13
4.173091343e-13
4.105541379e-13
4.072754407e-13
4.009067859e-13
3.947787038e-13
3.860105852e-13
3.804311796e-13
3.750522532e-13
3.698640229e-13
3.648573393e-13
3.600236353e-13
3.530799861e-13
3.48644671e-13
3.443563136e-13
3.381853061e-13
3.342369177e-13
3.285488461e-13
3.249055892e-13
3.196518319e-13
3.146380236e-13
3.114218338e-13
3.067773805e-13
3.023379047e-13
2.980920646e-13
2.940293469e-13
2.901399918e-13
2.864149251e-13
2.828456991e-13
2.794244378e-13
2.76143789e-13
2.729968809e-13
2.689979882e-13
2.661388283e-13
2.633934943e-13
2.599011711e-13
2.574017455e-13
2.54220354e-13
2.512026259e-13
2.483393152e-13
2.462879874e-13
2.436746461e-13
2.411935812e-13
2.388377709e-13
2.366006677e-13
2.339619456e-13
2.319701845e-13
2.300786676e-13
2.278477524e-13
2.261642047e-13
2.241792208e-13
2.22681919e-13
2.20917513e-13
2.192658845e-13
2.177206733e-13
2.162759547e-13
2.149262029e-13
2.136662576e-13
2.122660971e-13
2.111871779e-13
2.09991684e-13
2.090735462e-13
2.080600754e-13
2.071374054e-13
2.063000868e-13
2.055430493e-13
2.048615702e-13
2.042512463e-13
2.037079682e-13
2.03153775e-13
2.027429261e-13
2.023338069e-13
2.019956255e-13
2.017238251e-13
2.01514176e-13
2.013627486e-13
2.012563053e-13
2.012176592e-13
2.012315633e-13
2.013032597e-13
2.014287377e-13
2.016042895e-13
2.018264836e-13
2.020921422e-13
2.024393028e-13
2.027878085e-13
2.032215313e-13
2.036961789e-13
2.042678627e-13
2.048191817e-13
2.05402694e-13
2.060859153e-13
2.068029531e-13
2.075510559e-13
2.083276979e-13
2.092122029e-13
2.10041446e-13
2.109788761e-13
2.119404702e-13
2.129240539e-13
2.140197994e-13
2.150431269e-13
2.161780905e-13
2.173305609e-13
2.184987462e-13
2.197801225e-13
2.210761379e-13
2.223850802e-13
2.237053963e-13
2.25035676e-13
2.264779606e-13
2.279288667e-13
2.293870846e-13
2.309562324e-13
2.32425959e-13
2.34005107e-13
2.356934228e-13
2.37278856e-13
2.3897181e-13
2.406657354e-13
2.42465663e-13
2.441590537e-13
2.459568251e-13
2.478579435e-13
2.496505166e-13
2.515448092e-13
2.535395562e-13
2.554242535e-13
2.574078135e-13
2.594887997e-13
2.614587039e-13
2.635245076e-13
2.656846529e-13
2.678353084e-13
2.699761996e-13
2.722083192e-13
2.744292634e-13
2.766388656e-13
2.789366386e-13
2.812217684e-13
2.835926944e-13
2.859497289e-13
2.882928562e-13
2.907188374e-13
2.932259046e-13
2.957167751e-13
2.981915416e-13
3.007445664e-13
3.032804888e-13
3.058924402e-13
3.084863617e-13
3.111541333e-13
3.138940266e-13
3.166139814e-13
3.193142766e-13
3.220842299e-13
3.249221719e-13
3.277387578e-13
3.306213665e-13
3.334820223e-13
3.36406808e-13
3.39394137e-13
3.423580886e-13
3.453828003e-13
3.484667418e-13
3.515260522e-13
3.546429256e-13
3.578158951e-13
3.609631478e-13
3.642446587e-13
3.674198966e-13
3.707266146e-13
3.740059943e-13
3.773357592e-13
3.807146015e-13
3.84141237e-13
3.876144058e-13
3.91058325e-13
3.945476011e-13
3.981543406e-13
4.017301653e-13
4.05275807e-13
4.089348726e-13
4.126336027e-13
4.163709353e-13
4.200762262e-13
4.238882858e-13
4.277359123e-13
4.316181458e-13
4.354668256e-13
4.39416081e-13
4.433972087e-13
4.474093475e-13
4.514516598e-13
4.555233317e-13
4.596873545e-13
4.63814839e-13
4.680320518e-13
4.722745026e-13
4.765415052e-13
4.808934198e-13
4.852675015e-13
4.896631435e-13
4.941391757e-13
4.986345628e-13
5.03148773e-13
5.077391422e-13
5.123463021e-13
5.169697914e-13
5.2166549e-13
5.264314727e-13
5.312105331e-13
5.36057141e-13
5.409694852e-13
5.458919457e-13
5.508242394e-13
5.558718914e-13
5.609269695e-13
5.66041218e-13
5.712130486e-13
5.763898865e-13
5.816727315e-13
5.869585089e-13
5.92296799e-13
5.977354146e-13
6.031741024e-13
6.086611932e-13
6.142432941e-13
6.198229006e-13
6.25494172e-13
6.312080203e-13
6.369632971e-13
6.42758887e-13
6.486390855e-13
6.545566482e-13
6.605105676e-13
6.665440318e-13
6.726549023e-13
6.787977217e-13
6.849716272e-13
6.912609691e-13
6.975782229e-13
7.039226335e-13
7.103763716e-13
7.168543431e-13
7.233965993e-13
7.300014116e-13
7.366670971e-13
7.434316296e-13
7.502138346e-13
7.570521344e-13
7.639835707e-13
7.709674345e-13
7.780023127e-13
7.851243461e-13
7.922940125e-13
7.99546867e-13
8.068441633e-13
8.142208801e-13
8.216748784e-13
8.29168552e-13
8.367712381e-13
8.444102308e-13
8.521191204e-13
8.599302819e-13
8.677730671e-13
8.757139025e-13
8.83716813e-13
8.918131586e-13
8.999676864e-13
9.082112647e-13
9.165093491e-13
9.248923235e-13
9.333263374e-13
9.418725761e-13
9.504970197e-13
9.591975586e-13
9.679721405e-13
9.768187699e-13
9.857355067e-13
9.947500819e-13
1.00385986e-12
1.013033191e-12
1.022297183e-12
1.031649393e-12
1.041087444e-12
1.050609023e-12
1.060239668e-12
1.06992136e-12
1.079707303e-12
1.089594689e-12
1.099553984e-12
1.109609807e-12
1.119759555e-12
1.130000699e-12
1.140356613e-12
1.150772993e-12
1.161298955e-12
1.171931548e-12
1.182642981e-12
1.193480507e-12
1.204391796e-12
1.215399104e-12
1.226523869e-12
1.237739118e-12
1.249066003e-12
1.260501515e-12
1.272042724e-12
1.283663826e-12
1.295408163e-12
1.307272412e-12
1.319231005e-12
1.331303531e-12
1.343486918e-12
1.355778178e-12
1.368174404e-12
1.38069411e-12
1.393333965e-12
1.406069776e-12
1.41894049e-12
1.431921891e-12
1.445010997e-12
1.45824532e-12
1.471580897e-12
1.485054683e-12
1.498643289e-12
1.51234362e-12
1.526191281e-12
1.540144035e-12
1.554236967e-12
1.568466301e-12
1.582809741e-12
1.597301108e-12
1.611918132e-12
1.626657426e-12
1.641551596e-12
1.656560892e-12
1.671717464e-12
1.687017342e-12
1.702456664e-12
1.71803167e-12
1.733755698e-12
1.74960789e-12
1.765618171e-12
1.781782279e-12
1.798079678e-12
1.814539255e-12
1.831140545e-12
1.847895675e-12
1.864800497e-12
1.881866635e-12
1.899089741e-12
1.916465583e-12
1.933990043e-12
1.951689314e-12
1.969543722e-12
1.987578737e-12
2.005760106e-12
2.024113e-12
2.042632796e-12
2.06132929e-12
2.080183553e-12
2.099219406e-12
2.118431956e-12
2.137816437e-12
2.157368216e-12
2.177109854e-12
2.197036233e-12
2.217142372e-12
2.237423426e-12
2.25790078e-12
2.278556212e-12
2.299410551e-12
2.320445736e-12
2.341682061e-12
2.363114102e-12
2.384736583e-12
2.406556615e-12
2.428568873e-12
2.450792224e-12
2.473220977e-12
2.495849595e-12
2.518696089e-12
2.541742991e-12
2.564996387e-12
2.588462095e-12
2.612156955e-12
2.636052431e-12
2.660176348e-12
2.68451157e-12
2.709085033e-12
2.733868758e-12
2.758889119e-12
2.784129153e-12
2.809603915e-12
2.835317471e-12
2.861263382e-12
2.88744559e-12
2.913867839e-12
2.940523656e-12
2.967436538e-12
2.994589713e-12
3.021986456e-12
3.049639527e-12
3.07755159e-12
3.105706175e-12
3.134124951e-12
3.162800796e-12
3.191745247e-12
3.220951061e-12
3.250429324e-12
3.280172692e-12
3.310182918e-12
3.340470454e-12
3.371036566e-12
3.401882406e-12
3.4330176e-12
3.464425843e-12
3.496133488e-12
3.52812411e-12
3.560406636e-12
3.592981397e-12
3.625864897e-12
3.65904076e-12
3.692525045e-12
3.726309438e-12
3.760409358e-12
3.794816299e-12
3.829545069e-12
3.864586993e-12
3.899948739e-12
3.935636662e-12
3.971649387e-12
4.007992864e-12
4.044665461e-12
4.081672745e-12
4.119027158e-12
4.15671934e-12
4.194754236e-12
4.233136529e-12
4.271870651e-12
4.310960789e-12
4.350410892e-12
4.390217969e-12
4.430392351e-12
4.470930725e-12
4.511842874e-12
4.553125194e-12
4.59479336e-12
4.636836969e-12
4.679264792e-12
4.722085194e-12
4.765293776e-12
4.808898455e-12
4.8529007e-12
4.897307843e-12
4.942120895e-12
4.98734664e-12
5.032979805e-12
5.079038419e-12
5.125511011e-12
5.172414907e-12
5.219744125e-12
5.267503984e-12
5.315705047e-12
5.364346409e-12
5.413432529e-12
5.462972995e-12
5.512960903e-12
5.563405378e-12
5.614315107e-12
5.665687949e-12
5.717532037e-12
5.769849988e-12
5.822649271e-12
5.875926941e-12
5.929694949e-12
5.983954851e-12
6.038712905e-12
6.093970189e-12
6.149732411e-12
6.206004953e-12
6.262792878e-12
6.320100944e-12
6.37793361e-12
6.436295047e-12
6.495193684e-12
6.554628528e-12
6.614602942e-12
6.675133283e-12
6.736213315e-12
6.797854226e-12
6.860058081e-12
6.922830985e-12
6.986178689e-12
7.050106597e-12
7.114619776e-12
7.179718867e-12
7.24542061e-12
7.311716822e-12
7.378623425e-12
7.446143752e-12
7.514280866e-12
7.58303757e-12
7.652427968e-12
7.72245024e-12
7.793117602e-12
7.864427652e-12
7.936392769e-12
8.009013689e-12
8.082301903e-12
8.156257484e-12
8.230891085e-12
8.30620926e-12
8.38221465e-12
8.458916596e-12
8.536320486e-12
8.614434763e-12
8.693260614e-12
8.772809089e-12
8.853084005e-12
8.934095466e-12
9.015846495e-12
9.098346305e-12
9.181600384e-12
9.265617024e-12
9.350404031e-12
9.43596562e-12
9.522308762e-12
9.609443054e-12
9.697374516e-12
9.786111771e-12
9.875659952e-12
9.966026765e-12
1.005722237e-11
1.014925056e-11
1.024212342e-11
1.033584382e-11
1.043042284e-11
1.052586811e-11
1.062218402e-11
1.071938285e-11
1.081747075e-11
1.091645616e-11
1.101634964e-11
1.111715323e-11
