7.190315349
4.94517853
4.012553842
3.446955173
3.072954017
2.782899652
2.56528526
2.391524706
2.25028394
2.130530537
2.029682233
1.862639637
1.730355875
1.621871362
1.531091813
1.420769837
1.33106095
1.256854512
1.174573869
1.090553745
1.022074177
0.954638006
0.8905022361
0.8379523764
0.7826483197
0.7323970155
0.6834780157
0.6406724248
0.5998948197
0.5617741448
0.5271715685
0.4931667043
0.4624480517
0.4329398075
0.4058195737
0.3801046161
0.3550730826
0.3324206993
0.3109228148
0.2912199342
0.2729945834
0.2564713653
0.2410980031
0.2265131164
0.2125882809
0.1994383095
0.18684722
0.1746981968
0.1630610189
0.1523060892
0.1427152534
0.1341919276
0.1263750167
0.119248949
0.1128835367
0.1063956965
0.1008960896
0.09632842678
0.09203525879
0.08710180342
0.08288324878
0.07886746676
0.0744293265
0.07046668555
0.06730584568
0.0641594124
0.06112458793
0.05822118434
0.05501309834
0.05124328395
0.04739332419
0.04316381172
0.03931463854
0.03602067022
0.03255863141
0.02941648177
0.02682996642
0.02541760584
0.02465001051
0.02409069603
0.02401954504
0.02375797966
0.02348874672
0.02233207275
0.02002067756
0.01750272143
0.01463445449
0.01136855911
0.009875592975
0.007775419898
0.005357063811
0.005156272457
