1.150751263e-07
6.06768508e-08
4.244101415e-08
3.325619624e-08
2.769839687e-08
2.395856729e-08
2.126072477e-08
1.921642319e-08
1.760954264e-08
1.63101845e-08
1.523551971e-08
1.433020434e-08
1.355582836e-08
1.288488241e-08
1.229713514e-08
1.177736699e-08
1.131390245e-08
1.089763043e-08
1.052133328e-08
1.017921642e-08
9.866571942e-09
9.579533603e-09
9.314895442e-09
9.069975518e-09
8.84251219e-09
8.630584183e-09
8.432548303e-09
8.246990409e-09
8.072686458e-09
7.908571264e-09
7.753713271e-09
7.607293999e-09
7.468591195e-09
7.336964931e-09
7.211846056e-09
7.092726551e-09
6.97915143e-09
6.870711905e-09
6.76703959e-09
6.667801559e-09
6.572696118e-09
6.481449179e-09
6.393811122e-09
6.309554085e-09
6.228469606e-09
6.150366573e-09
6.075069425e-09
6.002416576e-09
5.932259031e-09
5.864459159e-09
5.798889618e-09
5.735432388e-09
5.673977924e-09
5.614424393e-09
5.556676994e-09
5.500647355e-09
5.446252983e-09
5.393416774e-09
5.342066577e-09
5.29213479e-09
5.243558003e-09
5.19627667e-09
5.150234816e-09
5.105379766e-09
5.061661902e-09
4.977453224e-09
4.936876546e-09
4.897264969e-09
4.858581175e-09
4.783857408e-09
4.747752159e-09
4.712443905e-09
4.644105164e-09
4.61102151e-09
4.578628349e-09
4.515820568e-09
4.485362162e-09
4.426234248e-09
4.397526634e-09
4.341735036e-09
4.314617718e-09
4.261861946e-09
4.210981326e-09
4.186210148e-09
4.137942669e-09
4.091296245e-09
4.06855308e-09
4.024174806e-09
3.981209013e-09
3.939582699e-09
3.899228016e-09
3.860081811e-09
3.840943336e-09
3.803500719e-09
3.767126671e-09
3.714461397e-09
3.680548336e-09
3.647543303e-09
3.615406641e-09
3.58410107e-09
3.553591504e-09
3.509247884e-09
3.480587813e-09
3.452616015e-09
3.411890114e-09
3.385523927e-09
3.347092339e-09
3.322184254e-09
3.28583995e-09
3.250659285e-09
3.227821849e-09
3.194447992e-09
3.162085496e-09
3.130684416e-09
3.100198183e-09
3.070583322e-09
3.041799189e-09
3.013807742e-09
2.986573329e-09
2.960062497e-09
2.934243827e-09
2.900844812e-09
2.876529257e-09
2.852813893e-09
2.822085323e-09
2.799678419e-09
2.770614835e-09
2.742436462e-09
2.715099325e-09
2.695123776e-09
2.66916185e-09
2.643934913e-09
2.619408973e-09
2.595552198e-09
2.566626944e-09
2.544169429e-09
2.522290545e-09
2.495718604e-09
2.475054573e-09
2.449931384e-09
2.430373906e-09
2.406572567e-09
2.383456379e-09
2.360993119e-09
2.339152647e-09
2.31790673e-09
2.297228896e-09
2.27313048e-09
2.253617046e-09
2.230850732e-09
2.21239645e-09
2.190843962e-09
2.169908873e-09
2.149562278e-09
2.129777131e-09
2.110528091e-09
2.091791392e-09
2.073544716e-09
2.052848338e-09
2.035593042e-09
2.016001192e-09
1.996964071e-09
1.978455999e-09
1.960452928e-09
1.942932313e-09
1.923472432e-09
1.90691603e-09
1.888507835e-09
1.870622446e-09
1.853235584e-09
1.836324522e-09
1.819867955e-09
1.80384589e-09
1.786317089e-09
1.771157363e-09
1.7545554e-09
1.738411574e-09
1.720986199e-09
1.705743186e-09
1.690898054e-09
1.674849461e-09
1.659249215e-09
1.644076829e-09
1.629313101e-09
1.613523528e-09
1.599560635e-09
1.584612354e-09
1.570075403e-09
1.55593126e-09
1.540928896e-09
1.527551179e-09
1.513347341e-09
1.499532441e-09
1.486089052e-09
1.471925675e-09
1.458159642e-09
1.444772718e-09
1.43174782e-09
1.419068922e-09
1.405784428e-09
1.392866139e-09
1.380297535e-09
1.367201635e-09
1.355309164e-09
1.342905363e-09
1.330042888e-09
1.31831399e-09
1.306138918e-09
1.294295047e-09
1.282057354e-09
1.27085102e-09
1.259260461e-09
1.247327278e-09
1.236363026e-09
1.225063265e-09
1.213465562e-09
1.202776711e-09
1.191794935e-09
1.180554075e-09
1.170164652e-09
1.159519419e-09
1.148648807e-09
1.13807833e-09
1.127794428e-09
1.117314338e-09
1.107121104e-09
1.097201877e-09
1.087111667e-09
1.077294839e-09
1.067329557e-09
1.05763583e-09
1.048201549e-09
1.038637808e-09
1.028964112e-09
1.019555813e-09
1.010400994e-09
1.001150382e-09
9.921493241e-10
9.830667073e-10
9.742290941e-10
9.653226024e-10
9.563613513e-10
9.476451728e-10
9.391630983e-10
9.306332987e-10
9.2206772e-10
9.137344416e-10
9.053731437e-10
8.972373202e-10
8.890802732e-10
8.809115201e-10
8.729639361e-10
8.650096979e-10
8.570570141e-10
8.49319793e-10
8.415877034e-10
8.338677957e-10
8.2635659e-10
8.186751054e-10
8.113838087e-10
8.039338893e-10
7.966855741e-10
7.894642207e-10
7.822746131e-10
7.751211813e-10
7.68008015e-10
7.61087257e-10
7.542059173e-10
7.472269553e-10
7.404383298e-10
7.338315466e-10
7.271396485e-10
7.205017282e-10
7.139199486e-10
7.075154395e-10
7.01048321e-10
6.946426492e-10
6.882997779e-10
6.821276913e-10
6.759109043e-10
6.697600657e-10
6.636758982e-10
6.576589919e-10
6.517098138e-10
6.457380846e-10
6.399277408e-10
6.340999859e-10
6.28345294e-10
6.22663431e-10
6.169750561e-10
6.113630905e-10
6.058269115e-10
6.002930631e-10
5.948375412e-10
5.894594179e-10
5.840906994e-10
5.78801053e-10
5.735893193e-10
5.683925621e-10
5.63214585e-10
5.581173776e-10
5.530425708e-10
5.479932974e-10
5.430262831e-10
5.381398144e-10
5.332302387e-10
5.284033364e-10
5.236089613e-10
5.188491653e-10
5.141714994e-10
5.094850562e-10
5.048815662e-10
5.003168207e-10
4.957512016e-10
4.912688819e-10
4.868288369e-10
4.823942838e-10
4.7804247e-10
4.736996419e-10
4.694040242e-10
4.651560371e-10
4.609560136e-10
4.567722122e-10
4.526385262e-10
4.485549861e-10
4.4449209e-10
4.404521337e-10
4.36465121e-10
4.325307232e-10
4.285957593e-10
4.247154835e-10
4.208893304e-10
4.170680711e-10
4.133023527e-10
4.095684059e-10
4.058673316e-10
4.02200115e-10
3.985464323e-10
3.949500295e-10
3.913897942e-10
3.878467879e-10
3.843420918e-10
3.808760825e-10
3.774310838e-10
3.74026283e-10
3.706447923e-10
3.673046223e-10
3.639896444e-10
3.607010979e-10
3.574553496e-10
3.542225078e-10
3.510335785e-10
3.478741591e-10
3.447313419e-10
3.416334697e-10
3.385541589e-10
3.355075355e-10
3.324817661e-10
3.294900768e-10
3.265211326e-10
3.235873187e-10
3.206777827e-10
3.178041252e-10
3.149455957e-10
3.121139085e-10
3.093097399e-10
3.065336865e-10
3.037862706e-10
3.010679443e-10
2.983703127e-10
2.956944191e-10
2.930495177e-10
2.904277019e-10
2.878297592e-10
2.85256395e-10
2.827082375e-10
2.801786109e-10
2.77682663e-10
2.752065417e-10
2.727511725e-10
2.703238639e-10
2.67918547e-10
2.655359154e-10
2.63176589e-10
2.608353322e-10
2.585243629e-10
2.562326834e-10
2.539611138e-10
2.517155693e-10
2.494862273e-10
2.472838975e-10
2.451039498e-10
2.429422417e-10
2.408040765e-10
2.386854411e-10
2.365870065e-10
2.345093759e-10
2.324571036e-10
2.30422527e-10
2.284064056e-10
2.264131148e-10
2.244393821e-10
2.224857741e-10
2.205527975e-10
2.186409028e-10
2.16747291e-10
2.148725812e-10
2.130203488e-10
2.111849724e-10
2.093700036e-10
2.075758367e-10
2.057974412e-10
2.04040803e-10
2.023010956e-10
2.005814272e-10
1.988821695e-10
1.971990026e-10
1.955371256e-10
1.938923913e-10
1.922653787e-10
1.906586756e-10
1.890685659e-10
1.874975988e-10
1.859461515e-10
1.844108962e-10
1.828960057e-10
1.813982799e-10
1.799182396e-10
1.784563561e-10
1.77013054e-10
1.755871896e-10
1.741807194e-10
1.727910747e-10
1.714187803e-10
1.700656584e-10
1.687294077e-10
1.674118054e-10
1.661119769e-10
1.648303488e-10
1.635661597e-10
1.623198658e-10
1.610918803e-10
1.598825763e-10
1.586902794e-10
1.575164596e-10
1.563595957e-10
1.552220133e-10
1.541022401e-10
1.530007051e-10
1.5191698e-10
1.508522917e-10
1.498054315e-10
1.487768434e-10
1.477669313e-10
1.467760623e-10
1.458032527e-10
1.44848947e-10
1.439135509e-10
1.42997433e-10
1.420998002e-10
1.412216269e-10
1.403622039e-10
1.395224537e-10
1.387017443e-10
1.379004881e-10
1.371190603e-10
1.363573817e-10
1.356158151e-10
1.348939224e-10
1.341921054e-10
1.335107292e-10
1.328494613e-10
1.322090129e-10
1.315893964e-10
1.309906541e-10
1.304125868e-10
1.298560965e-10
1.293207343e-10
1.288070923e-10
1.283148237e-10
1.278447033e-10
1.273964368e-10
1.26970543e-10
1.265669735e-10
1.261858927e-10
1.258276145e-10
1.254922924e-10
1.251800909e-10
1.248912881e-10
1.246258487e-10
1.243841595e-10
1.241663859e-10
1.239726358e-10
1.23803114e-10
1.236581161e-10
1.235377251e-10
1.234421776e-10
1.233716387e-10
1.233263263e-10
1.2330642e-10
1.233121173e-10
1.233435949e-10
1.234010469e-10
1.234846643e-10
1.235946329e-10
1.237311734e-10
1.238943832e-10
1.240845711e-10
1.24301813e-10
1.245463258e-10
1.248182701e-10
1.251179521e-10
1.25445382e-10
1.258008683e-10
1.261844729e-10
1.2659652e-10
1.270370549e-10
1.275064139e-10
1.280046247e-10
1.28531917e-10
1.290885263e-10
1.296745694e-10
1.302902791e-10
1.309357607e-10
1.316112428e-10
1.323170939e-10
1.330532756e-10
1.338200128e-10
1.346175319e-10
1.354460604e-10
1.363058264e-10
1.37197058e-10
1.381198258e-10
1.390745098e-10
1.40061175e-10
1.410802054e-10
1.421316598e-10
1.432160937e-10
1.44333395e-10
1.454839526e-10
1.466681615e-10
1.478860705e-10
1.491380756e-10
1.504243984e-10
1.517454402e-10
1.531014244e-10
1.544927562e-10
1.559194758e-10
1.573823596e-10
1.588812631e-10
1.604169706e-10
1.619895227e-10
1.635993343e-10
1.652470138e-10
1.669327926e-10
1.686570934e-10
1.704205346e-10
1.722231577e-10
1.740655844e-10
1.759484415e-10
1.778719683e-10
1.798367965e-10
1.818433649e-10
1.838923115e-10
1.85983882e-10
1.881189171e-10
1.902978651e-10
1.925213751e-10
1.947898995e-10
1.971040922e-10
1.994646101e-10
2.018721128e-10
2.043272623e-10
2.068307235e-10
2.093831635e-10
2.119854533e-10
2.146380637e-10
2.173416689e-10
2.200975512e-10
2.229059864e-10
2.257680601e-10
2.286844564e-10
2.316560638e-10
2.346837733e-10
2.377684782e-10
2.409110738e-10
2.441122553e-10
2.473735307e-10
2.506951937e-10
2.540787569e-10
2.575251265e-10
2.610352107e-10
2.646099195e-10
2.682507739e-10
2.71958485e-10
2.757345773e-10
2.795797656e-10
2.834955782e-10
2.874829362e-10
2.915433714e-10
2.956778082e-10
2.998877816e-10
3.04174625e-10
3.085394708e-10
3.129838583e-10
3.175091254e-10
3.221168143e-10
3.268080631e-10
3.315846192e-10
3.36447826e-10
3.413994335e-10
3.464407876e-10
3.515736404e-10
3.567995427e-10
3.621202488e-10
3.675375141e-10
3.730528925e-10
3.786681415e-10
3.843852214e-10
3.902058914e-10
3.961321138e-10
4.021656494e-10
4.083084622e-10
4.145627185e-10
4.20930182e-10
4.274132222e-10
4.340136042e-10
4.407336989e-10
4.475756762e-10
4.54541505e-10
4.616337594e-10
4.688546112e-10
4.762064338e-10
4.836918029e-10
4.913126904e-10
