0.0005243812493
0.0003162838922
0.0002415939973
0.0002016303079
0.0001761413846
0.0001581853254
0.0001447011656
0.0001341147484
0.0001255272191
0.0001183847551
0.000112325787
0.0001025420321
9.492361924e-05
8.877700044e-05
8.368363339e-05
7.745432916e-05
7.243358426e-05
6.827583258e-05
6.370266874e-05
5.909815111e-05
5.536576168e-05
5.17005513e-05
4.822417879e-05
4.536609076e-05
4.234293743e-05
3.960301033e-05
3.692558521e-05
3.456084525e-05
3.232600228e-05
3.025187029e-05
2.83482476e-05
2.646319615e-05
2.478792953e-05
2.319363416e-05
2.170713384e-05
2.03052419e-05
1.897852111e-05
1.776924338e-05
1.661706715e-05
1.554256746e-05
1.454151421e-05
1.361068513e-05
1.273883243e-05
1.192045322e-05
1.115298248e-05
1.043509095e-05
9.765718309e-06
9.137536164e-06
8.552143269e-06
8.005452175e-06
7.491788742e-06
7.012738887e-06
6.565135781e-06
6.145366513e-06
5.753228703e-06
5.387096387e-06
5.044417966e-06
4.724303205e-06
4.425446533e-06
4.1456506e-06
3.884744229e-06
3.640948002e-06
3.413342504e-06
3.201019354e-06
3.003043826e-06
2.818478885e-06
2.646757093e-06
2.486980733e-06
2.338603645e-06
2.201000261e-06
2.073680249e-06
1.956116616e-06
1.847962979e-06
1.748860665e-06
1.658534328e-06
1.576743745e-06
1.50333535e-06
1.438207037e-06
1.381284554e-06
1.332558029e-06
1.292053157e-06
1.259810863e-06
1.23588934e-06
1.22034253e-06
1.213214466e-06
1.214526923e-06
1.22427566e-06
1.242431235e-06
1.268946699e-06
1.303763197e-06
1.346827599e-06
1.398100434e-06
