0.05040739223
0.06173612224
0.0732396326
0.08288672592
0.08822271919
0.09008067243
0.08949069
0.08775502871
0.08559833708
0.08332895442
0.08108336036
0.07891833425
0.07685652069
0.07490410009
0.07306014225
0.07132004012
0.0696775557
0.06812739685
0.06666432138
0.06528282185
0.0639772347
0.06274256329
0.0615740364
0.06046656535
0.0594147381
0.05841371902
0.05745982589
0.05655034905
0.05568288994
0.0548550313
0.05406327097
0.05330384751
0.05257342968
0.05186975223
0.05119146126
0.05053727835
0.04990573173
0.04929524917
0.04870441293
0.04813186642
0.04757624587
0.04703623568
0.04651085343
0.0460005157
0.0455057856
0.0450269805
0.04456360635
0.04411495789
0.04368036763
0.04325913142
0.04285055533
0.04245401029
0.04206885221
0.04169415264
0.04132901859
0.04097265736
0.04062442682
0.04028374134
0.03995009966
0.0396235728
0.03930463732
0.03899370953
0.03869086767
0.03839594295
0.03810876598
0.037829145
0.03755637042
0.0372897572
0.03702867431
0.03677261759
0.03627384405
0.03603110933
0.03579356958
0.03556178441
0.03533565979
0.03511462269
0.03489813855
0.03447749013
0.03427283963
0.03407175407
0.03368132868
0.03349248529
0.03330750743
0.03294723391
0.032771052
0.03259683384
0.03225271942
0.03208299601
0.03174946964
0.0315859769
0.03126600503
0.0311094328
0.03080227311
0.0306514639
0.03035506825
0.03020941127
0.02992368996
0.02964579355
0.02950954821
0.02924198829
0.02898098112
0.02872695824
0.02848050727
0.02835977521
0.02812202637
0.027888384
0.02765843123
0.02743226471
0.02721023942
0.0269929766
0.02678113157
0.0265753004
0.02637545841
0.02618153726
0.0259018821
0.025722593
0.02554806693
0.02537705864
0.02512452103
0.02495869347
0.02471553211
0.02455815443
0.02440437522
0.02417997608
0.02396290755
0.02382192869
0.0236145954
0.02347944439
0.02328108747
0.02308808052
0.02290214243
0.0227228638
0.02254814544
0.02243422815
0.02226542556
0.0220988277
0.021880638
0.02172049847
0.02156374608
0.0214109887
0.02126200038
0.02106760508
0.02092387301
0.02073545642
0.0205973643
0.02041906138
0.02028945072
0.02012024668
0.01995695034
0.01983866529
0.01968644722
0.01953953229
0.01939748623
0.01925878775
0.01912256764
0.01898757685
0.01882097326
0.01869000332
0.01856039854
0.01840159554
0.01827735797
0.01812484225
0.0180063089
0.01786203113
0.01772097357
0.01758201652
0.0174450139
0.01731132566
0.0171815965
0.0170540945
0.01692826586
0.01680426953
0.01665803129
0.01653909699
0.01639747071
0.01628089323
0.01614399438
0.01601062927
0.01588043639
0.01575411673
0.01563038323
0.01551034778
0.01537342148
0.01525969257
0.01512990947
0.01502131107
0.01489852702
0.01478172961
0.01467091044
0.01456465273
0.01446036239
0.01435879524
0.01424560278
0.01414738588
0.0140365922
0.01392777055
0.01382220444
0.01372010233
0.01362080818
0.01352303985
0.0134283976
0.01332370016
0.01323333805
0.01313464538
0.01303789896
0.01294471586
0.01285205184
0.01274956355
0.01265942044
0.01256163474
0.01246597278
0.01237256622
0.01228040223
0.01218908316
0.01210052382
0.01200699283
0.01191755288
0.01183097027
0.01174853579
0.0116703097
0.01159338062
0.01151134039
0.0114308772
0.01135212901
0.01127460235
0.01119182189
0.01111756699
0.01103895206
0.01096109081
0.0108847256
0.01081042455
0.01073255611
0.01065626001
0.01058055492
0.01050584108
0.01042560774
0.01035163853
0.01027523243
0.01020223461
0.01012608576
0.01005613189
0.009981381155
0.009906423636
0.009828898202
0.009758538165
0.009685470829
0.009610791801
0.009541296642
0.009470026699
0.009398755722
0.009330186133
0.009261406543
0.009195040638
0.009130051174
0.009068231484
0.009005455942
0.008944324366
0.008884934097
0.008826501131
0.008767493845
0.008705462278
0.00864746601
0.008587211189
0.008524251725
0.008462648586
0.008403034722
0.008345475592
0.008285611496
0.008228730926
0.00817266748
0.00811983173
0.008067432749
0.008014323807
0.007962660696
0.007908739197
0.007855231749
0.00780232727
0.007747597627
0.007693639177
0.00763936981
0.007586297478
0.007530871616
0.007475752823
0.007419359922
0.007363839031
0.00730772073
0.007253934425
0.007202553688
0.00715123467
0.007099451101
0.007047117192
0.006994683459
0.006943408344
0.006892926946
0.006842990208
0.006790958958
0.006737547177
0.006686709553
0.006635688197
0.006584651234
0.006532958697
0.006482086524
0.006428029858
0.006374574063
0.00632171521
0.006269182802
0.006214954559
0.006161261448
0.006107644586
0.006053311051
0.00599859681
0.005942463826
0.005888223819
0.005833880429
0.00577654611
0.005720576618
0.005664516796
0.005608504383
0.005552976121
0.005498611058
0.00544606196
0.005396127922
0.005347703258
0.005297212657
0.005248130659
0.005199169389
0.005149982106
0.005103337889
0.005056379649
0.005009400133
0.004961642829
0.004914192411
0.004867181108
0.004823257774
0.004781683435
0.004742395379
0.004704754958
0.004666274073
0.004628015612
0.00459112128
0.004554904092
0.004518216663
0.004481005551
0.004443654403
0.00440765519
0.004372796638
0.004341698219
0.004311774793
0.004283452415
0.004256534047
0.004232193462
0.004209311106
0.004187376119
0.004165977022
0.004144925517
0.004122513419
0.004101240409
0.004078782977
0.004057660834
0.004037255677
0.004017041285
0.003995131718
0.003974504009
0.003952838912
0.00393057981
0.00390639454
0.003881701303
0.003856173091
0.003829850312
0.003804015159
0.003780970337
0.003757080032
0.003732814204
0.003708989168
0.003686156608
0.003665507222
0.003647448491
0.003627834112
0.003604405846
0.003581004307
0.003557836244
0.003534432798
0.003510116576
0.003487179232
0.003465052475
0.003443211933
0.003419865353
0.003396048586
0.003371606789
0.003347153214
0.003321022878
0.003292617698
0.003262426834
0.003229292604
0.003192869641
0.003156343726
0.003120730628
0.00308609802
0.003052612138
0.003020139432
0.002987857353
0.002954083968
0.002922249201
0.002889926011
0.002857873886
0.002826276885
0.002794294822
0.002762037565
0.00273313353
0.00270544221
0.002678362181
0.002653988252
0.002630577864
0.002607049425
0.0025802888
0.002554306814
0.002528931894
0.002502570165
0.002476645561
0.002452831958
0.002427428998
0.002400221759
0.002375016845
0.002349352893
0.002321816353
0.002293746722
0.002266698858
0.002241765516
0.002217039836
0.002193921602
0.002173320621
0.002154377813
0.002135584602
0.002117418375
0.002101719728
0.002085373033
0.002070062687
0.002056983087
0.002044675627
0.002032100651
0.002017976426
0.002002861959
0.001987869364
0.001973349874
0.00195699634
0.001941331746
0.001924771409
0.001911090056
0.001899272325
0.001887122877
0.00187481475
0.001862649127
0.001849582405
0.001835708593
0.001821883948
0.001806024872
0.00179135948
0.001778177031
0.001766684982
0.001755514993
0.001742998992
0.001732915037
0.001723751038
0.001714685581
0.001704653615
0.001693154115
0.001681162021
0.001669994699
0.001660533499
0.001651736881
0.001642717557
0.001629164525
0.001614511141
0.001597829923
0.001580759849
0.001560182696
0.001541084059
0.001520165442
0.001498473496
0.001477381755
0.001457730306
0.001437494077
0.001414671104
0.001393161113
0.001372999103
0.001352797157
0.00133316021
0.001315539279
0.001299230189
0.001284433451
0.001272177039
0.001256877832
0.00124112909
0.001228379053
0.001214576103
0.001204956043
0.001196070943
0.001188104916
0.001180876882
0.001175841745
0.001167927843
0.001159658935
0.001151913478
0.001144087411
0.001138365578
0.001131042777
0.001121328961
0.001108423571
0.001094143237
0.001080241463
0.001066103893
0.00105383821
0.001042562107
0.001031691971
0.001020230899
0.001009751102
0.001000577
0.0009908779915
0.0009824402079
0.0009746353743
0.0009645613719
0.0009560970639
0.0009488446972
0.0009448622338
0.0009434823213
0.0009414766115
0.0009384870399
0.0009350087765
0.0009296098485
0.0009220375206
0.0009141207857
0.0009037346055
0.0008908360418
0.0008769853093
0.0008659449977
0.0008579761874
0.0008512548908
0.0008426994612
0.0008349504236
0.0008291873715
0.0008268474737
0.0008248029961
0.0008240995496
0.0008211649054
0.0008182006981
0.0008157071483
0.0008136736942
0.0008132826374
0.0008122492926
0.0008106734909
0.0008077069534
0.0008030953768
0.0008003647092
0.0007987992462
0.0007992850765
0.0007989639369
0.0007958371664
0.0007918334381
0.0007865207236
0.0007834867213
0.0007801361343
0.0007797604347
0.0007803537513
0.0007801322895
0.0007790372638
0.0007782214123
0.0007763913611
0.0007754570134
0.0007704533776
0.0007649537833
0.0007598007487
0.0007547421291
0.0007483941387
0.0007388309851
0.0007269662363
0.000717109636
0.0007087738245
0.0007015882341
0.0006947180301
0.0006853123307
0.0006742170975
0.0006624784649
0.0006532088909
0.000646212338
0.0006359635624
0.0006235663461
0.000608869204
0.0005996253074
0.0005937426912
0.0005881395823
0.0005831559914
0.0005840097345
0.0005806675392
0.0005765904995
0.000572519023
0.0005722998207
0.0005733656841
