0.00200099327
0.00400198654
0.00600297981
0.00800397308
0.01000496635
0.01200595962
0.01400695289
0.01600794616
0.01800893943
0.0200099327
0.02201092597
0.02401191924
0.02601291251
0.02801390578
0.03001489905
0.03201589232
0.03401688559
0.03601787886
0.03801887213
0.0400198654
0.04202085867
0.04402185194
0.04602284521
0.04802383848
0.05002483175
0.05202582502
0.05402681829
0.05602781156
0.05802880483
0.0600297981
0.06203079137
0.06403178464
0.06603277791
0.06803377118
0.07003476445
0.07203575772
0.07403675099
0.07603774426
0.07803873753
0.0800397308
0.08204072407
0.08404171734
0.08604271061
0.08804370388
0.09004469715
0.09204569042
0.09404668369
0.09604767696
0.09804867023
0.1000496635
0.1020506568
0.10405165
0.1060526433
0.1080536366
0.1100546298
0.1120556231
0.1140566164
0.1160576097
0.1180586029
0.1200595962
0.1220605895
0.1240615827
0.126062576
0.1280635693
0.1300645625
0.1320655558
0.1340665491
0.1380685356
0.1400695289
0.1420705222
0.1440715154
0.1460725087
0.148073502
0.1520754885
0.1540764818
0.1560774751
0.1580784683
0.1620804549
0.1640814481
0.1660824414
0.1700844279
0.1720854212
0.1760874078
0.178088401
0.1820903876
0.1840913808
0.1880933674
0.1900943606
0.1940963472
0.1960973405
0.200099327
0.2041013135
0.2061023068
0.2101042933
0.2141062799
0.2161072732
0.2201092597
0.2241112462
0.2281132328
0.2321152193
0.2361172059
0.2401191924
0.2441211789
0.2481231655
0.252125152
0.2561271386
0.2601291251
0.2641311116
0.2681330982
0.2721350847
0.2781380645
0.2821400511
0.2861420376
0.2921450174
0.296147004
0.3021499838
0.3061519703
0.3121549501
0.3161569367
0.3221599165
0.326161903
0.3321648828
0.3381678626
0.3441708424
0.3501738222
0.3541758088
0.3601787886
0.3661817684
0.3721847482
0.378187728
0.3861917011
0.3921946809
0.3981976607
0.4042006405
0.4122046136
0.4182075934
0.4262115665
0.4322145463
0.4402185194
0.4462214992
0.4542254723
0.4622294454
0.4702334184
0.4782373915
0.4842403713
0.4922443444
0.5022493108
0.5102532838
0.5182572569
0.52626123
0.5362661964
0.5442701694
0.5542751358
0.5622791089
0.5722840752
0.5822890416
0.5902930146
0.600297981
0.6103029473
0.6203079137
0.63031288
0.6423188397
0.652323806
0.6623287724
0.674334732
0.6863406916
0.696345658
0.7083516176
0.7203575772
0.7323635368
0.7443694964
0.7563754561
0.7683814157
0.7823883686
0.7943943282
0.8084012811
0.822408234
0.8344141936
0.8484211465
0.8624280994
0.8764350523
0.8924429984
0.9064499513
0.9224578975
0.9364648504
0.9524727965
0.9684807427
0.9844886888
1.000496635
1.018505574
1.034513521
1.05252246
1.068530406
1.086539346
1.104548285
1.122557224
1.142567157
1.160576097
1.180586029
1.200595962
1.220605895
1.240615827
1.26062576
1.280635693
1.302646619
1.324657545
1.346668471
1.368679397
1.390690323
1.414702242
1.438714161
1.46272608
1.486738
1.510749919
1.536762831
1.560774751
1.586787663
1.612800576
1.640814481
1.666827394
1.6948413
1.722855205
1.752870105
1.78088401
1.810898909
1.840913808
1.870928707
1.9029446
1.934960492
1.966976384
1.998992277
2.033009162
2.067026048
2.101042933
2.135059819
2.171077698
2.207095577
2.243113456
2.281132328
2.3191512
2.357170072
2.397189937
2.43520881
2.477229668
2.517249534
2.559270392
2.601291251
2.645313103
2.689334955
2.733356807
2.779379652
2.825402497
2.873426336
2.919449181
2.969474013
3.017497851
3.067522683
3.119548508
3.171574333
3.223600158
3.277626976
3.331653795
3.387681606
3.443709418
3.499737229
3.557766034
3.617795832
3.67782563
3.739856422
3.801887213
3.863918004
3.927949789
3.993982567
4.060015345
4.128049116
4.196082887
4.266117652
4.336152416
4.408188174
4.482224925
4.556261676
4.63229942
4.708337164
4.788376895
4.866415633
4.948456357
5.030497081
5.114538798
5.198580515
5.284623226
5.37266693
5.462711627
5.552756324
5.644802015
5.738848698
5.834896375
5.930944052
6.028992723
6.129042386
6.231093043
6.335144693
6.441197336
6.547249979
6.657304609
6.767359239
6.879414862
6.993471479
7.109529088
7.227587691
7.347647287
7.469707877
7.59376946
7.721833029
7.849896598
7.979961161
8.112026717
8.246093266
8.384161801
8.52423133
8.664300859
8.808372375
8.954444883
9.104519378
9.254593874
9.408670356
9.564747831
9.724827292
9.886907747
10.0509892
10.21707164
10.38715606
10.55924149
10.73532889
10.91341729
11.09550768
11.27959906
11.46769243
11.65778679
11.85188314
12.04798048
12.24807981
12.45218112
12.65828343
12.86838772
13.082494
13.30060227
13.52071153
13.74682376
13.974937
14.20705222
14.44316942
14.68328862
14.92740979
15.17553296
15.42765811
15.68378525
15.94391438
16.21004648
16.47817958
16.75231566
17.03045372
17.31459477
17.6007368
17.89488281
18.19102982
18.4931798
18.80133276
19.11348772
19.43164564
19.75380556
20.08196846
20.41613433
20.75630319
21.10047403
21.45064785
21.80682466
22.17100543
22.53918819
22.91337393
23.29356266
23.68175535
24.07395003
24.47414869
24.88035032
25.29455593
25.71476451
26.14297707
26.57719261
27.01941212
27.46763462
27.92386108
28.38809152
28.86032593
29.34056432
29.82680568
30.32305201
30.82730232
31.33955659
31.85981484
32.39007806
32.92834525
33.47461641
34.03089254
34.59717364
35.17145871
35.75574874
36.35004374
36.95434371
37.56864864
38.19295854
38.82727341
39.47359424
40.12992003
40.79625079
41.47458751
42.16292919
42.86327684
43.57563044
44.29999
45.03635553
45.78472701
46.54710545
47.31948885
48.1058792
48.90627651
49.71867978
50.54509
51.38550717
52.23793031
53.10636139
53.98879942
54.8872454
55.79969833
56.72615821
57.66862604
58.62710182
59.60158554
60.59207721
61.59857682
62.62308538
63.66360188
64.72212732
65.7966607
66.89120402
68.00175529
69.13231649
70.28088662
71.44946669
72.63805669
73.84465564
75.07126451
76.31988431
77.58851404
78.87715371
80.1878043
81.52046582
82.87513826
84.25182163
85.65251692
87.07722413
88.52394226
89.99467232
91.48941429
93.01016918
94.55693697
96.12771669
97.72651031
99.34931586
101.0001353
102.6789687
104.3858159
106.1206771
107.8835522
109.6764421
111.499347
113.3522668
115.2372024
117.152153
119.0991194
121.0781018
123.091101
125.1361161
127.2171491
129.330198
131.4792648
133.6643494
135.885452
138.1445734
140.4397127
142.7748718
145.1480498
147.5592467
150.0124645
152.5057021
155.0389596
157.6162389
160.2355391
162.8988611
165.606205
168.3575708
171.1569603
174.0003718
176.8918071
179.8332672
182.8207501
185.8602589
188.9477915
192.0893509
195.2809352
198.5265463
201.8261842
205.1798489
208.5895414
212.0572628
215.5810119
219.1627899
222.8065986
226.5084362
230.2723045
234.1002046
237.9901356
241.9460993
245.9680957
250.054124
254.210187
258.4362848
262.7304164
267.0965837
271.5367877
276.0490276
280.6373051
285.2996194
290.0419735
294.8623663
299.7627988
304.745272
309.809786
314.9583417
320.1929401
325.5135812
330.924267
336.4229965
342.0137717
347.6985936
353.4774621
359.3523784
365.3233423
371.3963569
377.5674201
383.842535
390.2217016
396.7069207
403.3001936
410.003521
416.8169031
423.7443418
430.7858371
437.945391
445.2250046
452.6246777
460.1464114
467.7942077
475.5680665
483.4719899
491.5059779
499.6760334
507.9801555
516.4223461
525.0046062
533.7289369
542.5993401
551.6178167
560.7843669
570.1049935
579.5796967
589.2124783
599.0053393
608.9602809
619.0793038
629.3684112
639.829604
650.4628823
661.2722479
672.261703
683.4352494
694.7928872
706.3406193
718.0804469
730.0143707
742.1463929
754.4805154
767.0187393
779.7670674
792.7254998
805.9000395
819.2946884
832.9094467
846.7523181
860.8253038
875.1324056
889.6756247
904.460964
919.4924254
934.774011
950.3097228
966.1035627
982.1595327
998.4836358
1015.077873
1031.946246
1049.09676
