0.009127059833
0.007516656212
0.005114967543
0.004109611956
0.003775109907
0.003542653085
0.003134336518
0.002869731926
0.002736003534
0.002612502653
0.002447925333
0.002246238578
0.002079658169
0.001950376025
0.00183660655
0.001701918876
0.001590105131
0.001495024524
0.001390613683
0.001283116546
0.001197273474
0.001114472451
0.001036743404
0.0009742914148
0.0009081512665
0.0008483695825
0.0007909355704
0.000739300636
0.0006906161142
0.0006479346124
0.0006091464839
0.0005687829194
0.0005340412638
0.0005050287236
0.0004789899224
0.0004549290386
0.0004307788326
0.0004061519914
0.0003788995417
0.000347878966
0.0003199246054
0.0002940872753
0.0002722856592
0.000252540258
0.0002356579664
0.0002190615087
0.0002049409157
0.0001909848842
0.0001791994777
0.0001700330813
0.0001608806694
0.0001531535773
0.0001445755285
0.0001350601799
0.0001259816651
0.0001187428822
0.0001106289806
0.0001019854146
9.438905867e-05
8.563115864e-05
7.817190964e-05
7.248477181e-05
6.742335406e-05
6.228875473e-05
5.88728576e-05
5.585091675e-05
5.316201512e-05
5.103233798e-05
4.993582267e-05
4.769557848e-05
4.47896115e-05
4.183457411e-05
3.857893493e-05
3.430382097e-05
3.05393912e-05
2.805322055e-05
2.602105674e-05
2.384856235e-05
2.119615066e-05
1.935263291e-05
1.681089321e-05
1.399629022e-05
1.29877131e-05
1.290564566e-05
1.181087152e-05
1.083660233e-05
1.034693658e-05
7.867131635e-06
6.036028381e-06
4.849110285e-06
4.485134581e-06
4.298683315e-06
