stamp 1509348857 612367000
estimate
  -0.157964    0.987443 -0.00199329    -4.24422
  -0.985681    -0.15756    0.060064     67.6564
  0.0589957   0.0114527    0.998193     1.60247
          0           0           0           1
odom
  -0.157587    0.987416   0.0132673    -4.22742
  -0.986946   -0.157935   0.0315216     67.6496
  0.0332203 -0.00812673    0.999415    0.959603
          0           0           0           1
accum_distance 76.6249
floor_coeffs  0.0591782 0.00997064   0.998198    1.59727
id 38
