0.0000 0.0000 0.0000 0.0000 0.0000 0.0000 0.0000 1.0000
1.0000 0.1965 -0.0000 0.0114 0.0001 -0.0001 -0.0001 1.0000
2.0000 0.0254 -0.0003 0.0040 -0.0000 -0.0001 -0.0001 1.0000
3.0000 -0.6271 -0.0114 -0.0308 0.0001 0.0003 0.0001 1.0000
4.0000 -1.0424 -0.0126 -0.0286 -0.0000 0.0002 0.0003 1.0000
5.0000 -1.4346 -0.0213 -0.0231 -0.0001 0.0002 0.0003 1.0000
6.0000 -1.3945 -0.0281 -0.0128 -0.0001 0.0002 0.0002 1.0000
7.0000 -1.5454 -0.0312 -0.0263 0.0000 0.0002 0.0002 1.0000
8.0000 -1.4519 -0.0278 -0.0187 -0.0001 0.0001 0.0003 1.0000
9.0000 -1.3081 -0.0204 -0.0181 0.0002 0.0002 0.0002 1.0000
10.0000 -1.3827 -0.0340 -0.0063 -0.0000 0.0000 0.0002 1.0000
11.0000 -1.1632 -0.0266 -0.0074 -0.0000 0.0000 0.0003 1.0000
12.0000 -1.1643 -0.0288 -0.0073 -0.0001 0.0001 0.0003 1.0000
13.0000 -1.2774 -0.0212 -0.0220 0.0002 0.0002 0.0002 1.0000
14.0000 -1.3258 -0.0125 -0.0227 0.0002 0.0002 0.0003 1.0000
15.0000 -1.4120 -0.0363 -0.0190 -0.0000 0.0002 0.0002 1.0000
16.0000 -1.2790 -0.0195 -0.0180 0.0002 0.0002 0.0004 1.0000
17.0000 -1.0083 -0.0208 -0.0151 -0.0001 0.0001 0.0003 1.0000
18.0000 -0.6108 -0.0182 -0.0249 0.0001 0.0002 0.0002 1.0000
19.0000 -0.1061 0.0109 -0.0121 -0.0000 0.0001 0.0003 1.0000
20.0000 -0.0134 -0.0053 -0.0010 -0.0001 0.0000 0.0001 1.0000
21.0000 0.0214 0.0020 -0.0011 0.0000 0.0001 0.0002 1.0000
22.0000 -0.5047 -0.0029 -0.0144 0.0001 0.0002 0.0003 1.0000
23.0000 -0.9400 -0.0352 -0.0143 -0.0001 0.0002 0.0002 1.0000
24.0000 -1.3082 -0.0180 -0.0212 0.0001 0.0004 0.0004 1.0000
25.0000 -1.6468 -0.0369 -0.0282 -0.0002 0.0005 0.0004 1.0000
26.0000 -1.6958 -0.0407 -0.0211 -0.0000 0.0004 0.0003 1.0000
27.0000 -1.6436 -0.0500 -0.0189 0.0000 0.0004 0.0003 1.0000
28.0000 -1.6560 -0.0389 -0.0145 0.0000 0.0004 0.0004 1.0000
29.0000 -1.4442 -0.0197 -0.0231 0.0002 0.0005 0.0005 1.0000
30.0000 -1.0759 -0.0256 -0.0128 -0.0001 0.0004 0.0003 1.0000
31.0000 -0.7079 -0.0088 -0.0307 0.0000 0.0006 0.0004 1.0000
32.0000 -0.3359 0.0304 -0.0238 -0.0000 0.0006 0.0006 1.0000
33.0000 -0.1298 0.0169 -0.0311 -0.0001 0.0006 0.0003 1.0000
34.0000 -0.1180 0.0139 -0.0226 -0.0001 0.0006 0.0002 1.0000
35.0000 -0.3862 0.0171 -0.0214 0.0000 0.0007 0.0003 1.0000
36.0000 -0.6902 -0.0072 -0.0334 0.0001 0.0008 0.0001 1.0000
37.0000 -0.9886 -0.0216 -0.0173 -0.0000 0.0006 0.0001 1.0000
38.0000 -1.3928 -0.0361 -0.0177 -0.0000 0.0006 0.0000 1.0000
39.0000 -1.4340 -0.0282 -0.0179 0.0001 0.0006 0.0001 1.0000
40.0000 -1.4478 -0.0298 -0.0170 0.0001 0.0006 0.0002 1.0000
41.0000 -1.2441 -0.0138 -0.0229 0.0002 0.0007 0.0002 1.0000
42.0000 -1.1658 -0.0165 -0.0232 0.0001 0.0007 0.0002 1.0000
43.0000 -0.9689 -0.0211 -0.0142 -0.0000 0.0006 0.0001 1.0000
44.0000 -0.6280 -0.0083 -0.0299 0.0000 0.0008 -0.0000 1.0000
45.0000 -0.2684 0.0254 -0.0181 0.0001 0.0007 0.0002 1.0000
46.0000 0.0134 0.0369 -0.0177 0.0002 0.0008 0.0002 1.0000
47.0000 0.2651 -0.0088 -0.0037 0.0001 0.0006 -0.0002 1.0000
48.0000 0.2928 0.0152 -0.0210 -0.0000 0.0008 -0.0001 1.0000
49.0000 0.1445 -0.0097 -0.0001 0.0000 0.0007 -0.0002 1.0000
50.0000 -0.1432 0.0124 -0.0255 -0.0000 0.0009 0.0001 1.0000
51.0000 -0.3799 0.0336 -0.0042 -0.0000 0.0007 0.0003 1.0000
52.0000 -0.4458 0.0219 -0.0128 -0.0001 0.0008 0.0001 1.0000
53.0000 -0.5101 0.0079 -0.0116 0.0001 0.0008 0.0001 1.0000
54.0000 -0.3849 0.0385 -0.0095 0.0000 0.0008 0.0003 1.0000
55.0000 -0.2562 0.0177 -0.0122 0.0001 0.0009 0.0001 1.0000
56.0000 -0.2725 0.0128 -0.0156 -0.0000 0.0010 -0.0000 1.0000
57.0000 -0.2620 0.0151 -0.0068 0.0001 0.0009 -0.0000 1.0000
58.0000 -0.1056 0.0305 -0.0162 0.0002 0.0010 0.0000 1.0000
59.0000 -0.1724 0.0028 -0.0267 -0.0001 0.0011 -0.0001 1.0000
60.0000 -0.3326 0.0345 -0.0100 0.0001 0.0010 0.0001 1.0000
61.0000 -0.6129 -0.0188 -0.0293 0.0001 0.0012 -0.0002 1.0000
62.0000 -0.8638 -0.0227 -0.0165 -0.0001 0.0011 -0.0002 1.0000
63.0000 -1.1309 -0.0292 -0.0155 -0.0001 0.0012 -0.0003 1.0000
64.0000 -1.4267 -0.0193 -0.0308 0.0002 0.0014 -0.0002 1.0000
65.0000 -1.7058 -0.0314 -0.0253 0.0000 0.0014 -0.0003 1.0000
66.0000 -1.5721 -0.0289 -0.0250 -0.0001 0.0014 -0.0004 1.0000
67.0000 -1.3592 -0.0287 -0.0189 0.0002 0.0014 -0.0005 1.0000
68.0000 -1.1973 -0.0094 -0.0198 -0.0002 0.0014 -0.0004 1.0000
69.0000 -0.9845 -0.0277 -0.0312 0.0001 0.0015 -0.0007 1.0000
70.0000 -0.5202 0.0008 -0.0227 0.0001 0.0015 -0.0006 1.0000
71.0000 0.0125 0.0144 -0.0144 0.0003 0.0014 -0.0007 1.0000
72.0000 0.3575 0.0007 -0.0077 0.0002 0.0013 -0.0009 1.0000
73.0000 0.3563 0.0062 -0.0178 -0.0000 0.0014 -0.0009 1.0000
74.0000 0.3480 0.0073 -0.0157 -0.0000 0.0014 -0.0009 1.0000
75.0000 0.1761 0.0266 -0.0211 0.0001 0.0014 -0.0007 1.0000
76.0000 -0.1364 0.0080 -0.0350 -0.0000 0.0016 -0.0008 1.0000
77.0000 -0.4752 -0.0054 -0.0133 0.0001 0.0014 -0.0008 1.0000
78.0000 -0.7201 -0.0186 -0.0370 -0.0000 0.0017 -0.0009 1.0000
79.0000 -0.9308 -0.0292 -0.0183 -0.0001 0.0015 -0.0009 1.0000
80.0000 -1.1257 -0.0152 -0.0230 -0.0001 0.0016 -0.0008 1.0000
81.0000 -1.2376 -0.0182 -0.0253 -0.0000 0.0017 -0.0008 1.0000
82.0000 -1.4727 -0.0225 -0.0173 -0.0001 0.0016 -0.0008 1.0000
83.0000 -1.6751 -0.0474 -0.0314 0.0000 0.0018 -0.0010 1.0000
84.0000 -1.7179 -0.0325 -0.0209 -0.0001 0.0017 -0.0009 1.0000
85.0000 -1.7397 -0.0304 -0.0235 0.0000 0.0017 -0.0009 1.0000
86.0000 -1.7080 -0.0475 -0.0239 0.0000 0.0018 -0.0011 1.0000
87.0000 -1.6281 -0.0383 -0.0253 -0.0002 0.0018 -0.0011 1.0000
88.0000 -1.3725 -0.0353 -0.0151 -0.0000 0.0017 -0.0012 1.0000
89.0000 -1.0471 -0.0207 -0.0080 -0.0001 0.0016 -0.0011 1.0000
90.0000 -0.7404 -0.0138 -0.0343 -0.0001 0.0018 -0.0013 1.0000
91.0000 -0.4381 -0.0137 0.0032 0.0000 0.0015 -0.0015 1.0000
92.0000 -0.2435 0.0041 -0.0261 -0.0000 0.0018 -0.0013 1.0000
93.0000 -0.1736 0.0114 -0.0430 0.0001 0.0020 -0.0014 1.0000
94.0000 -0.1031 0.0039 -0.0284 -0.0001 0.0019 -0.0015 1.0000
95.0000 -0.1708 -0.0001 -0.0320 0.0000 0.0020 -0.0015 1.0000
96.0000 -0.1834 -0.0034 -0.0371 0.0000 0.0020 -0.0015 1.0000
97.0000 -0.1327 0.0137 -0.0295 0.0002 0.0020 -0.0014 1.0000
98.0000 0.0688 -0.0009 -0.0004 -0.0000 0.0017 -0.0017 1.0000
99.0000 0.1286 -0.0008 -0.0059 -0.0000 0.0017 -0.0017 1.0000
100.0000 0.2395 0.0057 -0.0103 0.0001 0.0018 -0.0016 1.0000
101.0000 0.2939 0.0155 -0.0168 0.0002 0.0018 -0.0016 1.0000
102.0000 0.3261 -0.0005 -0.0180 -0.0001 0.0019 -0.0018 1.0000
103.0000 0.3339 0.0032 -0.0296 0.0002 0.0020 -0.0018 1.0000
104.0000 0.2611 0.0052 -0.0247 0.0000 0.0020 -0.0017 1.0000
105.0000 0.1815 0.0062 -0.0229 -0.0000 0.0020 -0.0017 1.0000
106.0000 -0.0756 -0.0028 -0.0248 -0.0001 0.0020 -0.0018 1.0000
107.0000 -0.2396 0.0145 -0.0203 0.0001 0.0020 -0.0015 1.0000
108.0000 -0.4656 0.0645 -0.0313 0.0001 0.0021 -0.0011 1.0000
109.0000 -0.7446 -0.0114 -0.0366 -0.0001 0.0022 -0.0014 1.0000
110.0000 -0.7425 -0.0075 -0.0350 -0.0000 0.0023 -0.0014 1.0000
111.0000 -0.6777 -0.0262 -0.0387 0.0001 0.0023 -0.0015 1.0000
112.0000 -0.4942 -0.0069 -0.0117 -0.0000 0.0021 -0.0016 1.0000
113.0000 -0.3160 -0.0005 -0.0140 0.0000 0.0021 -0.0016 1.0000
114.0000 -0.1049 0.0052 -0.0199 -0.0001 0.0022 -0.0016 1.0000
115.0000 -0.0306 0.0068 -0.0023 -0.0001 0.0020 -0.0016 1.0000
116.0000 0.0436 0.0191 -0.0079 0.0002 0.0022 -0.0015 1.0000
117.0000 -0.1170 0.0048 -0.0261 0.0000 0.0023 -0.0017 1.0000
118.0000 -0.1911 -0.0059 -0.0349 0.0001 0.0025 -0.0018 1.0000
119.0000 -0.1984 0.0045 -0.0295 -0.0000 0.0025 -0.0017 1.0000
120.0000 -0.1009 0.0028 -0.0069 -0.0001 0.0022 -0.0018 1.0000
121.0000 0.0291 0.0172 -0.0280 0.0002 0.0025 -0.0017 1.0000
122.0000 0.1986 0.0127 -0.0355 0.0002 0.0026 -0.0019 1.0000
123.0000 0.2942 0.0016 -0.0338 0.0000 0.0025 -0.0020 1.0000
124.0000 0.3669 -0.0011 -0.0268 0.0001 0.0025 -0.0020 1.0000
125.0000 0.2770 0.0008 -0.0247 0.0000 0.0025 -0.0019 1.0000
126.0000 0.1940 0.0052 -0.0325 0.0002 0.0026 -0.0018 1.0000
127.0000 0.0570 -0.0033 -0.0117 0.0000 0.0024 -0.0019 1.0000
128.0000 -0.0823 0.0052 -0.0108 0.0001 0.0025 -0.0018 1.0000
129.0000 -0.2120 0.0194 -0.0067 0.0001 0.0025 -0.0018 1.0000
130.0000 -0.1620 -0.0004 -0.0288 -0.0000 0.0027 -0.0020 1.0000
131.0000 -0.1100 -0.0047 -0.0036 -0.0001 0.0024 -0.0022 1.0000
132.0000 0.1114 0.0010 -0.0037 0.0000 0.0024 -0.0022 1.0000
133.0000 0.3369 -0.0034 -0.0100 0.0001 0.0025 -0.0023 1.0000
134.0000 0.4094 0.0058 -0.0219 0.0001 0.0026 -0.0023 1.0000
135.0000 0.3659 -0.0024 -0.0279 0.0001 0.0027 -0.0025 1.0000
136.0000 0.3255 0.0102 -0.0336 0.0002 0.0028 -0.0024 1.0000
137.0000 0.3326 0.0009 -0.0136 0.0001 0.0026 -0.0026 1.0000
138.0000 0.1293 -0.0029 -0.0069 0.0001 0.0026 -0.0026 1.0000
139.0000 -0.0541 0.0047 -0.0117 -0.0000 0.0026 -0.0025 1.0000
140.0000 -0.1530 -0.0020 -0.0327 -0.0001 0.0029 -0.0024 1.0000
141.0000 -0.0787 -0.0026 -0.0187 -0.0000 0.0027 -0.0024 1.0000
142.0000 -0.0714 0.0005 -0.0122 -0.0000 0.0027 -0.0024 1.0000
143.0000 -0.1176 0.0031 -0.0194 -0.0001 0.0028 -0.0024 1.0000
144.0000 -0.1363 0.0062 -0.0231 0.0003 0.0029 -0.0024 1.0000
145.0000 0.0218 0.0023 -0.0069 -0.0000 0.0027 -0.0026 1.0000
146.0000 0.1134 -0.0051 -0.0037 0.0001 0.0027 -0.0026 1.0000
147.0000 0.2060 0.0072 -0.0227 0.0004 0.0028 -0.0025 1.0000
148.0000 0.3146 -0.0008 -0.0241 0.0000 0.0029 -0.0026 1.0000
149.0000 0.3813 0.0201 -0.0342 0.0002 0.0029 -0.0025 1.0000
150.0000 0.2861 0.0153 -0.0198 0.0003 0.0028 -0.0025 1.0000
151.0000 0.1590 0.0029 -0.0108 0.0000 0.0027 -0.0027 1.0000
152.0000 0.0431 -0.0015 -0.0112 -0.0000 0.0027 -0.0028 1.0000
153.0000 -0.0291 0.0018 -0.0087 -0.0001 0.0027 -0.0028 1.0000
154.0000 -0.2521 0.0255 -0.0275 0.0001 0.0029 -0.0025 1.0000
155.0000 -0.4372 0.0092 -0.0145 -0.0000 0.0028 -0.0026 1.0000
156.0000 -0.5425 -0.0360 -0.0243 0.0001 0.0030 -0.0030 1.0000
157.0000 -0.6438 -0.0061 -0.0323 -0.0000 0.0031 -0.0028 1.0000
158.0000 -0.5638 -0.0138 -0.0270 0.0000 0.0031 -0.0028 1.0000
159.0000 -0.4653 0.0267 -0.0363 -0.0000 0.0032 -0.0025 1.0000
160.0000 -0.2545 0.0164 -0.0275 0.0001 0.0031 -0.0025 1.0000
161.0000 -0.0519 0.0031 -0.0195 0.0000 0.0030 -0.0027 1.0000
162.0000 0.0639 0.0001 -0.0133 0.0000 0.0030 -0.0028 1.0000
163.0000 0.0497 -0.0063 -0.0015 -0.0000 0.0029 -0.0029 1.0000
164.0000 -0.1143 0.0020 -0.0228 -0.0000 0.0031 -0.0029 1.0000
165.0000 -0.1243 0.0049 -0.0310 -0.0002 0.0032 -0.0028 1.0000
166.0000 -0.1282 0.0084 -0.0215 -0.0001 0.0031 -0.0027 1.0000
167.0000 -0.1317 0.0114 -0.0195 0.0003 0.0031 -0.0027 1.0000
168.0000 -0.0309 0.0054 -0.0134 0.0000 0.0030 -0.0028 1.0000
169.0000 -0.0274 0.0023 -0.0127 -0.0000 0.0030 -0.0029 1.0000
170.0000 -0.0899 0.0056 -0.0134 -0.0001 0.0030 -0.0029 1.0000
171.0000 -0.2340 0.0173 -0.0278 0.0001 0.0032 -0.0028 1.0000
172.0000 -0.4250 0.0188 -0.0186 0.0000 0.0031 -0.0027 1.0000
173.0000 -0.6930 -0.0290 -0.0309 0.0000 0.0032 -0.0030 1.0000
174.0000 -0.9289 -0.0493 -0.0185 -0.0001 0.0031 -0.0030 1.0000
175.0000 -1.3456 -0.0479 -0.0191 -0.0000 0.0031 -0.0030 1.0000
176.0000 -1.5008 -0.0291 -0.0186 -0.0001 0.0032 -0.0028 1.0000
177.0000 -1.7275 -0.0470 -0.0226 -0.0000 0.0033 -0.0029 1.0000
178.0000 -1.6825 -0.0490 -0.0222 0.0000 0.0033 -0.0030 1.0000
179.0000 -1.5647 -0.0403 -0.0222 -0.0001 0.0032 -0.0029 1.0000
180.0000 -1.4803 -0.0280 -0.0263 -0.0001 0.0033 -0.0028 1.0000
181.0000 -1.2811 -0.0383 -0.0265 -0.0001 0.0032 -0.0030 1.0000
182.0000 -0.9871 -0.0355 -0.0277 -0.0001 0.0032 -0.0030 1.0000
183.0000 -0.6905 -0.0406 -0.0254 -0.0003 0.0033 -0.0031 1.0000
184.0000 -0.4245 0.0222 -0.0235 0.0000 0.0032 -0.0028 1.0000
185.0000 -0.2192 0.0103 -0.0259 0.0001 0.0033 -0.0028 1.0000
186.0000 0.0037 0.0061 -0.0064 -0.0001 0.0031 -0.0029 1.0000
187.0000 0.2249 0.0141 -0.0125 0.0003 0.0031 -0.0026 1.0000
188.0000 0.2645 0.0156 -0.0161 0.0001 0.0032 -0.0025 1.0000
189.0000 0.1463 0.0106 -0.0144 0.0002 0.0029 -0.0025 1.0000
190.0000 0.1159 0.0173 -0.0161 0.0000 0.0031 -0.0025 1.0000
191.0000 0.0879 0.0189 -0.0138 0.0000 0.0032 -0.0025 1.0000
192.0000 0.1175 0.0095 0.0072 -0.0000 0.0030 -0.0027 1.0000
193.0000 0.1842 0.0118 -0.0033 -0.0000 0.0030 -0.0038 1.0000
194.0000 -0.0489 0.0109 0.0054 -0.0002 0.0031 -0.0052 1.0000
195.0000 -0.3160 0.0103 -0.0001 -0.0001 0.0030 -0.0072 1.0000
196.0000 -0.4435 0.0213 -0.0084 -0.0003 0.0031 -0.0098 0.9999
197.0000 -0.5502 0.0208 0.0086 -0.0007 0.0031 -0.0143 0.9999
198.0000 -0.7820 0.0066 -0.0004 -0.0010 0.0032 -0.0186 0.9998
199.0000 -1.0131 0.0331 -0.0076 -0.0008 0.0032 -0.0234 0.9997
200.0000 -1.2588 0.0144 -0.0142 -0.0012 0.0032 -0.0296 0.9996
201.0000 -1.5054 -0.0461 -0.0004 -0.0015 0.0031 -0.0384 0.9993
202.0000 -1.7046 0.0104 0.0017 -0.0018 0.0030 -0.0445 0.9990
203.0000 -1.9083 -0.0006 -0.0012 -0.0023 0.0033 -0.0519 0.9986
204.0000 -2.1025 0.0013 0.0013 -0.0028 0.0032 -0.0598 0.9982
205.0000 -2.1562 -0.0201 0.0115 -0.0026 0.0031 -0.0690 0.9976
206.0000 -2.1675 -0.0018 0.0000 -0.0030 0.0032 -0.0793 0.9968
207.0000 -2.1510 -0.0139 -0.0098 -0.0034 0.0032 -0.0943 0.9955
208.0000 -2.0729 -0.0133 0.0440 -0.0031 0.0032 -0.1069 0.9943
209.0000 -1.9904 -0.0189 0.0498 -0.0029 0.0032 -0.1196 0.9928
210.0000 -2.0568 -0.0238 0.0620 -0.0027 0.0031 -0.1373 0.9905
211.0000 -2.1091 -0.0118 0.0635 -0.0026 0.0031 -0.1515 0.9884
212.0000 -2.1606 -0.0097 0.0739 -0.0027 0.0030 -0.1656 0.9862
213.0000 -2.1271 -0.0245 0.0873 -0.0033 0.0028 -0.1800 0.9837
214.0000 -2.1015 -0.0130 0.0959 -0.0032 0.0033 -0.1936 0.9811
215.0000 -2.0560 -0.0072 0.0985 -0.0034 0.0033 -0.2113 0.9774
216.0000 -2.0227 -0.0123 0.0886 -0.0034 0.0032 -0.2245 0.9745
217.0000 -1.9907 -0.0050 0.1163 -0.0029 0.0031 -0.2370 0.9715
218.0000 -2.0713 0.0069 0.1127 -0.0031 0.0031 -0.2496 0.9684
219.0000 -2.2009 0.0061 0.1207 -0.0031 0.0037 -0.2619 0.9651
220.0000 -2.3829 0.0191 0.1451 -0.0026 0.0036 -0.2745 0.9616
221.0000 -2.4754 0.0178 0.1735 -0.0026 0.0033 -0.2875 0.9578
222.0000 -2.5509 0.0203 0.1806 -0.0024 0.0031 -0.3012 0.9535
223.0000 -2.5568 0.0218 0.1949 -0.0026 0.0028 -0.3186 0.9479
224.0000 -2.4308 0.0234 0.2069 -0.0027 0.0026 -0.3310 0.9436
225.0000 -2.3449 0.0272 0.2634 -0.0026 0.0028 -0.3435 0.9392
226.0000 -2.2641 0.0192 0.2603 -0.0026 0.0028 -0.3553 0.9347
227.0000 -2.3127 0.0172 0.2445 -0.0025 0.0029 -0.3671 0.9302
228.0000 -2.3860 0.0188 0.2282 -0.0026 0.0028 -0.3786 0.9256
229.0000 -2.3639 0.0186 0.2572 -0.0027 0.0024 -0.3927 0.9197
230.0000 -2.5276 0.0253 0.2803 -0.0024 0.0030 -0.4031 0.9151
231.0000 -2.6992 0.0274 0.2589 -0.0027 0.0030 -0.4130 0.9107
232.0000 -2.7074 0.0262 0.2696 -0.0028 0.0027 -0.4228 0.9062
233.0000 -2.9775 0.0236 0.2615 -0.0028 0.0028 -0.4322 0.9018
234.0000 -3.2109 0.0317 0.2750 -0.0022 0.0028 -0.4441 0.8960
235.0000 -3.4660 0.0359 0.2911 -0.0026 0.0029 -0.4529 0.8916
236.0000 -3.5938 0.0355 0.3036 -0.0024 0.0028 -0.4640 0.8858
237.0000 -3.7757 1.3606 0.3515 -0.0018 0.0024 -0.4723 0.8814
238.0000 -3.9446 2.7939 0.3714 -0.0015 0.0025 -0.4781 0.8783
239.0000 -4.2607 3.3903 0.4291 -0.0015 0.0019 -0.4801 0.8772
240.0000 -4.6076 4.2483 0.4239 -0.0023 0.0020 -0.4810 0.8767
241.0000 -4.4364 4.2688 0.4249 -0.0022 0.0019 -0.4904 0.8715
242.0000 -4.4037 4.2661 0.3980 -0.0024 0.0021 -0.4976 0.8674
243.0000 -4.4161 4.2791 0.3988 -0.0021 0.0022 -0.5051 0.8631
244.0000 -4.2075 4.2889 0.4139 -0.0022 0.0019 -0.5145 0.8575
245.0000 -4.1871 4.2810 0.4381 -0.0022 0.0021 -0.5216 0.8532
246.0000 -4.2507 4.2798 0.4430 -0.0022 0.0021 -0.5283 0.8491
247.0000 -4.4239 4.2671 0.4483 -0.0018 0.0024 -0.5349 0.8449
248.0000 -4.5665 4.2631 0.4233 -0.0026 0.0019 -0.5413 0.8408
249.0000 -4.7200 4.2505 0.4228 -0.0028 0.0018 -0.5477 0.8367
250.0000 -4.8659 4.2392 0.4331 -0.0023 0.0019 -0.5562 0.8310
251.0000 -4.7931 4.2445 0.4676 -0.0023 0.0022 -0.5625 0.8268
252.0000 -4.7574 4.2431 0.4722 -0.0024 0.0020 -0.5688 0.8225
253.0000 -4.7761 4.2526 0.4600 -0.0021 0.0025 -0.5750 0.8181
254.0000 -4.8612 4.2455 0.4515 -0.0023 0.0023 -0.5833 0.8123
255.0000 -5.0103 4.2334 0.4588 -0.0025 0.0021 -0.5894 0.8078
256.0000 -5.0230 4.2345 0.4612 -0.0024 0.0021 -0.5955 0.8033
257.0000 -5.0342 4.2339 0.4998 -0.0025 0.0022 -0.6017 0.7987
258.0000 -5.0424 4.2329 0.5024 -0.0026 0.0021 -0.6099 0.7925
259.0000 -5.1425 4.2330 0.4722 -0.0024 0.0027 -0.6157 0.7880
260.0000 -5.1855 4.2313 0.4921 -0.0026 0.0022 -0.6240 0.7814
261.0000 -5.2424 4.2277 0.4875 -0.0024 0.0024 -0.6301 0.7765
262.0000 -5.2995 4.2217 0.5217 -0.0025 0.0026 -0.6385 0.7696
263.0000 -5.4153 4.2175 0.5374 -0.0023 0.0026 -0.6449 0.7643
264.0000 -5.3247 4.2243 0.5167 -0.0024 0.0026 -0.6510 0.7591
265.0000 -5.3800 4.2191 0.5098 -0.0027 0.0023 -0.6572 0.7537
266.0000 -5.4762 4.2148 0.5114 -0.0022 0.0027 -0.6635 0.7482
267.0000 -5.5863 4.2119 0.5241 -0.0024 0.0024 -0.6699 0.7425
268.0000 -5.6877 4.2058 0.5577 -0.0023 0.0029 -0.6761 0.7368
269.0000 -5.7472 4.1986 0.5698 -0.0026 0.0023 -0.6845 0.7290
270.0000 -5.8466 4.1942 0.5471 -0.0030 0.0021 -0.6908 0.7231
271.0000 -5.8809 4.1921 0.5402 -0.0027 0.0024 -0.6970 0.7171
272.0000 -5.9017 4.1862 0.5532 -0.0025 0.0024 -0.7034 0.7107
273.0000 -5.9938 4.1850 0.5789 0.0024 -0.0027 0.7097 -0.7045
274.0000 -6.0692 4.1779 0.5963 0.0026 -0.0025 0.7163 -0.6978
275.0000 -6.0607 4.1786 0.5943 0.0028 -0.0024 0.7250 -0.6887
276.0000 -6.0629 4.1806 0.5792 0.0027 -0.0026 0.7323 -0.6810
277.0000 -6.0381 4.1799 0.5796 0.0029 -0.0021 0.7399 -0.6727
278.0000 -6.0619 4.1820 0.5903 0.0026 -0.0026 0.7492 -0.6624
279.0000 -6.0921 4.1795 0.6246 0.0027 -0.0028 0.7561 -0.6544
280.0000 -6.1267 4.1732 0.6351 0.0025 -0.0029 0.7627 -0.6468
281.0000 -6.4009 4.1550 0.6229 0.0026 -0.0028 0.7690 -0.6392
282.0000 -6.6077 4.1433 0.6079 0.0027 -0.0029 0.7753 -0.6316
283.0000 -6.6571 4.1432 0.6200 0.0027 -0.0027 0.7833 -0.6216
284.0000 -6.7633 4.1342 0.6277 0.0025 -0.0028 0.7891 -0.6142
285.0000 -6.8855 4.1324 0.6687 0.0030 -0.0026 0.7945 -0.6072
286.0000 -7.0149 4.1205 0.6702 0.0031 -0.0024 0.8017 -0.5977
287.0000 -7.0152 4.1191 0.6539 0.0033 -0.0024 0.8074 -0.5900
288.0000 -7.0106 4.1204 0.6447 0.0031 -0.0028 0.8136 -0.5814
289.0000 -7.0670 4.1146 0.6511 0.0033 -0.0024 0.8203 -0.5719
290.0000 -7.1149 4.1123 0.6593 0.0030 -0.0027 0.8271 -0.5621
291.0000 -7.1559 4.1100 0.6932 0.0035 -0.0021 0.8338 -0.5521
292.0000 -7.1944 4.1070 0.7097 0.0033 -0.0025 0.8400 -0.5426
293.0000 -7.2625 4.1044 0.6783 0.0035 -0.0026 0.8481 -0.5298
294.0000 -7.2149 4.1077 0.6873 0.0036 -0.0023 0.8536 -0.5209
295.0000 -7.1345 4.1134 0.6908 0.0035 -0.0025 0.8590 -0.5119
296.0000 -7.2414 4.1042 0.7035 0.0026 -0.0035 0.8661 -0.4999
297.0000 -7.3083 4.0973 0.7324 0.0033 -0.0029 0.8729 -0.4879
298.0000 -7.4133 4.0860 0.7408 0.0030 -0.0031 0.8781 -0.4784
299.0000 -7.5773 4.0747 0.7185 0.0034 -0.0030 0.8838 -0.4678
300.0000 -7.6995 4.0646 0.7293 0.0031 -0.0035 0.8894 -0.4570
301.0000 -7.8332 4.0627 0.7423 0.0029 -0.0039 0.8953 -0.4453
302.0000 -7.9882 4.0502 0.7646 0.0032 -0.0035 0.9026 -0.4304
303.0000 -8.0943 4.0451 0.7932 0.0027 -0.0041 0.9079 -0.4192
304.0000 -8.1071 4.0474 0.7889 0.0031 -0.0030 0.9128 -0.4084
305.0000 -8.1217 4.0452 0.7793 0.0035 -0.0028 0.9175 -0.3977
306.0000 -8.1469 4.0455 0.7830 0.0029 -0.0036 0.9219 -0.3873
307.0000 -8.3574 4.0312 0.7928 0.0030 -0.0031 0.9261 -0.3772
308.0000 -8.4860 4.0197 0.7970 0.0032 -0.0024 0.9313 -0.3643
309.0000 -8.4497 4.0232 0.8382 0.0035 -0.0028 0.9348 -0.3551
310.0000 -8.5613 4.0132 0.8335 0.0031 -0.0036 0.9383 -0.3459
311.0000 -8.8078 3.9961 0.8229 0.0035 -0.0025 0.9426 -0.3338
312.0000 -8.8722 3.9882 0.8191 0.0036 -0.0025 0.9457 -0.3252
313.0000 -8.8384 3.9935 0.8294 0.0034 -0.0027 0.9485 -0.3167
314.0000 -8.8319 3.9897 0.8245 0.0034 -0.0023 0.9512 -0.3087
315.0000 -8.9362 3.9862 0.8572 0.0036 -0.0021 0.9546 -0.2980
316.0000 -9.0182 3.9781 0.8677 0.0037 -0.0020 0.9570 -0.2902
317.0000 -9.1074 3.9695 0.8384 0.0042 -0.0010 0.9593 -0.2825
318.0000 -9.2481 3.9629 0.8517 0.0042 -0.0016 0.9615 -0.2747
319.0000 -9.4359 3.9461 0.8473 0.0042 -0.0006 0.9644 -0.2644
320.0000 -9.5755 3.9411 0.8560 0.0041 -0.0012 0.9666 -0.2564
321.0000 -9.5314 3.9369 0.8836 0.0044 -0.0011 0.9686 -0.2485
322.0000 -9.4933 3.9450 0.8881 0.0044 -0.0007 0.9707 -0.2402
323.0000 -9.4888 3.9414 0.8705 0.0048 -0.0006 0.9727 -0.2322
324.0000 -9.7179 3.9281 0.8897 0.0048 -0.0011 0.9745 -0.2241
325.0000 -9.7951 3.9259 0.8963 0.0049 -0.0000 0.9769 -0.2135
326.0000 -9.8873 3.9162 0.9103 0.0049 -0.0004 0.9786 -0.2059
327.0000 -10.1202 3.8994 0.9200 0.0047 -0.0008 0.9802 -0.1982
328.0000 -10.2185 3.8904 0.9257 0.0048 -0.0010 0.9816 -0.1907
329.0000 -10.3031 3.8846 0.9111 0.0051 -0.0008 0.9830 -0.1833
330.0000 -10.3050 3.8826 0.9193 0.0048 -0.0009 0.9849 -0.1731
331.0000 -10.3563 3.8830 0.9296 0.0049 -0.0005 0.9862 -0.1657
332.0000 -10.5461 3.8658 0.9592 0.0052 -0.0005 0.9873 -0.1588
333.0000 -10.5974 3.8695 0.9598 0.0050 -0.0009 0.9884 -0.1517
334.0000 -10.6401 3.8699 0.9447 0.0054 -0.0007 0.9894 -0.1450
335.0000 -10.6602 3.8634 0.9536 0.0052 -0.0006 0.9906 -0.1366
336.0000 -10.6671 3.8644 0.9606 0.0052 -0.0008 0.9914 -0.1310
337.0000 -10.6697 3.8692 0.9597 0.0051 -0.0011 0.9921 -0.1256
338.0000 -10.6440 3.8696 0.9919 0.0054 -0.0007 0.9927 -0.1204
339.0000 -10.6845 3.8638 0.9960 0.0052 -0.0010 0.9935 -0.1139
340.0000 -10.7861 3.8579 0.9840 0.0057 -0.0013 0.9940 -0.1093
341.0000 -10.8126 3.8596 0.9847 0.0057 -0.0010 0.9945 -0.1049
342.0000 -10.8363 3.8562 1.0029 0.0057 -0.0012 0.9951 -0.0987
343.0000 -10.9993 3.8489 1.0072 0.0057 -0.0014 0.9956 -0.0933
344.0000 -11.1652 3.8378 1.0298 0.0058 -0.0016 0.9961 -0.0876
345.0000 -11.0725 3.8422 1.0209 0.0057 -0.0017 0.9967 -0.0814
346.0000 -11.0012 3.8501 1.0090 0.0059 -0.0019 0.9971 -0.0755
347.0000 -11.0890 3.8428 1.0193 0.0058 -0.0023 0.9977 -0.0680
348.0000 -11.1885 3.8400 1.0345 0.0060 -0.0021 0.9980 -0.0628
349.0000 -11.2927 3.8365 1.0348 0.0059 -0.0023 0.9983 -0.0576
350.0000 -11.2884 3.8351 1.0545 0.0060 -0.0027 0.9986 -0.0529
351.0000 -11.2910 3.8366 1.0640 0.0061 -0.0030 0.9989 -0.0467
352.0000 -11.2953 3.8352 1.0555 0.0061 -0.0028 0.9991 -0.0418
353.0000 -11.4132 3.8260 1.0511 0.0060 -0.0026 0.9993 -0.0361
354.0000 -11.4997 3.8259 1.0556 0.0061 -0.0030 0.9995 -0.0297
355.0000 -11.5889 3.8138 1.0750 0.0062 -0.0027 0.9997 -0.0229
356.0000 -11.6572 3.8144 1.0756 0.0063 -0.0030 0.9999 -0.0136
357.0000 -11.7290 3.8120 1.0782 0.0064 -0.0029 1.0000 -0.0046
358.0000 -11.6600 3.8153 1.0735 0.0066 -0.0030 1.0000 0.0025
359.0000 -11.5864 3.8202 1.0784 0.0067 -0.0032 0.9999 0.0090
360.0000 -11.5099 3.8283 1.0767 0.0066 -0.0034 0.9999 0.0154
361.0000 -11.5048 3.8268 1.0602 0.0065 -0.0030 0.9997 0.0236
362.0000 -11.5159 3.8296 1.0706 0.0068 -0.0037 0.9995 0.0293
363.0000 -11.4974 3.8288 1.0793 0.0068 -0.0039 0.9993 0.0357
364.0000 -11.4806 3.8282 1.0698 0.0069 -0.0034 0.9991 0.0420
365.0000 -11.3499 3.8384 1.0706 0.0074 -0.0041 0.9987 0.0508
366.0000 -11.1451 3.8485 1.0532 0.0076 -0.0034 0.9983 0.0574
367.0000 -10.9550 3.8612 1.0235 0.0073 -0.0038 0.9980 0.0633
368.0000 -10.8900 3.8599 1.0143 0.0074 -0.0034 0.9976 0.0689
369.0000 -10.9202 3.8584 1.0301 0.0070 -0.0035 0.9971 0.0752
370.0000 -10.9671 3.8566 1.0358 0.0073 -0.0037 0.9968 0.0800
371.0000 -10.9029 3.8632 1.0238 0.0074 -0.0039 0.9963 0.0855
372.0000 -10.8236 3.8637 1.0208 0.0077 -0.0038 0.9957 0.0918
373.0000 -10.7006 3.8735 0.9750 0.0077 -0.0036 0.9948 0.1015
374.0000 -10.5249 3.8836 0.9973 0.0074 -0.0037 0.9941 0.1079
375.0000 -10.3651 3.8910 0.9788 0.0073 -0.0039 0.9934 0.1142
376.0000 -10.3673 3.8908 0.9873 0.0074 -0.0041 0.9928 0.1198
377.0000 -10.3415 3.8913 0.9857 0.0075 -0.0037 0.9921 0.1253
378.0000 -10.2698 3.8990 0.9582 0.0076 -0.0037 0.9913 0.1312
379.0000 -10.1664 3.9004 0.9327 0.0076 -0.0036 0.9902 0.1392
380.0000 -10.0763 3.9100 0.9725 0.0074 -0.0039 0.9893 0.1460
381.0000 -9.9984 3.9138 0.9532 0.0074 -0.0036 0.9882 0.1526
382.0000 -9.9189 3.9202 0.9472 0.0075 -0.0035 0.9872 0.1591
383.0000 -9.8224 3.9265 0.9442 0.0077 -0.0035 0.9857 0.1681
384.0000 -9.7690 3.9248 0.9196 0.0077 -0.0036 0.9846 0.1746
385.0000 -9.7048 3.9297 0.9148 0.0077 -0.0034 0.9834 0.1814
386.0000 -9.6506 3.9337 0.9396 0.0075 -0.0032 0.9821 0.1883
387.0000 -9.5882 3.9344 0.9272 0.0077 -0.0035 0.9806 0.1958
388.0000 -9.5118 3.9389 0.9170 0.0078 -0.0034 0.9784 0.2064
389.0000 -9.3814 3.9500 0.9108 0.0080 -0.0033 0.9767 0.2144
390.0000 -9.3246 3.9525 0.8861 0.0076 -0.0028 0.9750 0.2223
391.0000 -9.2601 3.9585 0.8869 0.0078 -0.0033 0.9732 0.2297
392.0000 -9.1576 3.9642 0.8903 0.0075 -0.0029 0.9710 0.2389
393.0000 -9.1740 3.9671 0.9019 0.0077 -0.0028 0.9694 0.2455
394.0000 -9.2458 3.9530 0.8856 0.0074 -0.0021 0.9675 0.2526
395.0000 -9.2654 3.9568 0.8826 0.0076 -0.0023 0.9652 0.2615
396.0000 -9.1225 3.9651 0.8461 0.0073 -0.0023 0.9634 0.2678
397.0000 -8.9141 3.9773 0.8475 0.0073 -0.0020 0.9617 0.2741
398.0000 -8.7984 3.9881 0.8640 0.0072 -0.0021 0.9599 0.2802
399.0000 -8.6376 3.9973 0.8632 0.0073 -0.0021 0.9560 0.2932
400.0000 -8.5664 4.0009 0.8507 0.0075 -0.0023 0.9534 0.3015
401.0000 -8.4894 4.0083 0.8230 0.0075 -0.0018 0.9502 0.3114
402.0000 -8.3932 4.0189 0.8222 0.0074 -0.0020 0.9479 0.3185
403.0000 -8.2890 4.0225 0.8395 0.0072 -0.0021 0.9456 0.3253
404.0000 -8.1810 4.0279 0.8235 0.0072 -0.0017 0.9426 0.3338
405.0000 -8.1583 4.0293 0.8122 0.0072 -0.0013 0.9405 0.3398
406.0000 -8.1249 4.0271 0.8023 0.0074 -0.0018 0.9382 0.3461
407.0000 -8.1039 4.0313 0.7853 0.0072 -0.0011 0.9359 0.3521
408.0000 -8.0920 4.0334 0.8040 0.0068 -0.0009 0.9335 0.3585
409.0000 -8.0525 4.0325 0.7936 0.0070 -0.0012 0.9308 0.3653
410.0000 -8.0576 4.0276 0.8035 0.0071 -0.0015 0.9281 0.3722
411.0000 -8.0544 4.0296 0.7765 0.0072 -0.0011 0.9252 0.3794
412.0000 -8.0085 4.0313 0.7565 0.0068 -0.0009 0.9222 0.3866
413.0000 -7.8957 4.0388 0.7383 0.0074 -0.0019 0.9182 0.3961
414.0000 -7.7623 4.0512 0.7502 0.0065 -0.0008 0.9151 0.4031
415.0000 -7.6273 4.0612 0.7635 0.0069 -0.0016 0.9122 0.4097
416.0000 -7.4705 4.0684 0.7420 0.0071 -0.0009 0.9093 0.4162
417.0000 -7.2700 4.0865 0.7192 0.0068 -0.0007 0.9065 0.4222
418.0000 -7.1422 4.1037 0.6913 0.0065 -0.0005 0.9036 0.4282
419.0000 -7.0593 4.1114 0.7109 0.0067 -0.0009 0.8999 0.4361
420.0000 -7.0261 4.1127 0.7080 0.0065 -0.0010 0.8972 0.4415
421.0000 -6.9883 4.1121 0.7080 0.0070 -0.0009 0.8944 0.4473
422.0000 -6.9592 4.1090 0.6952 0.0066 -0.0003 0.8915 0.4530
423.0000 -6.8686 4.1161 0.6785 0.0059 0.0001 0.8871 0.4615
424.0000 -6.7710 4.1296 0.6683 0.0070 -0.0014 0.8836 0.4681
425.0000 -6.6848 4.1358 0.6755 0.0064 -0.0005 0.8800 0.4749
426.0000 -6.6231 4.1363 0.6794 0.0059 0.0002 0.8763 0.4816
427.0000 -6.5597 4.1377 0.6729 0.0061 -0.0002 0.8716 0.4902
428.0000 -6.5085 4.1462 0.6722 0.0065 -0.0012 0.8683 0.4961
429.0000 -6.4661 4.1539 0.6398 0.0065 -0.0012 0.8650 0.5017
430.0000 -6.4580 4.1404 0.6201 0.0057 0.0005 0.8619 0.5071
431.0000 -6.4711 4.1395 0.6398 0.0056 -0.0004 0.8588 0.5123
432.0000 -6.3285 4.1588 0.6382 0.0061 -0.0006 0.8549 0.5188
433.0000 -6.1955 4.1680 0.6365 0.0059 -0.0006 0.8520 0.5235
434.0000 -6.0605 4.1813 0.6435 0.0073 -0.0024 0.8490 0.5284
435.0000 -6.0274 4.1813 0.6127 0.0066 -0.0014 0.8456 0.5338
436.0000 -6.0923 4.1722 0.6052 0.0053 -0.0003 0.8417 0.5399
437.0000 -6.1058 4.1780 0.6116 0.0052 -0.0000 0.8361 0.5486
438.0000 -6.1268 4.1750 0.6186 0.0063 -0.0013 0.8319 0.5549
439.0000 -6.0698 4.1649 0.6014 0.0055 -0.0000 0.8279 0.5608
440.0000 -5.9396 4.1816 0.5728 0.0057 -0.0006 0.8241 0.5664
441.0000 -5.7979 4.1903 0.5542 0.0061 -0.0010 0.8204 0.5718
442.0000 -5.5767 4.2076 0.5689 0.0055 0.0002 0.8154 0.5789
443.0000 -5.4298 4.2116 0.5836 0.0048 0.0003 0.8111 0.5849
444.0000 -5.2753 4.2269 0.5774 0.0059 -0.0006 0.8064 0.5913
445.0000 -5.2570 4.2306 0.5718 0.0063 -0.0011 0.8016 0.5978
446.0000 -5.2174 4.2282 0.5469 0.0055 0.0004 0.7955 0.6060
447.0000 -5.1890 4.2320 0.5388 0.0060 -0.0003 0.7912 0.6116
448.0000 -5.1495 4.2340 0.5301 0.0053 0.0001 0.7870 0.6170
449.0000 -5.0992 4.2367 0.5398 0.0055 0.0002 0.7816 0.6238
450.0000 -5.0824 4.2382 0.5455 0.0060 -0.0003 0.7776 0.6287
451.0000 -5.0410 4.2385 0.5326 0.0061 -0.0002 0.7736 0.6337
452.0000 -5.0067 4.2392 0.5302 0.0065 -0.0003 0.7695 0.6386
453.0000 -4.9231 4.2497 0.5091 0.0064 0.0000 0.7648 0.6442
454.0000 -4.8259 4.2502 0.5208 0.0042 0.0013 0.7579 0.6524
455.0000 -4.7353 4.2539 0.5151 0.0049 0.0007 0.7523 0.6588
456.0000 -4.6411 4.2614 0.5122 0.0049 0.0010 0.7468 0.6651
457.0000 -4.5129 4.2741 0.5217 0.0064 -0.0002 0.7415 0.6709
458.0000 -4.4918 4.2763 0.4680 0.0066 -0.0003 0.7347 0.6783
459.0000 -4.5435 4.2647 0.4516 0.0048 0.0011 0.7300 0.6835
460.0000 -4.5258 4.2591 0.4644 0.0037 0.0022 0.7252 0.6885
461.0000 -4.4896 4.2651 0.4741 0.0047 0.0014 0.7188 0.6952
462.0000 -4.4851 4.2654 0.4714 0.0049 0.0015 0.7136 0.7006
463.0000 -4.4592 4.2588 0.4664 0.0035 0.0032 0.7076 0.7066
464.0000 -4.4175 4.2618 0.4610 0.0032 0.0031 0.7013 0.7129
465.0000 -4.3864 4.2662 0.4384 0.0049 0.0014 0.6921 0.7218
466.0000 -4.2662 4.2793 0.4635 0.0046 0.0013 0.6852 0.7283
467.0000 -4.1363 4.2852 0.4517 0.0045 0.0016 0.6784 0.7346
468.0000 -4.0614 4.2861 0.4607 0.0045 0.0017 0.6717 0.7408
469.0000 -3.8739 4.2941 0.4579 0.0041 0.0024 0.6654 0.7465
470.0000 -3.6999 4.3059 0.4598 0.0037 0.0031 0.6591 0.7520
471.0000 -3.6342 4.3142 0.4408 0.0038 0.0029 0.6509 0.7592
472.0000 -3.6286 4.3116 0.4221 0.0033 0.0026 0.6445 0.7646
473.0000 -3.5902 4.3036 0.4354 0.0028 0.0028 0.6375 0.7704
474.0000 -3.5559 4.3149 0.4469 0.0027 0.0028 0.6301 0.7765
475.0000 -3.5538 4.3090 0.4270 0.0016 0.0031 0.6189 0.7855
476.0000 -3.4251 4.3115 0.4380 0.0007 0.0041 0.6104 0.7921
477.0000 -3.2330 4.3222 0.4187 0.0031 0.0025 0.6018 0.7987
478.0000 -3.1126 4.3246 0.4571 0.0039 0.0018 0.5933 0.8050
479.0000 -2.9601 4.3311 0.4429 0.0023 0.0028 0.5825 0.8128
480.0000 -2.7589 4.3312 0.4453 0.0004 0.0043 0.5744 0.8186
481.0000 -2.6280 4.3402 0.4087 0.0027 0.0035 0.5665 0.8240
482.0000 -2.4851 4.3483 0.4232 0.0038 0.0029 0.5586 0.8294
483.0000 -2.3205 4.3519 0.3911 0.0021 0.0034 0.5473 0.8370
484.0000 -2.1910 4.3590 0.4667 0.0001 0.0034 0.5382 0.8428
485.0000 -2.1656 4.3556 0.4466 0.0023 0.0027 0.5285 0.8489
486.0000 -2.1335 4.3615 0.3961 0.0015 0.0042 0.5186 0.8550
487.0000 -2.2241 4.3558 0.3493 0.0012 0.0043 0.5082 0.8612
488.0000 -2.3099 4.3614 0.3672 0.0015 0.0040 0.4980 0.8672
489.0000 -2.1282 4.3549 0.3861 0.0008 0.0040 0.4873 0.8733
490.0000 -1.9665 4.3675 0.3846 0.0005 0.0039 0.4733 0.8809
491.0000 -1.7723 3.8747 0.4726 0.0002 0.0029 0.4567 0.8896
492.0000 -1.6128 3.8600 0.4384 -0.0002 0.0029 0.4466 0.8948
493.0000 -1.5483 4.3732 0.4101 0.0022 0.0025 0.4401 0.8979
494.0000 -1.5078 4.4046 0.3570 0.0010 0.0036 0.4310 0.9023
495.0000 -1.4639 4.3682 0.3462 0.0020 0.0035 0.4213 0.9069
496.0000 -1.5113 4.3779 0.3185 0.0020 0.0038 0.4123 0.9111
497.0000 -1.5331 4.3829 0.3212 0.0023 0.0039 0.4027 0.9153
498.0000 -1.4960 4.3891 0.2404 0.0034 0.0040 0.3891 0.9212
499.0000 -1.4389 4.3902 0.2120 0.0045 0.0041 0.3781 0.9257
500.0000 -1.3711 4.3820 0.1651 0.0045 0.0046 0.3664 0.9304
501.0000 -1.3097 4.3885 0.1190 0.0053 0.0051 0.3545 0.9350
502.0000 -1.3022 4.3804 0.1431 0.0024 0.0054 0.3379 0.9412
503.0000 -1.1331 3.2284 0.2213 0.0007 0.0045 0.3153 0.9490
504.0000 -1.1931 2.6067 0.2319 0.0014 0.0036 0.2981 0.9545
505.0000 -1.2249 2.6047 0.1629 0.0014 0.0041 0.2858 0.9583
506.0000 -1.4920 4.3796 0.1149 0.0048 0.0042 0.2850 0.9585
507.0000 -1.4834 4.3985 0.1297 0.0053 0.0041 0.2730 0.9620
508.0000 -1.3066 4.4159 0.1354 0.0050 0.0039 0.2618 0.9651
509.0000 -1.0994 4.4239 0.0840 0.0060 0.0043 0.2467 0.9691
510.0000 -0.7898 4.4165 0.0514 0.0061 0.0041 0.2352 0.9719
511.0000 -0.4796 4.4148 0.0576 0.0060 0.0038 0.2244 0.9745
512.0000 -0.3446 4.4053 0.0376 0.0070 0.0039 0.2132 0.9770
513.0000 -0.2029 4.4268 0.0696 0.0061 0.0035 0.1989 0.9800
514.0000 -0.0463 4.4084 0.0813 0.0058 0.0036 0.1876 0.9822
515.0000 -0.0175 4.4363 0.1013 0.0047 0.0031 0.1766 0.9843
516.0000 -0.0052 4.4396 0.0665 0.0049 0.0031 0.1652 0.9863
517.0000 0.0511 3.6687 0.0162 0.0039 0.0040 0.1525 0.9883
518.0000 0.0315 2.9150 0.0111 0.0039 0.0031 0.1401 0.9901
519.0000 0.1740 2.9475 0.0076 0.0038 0.0031 0.1295 0.9916
520.0000 0.3184 2.9858 -0.0073 0.0032 0.0029 0.1192 0.9929
521.0000 0.5560 3.0797 0.0268 0.0028 0.0026 0.1093 0.9940
522.0000 0.6272 3.1456 0.0125 0.0025 0.0026 0.0998 0.9950
523.0000 0.6858 3.2434 0.0209 0.0019 0.0025 0.0906 0.9959
524.0000 0.8077 3.1496 0.0374 0.0014 0.0022 0.0810 0.9967
525.0000 0.7190 3.2696 0.0387 0.0012 0.0021 0.0735 0.9973
526.0000 0.6542 3.1022 0.0295 0.0008 0.0020 0.0641 0.9979
527.0000 0.5958 3.1255 0.0315 0.0005 0.0020 0.0571 0.9984
528.0000 0.5561 3.1395 0.0293 0.0003 0.0018 0.0483 0.9988
529.0000 0.6369 3.0888 0.0284 0.0000 0.0018 0.0418 0.9991
530.0000 0.6221 3.2496 0.0357 -0.0001 0.0016 0.0374 0.9993
531.0000 0.6646 3.1892 0.0137 -0.0007 0.0018 0.0319 0.9995
532.0000 0.6632 3.1737 0.0310 -0.0007 0.0016 0.0258 0.9997
533.0000 0.6600 3.2131 0.0267 -0.0007 0.0017 0.0216 0.9998
534.0000 0.6640 3.2246 0.0316 -0.0010 0.0015 0.0179 0.9998
535.0000 0.6725 3.1734 0.0240 -0.0017 0.0015 0.0136 0.9999
536.0000 0.6868 3.1745 0.0242 -0.0015 0.0014 0.0126 0.9999
537.0000 0.7415 3.1858 0.0100 -0.0014 0.0016 0.0130 0.9999
538.0000 0.7851 3.2131 0.0164 -0.0016 0.0016 0.0145 0.9999
539.0000 0.7338 3.1871 0.0359 -0.0015 0.0015 0.0174 0.9998
540.0000 0.7507 3.1546 0.0299 -0.0014 0.0015 0.0202 0.9998
541.0000 0.6409 3.1877 0.0318 -0.0014 0.0014 0.0245 0.9997
542.0000 0.5418 3.2230 0.0376 -0.0010 0.0014 0.0293 0.9996
543.0000 0.4832 3.1680 0.0206 -0.0005 0.0018 0.0361 0.9993
544.0000 0.5243 3.1509 0.0537 -0.0002 0.0016 0.0422 0.9991
545.0000 0.5093 3.1824 0.0418 0.0000 0.0018 0.0489 0.9988
546.0000 0.3495 3.1720 0.0493 0.0004 0.0017 0.0568 0.9984
547.0000 0.2348 3.1571 0.0606 0.0007 0.0016 0.0675 0.9977
548.0000 0.1520 3.1381 0.0637 0.0010 0.0016 0.0756 0.9971
549.0000 0.0867 3.1594 0.0265 0.0012 0.0023 0.0838 0.9965
550.0000 -0.0583 3.1044 0.0721 0.0016 0.0020 0.0917 0.9958
551.0000 -0.1532 3.0934 0.0678 0.0016 0.0021 0.0997 0.9950
552.0000 -0.2457 3.0817 0.0658 0.0022 0.0021 0.1077 0.9942
553.0000 -0.2586 3.0822 0.0838 0.0028 0.0019 0.1189 0.9929
554.0000 -0.2477 3.0794 0.0521 0.0025 0.0023 0.1282 0.9917
555.0000 -0.2250 3.0979 0.0717 0.0035 0.0025 0.1379 0.9904
556.0000 -0.2629 3.0694 0.0892 0.0032 0.0024 0.1479 0.9890
557.0000 -0.3789 3.0876 0.1060 0.0035 0.0023 0.1583 0.9874
558.0000 -0.4974 3.0609 0.1070 0.0040 0.0022 0.1683 0.9857
559.0000 -0.3830 3.0693 0.1035 0.0035 0.0023 0.1806 0.9836
560.0000 -0.4094 3.0610 0.0751 0.0040 0.0030 0.1901 0.9817
561.0000 -0.4419 3.0787 0.0675 0.0044 0.0030 0.1996 0.9799
562.0000 -0.6378 3.0572 0.0890 0.0045 0.0029 0.2087 0.9780
563.0000 -0.8187 3.0365 0.0802 0.0047 0.0029 0.2181 0.9759
564.0000 -0.9072 2.7712 0.1012 0.0057 0.0027 0.2285 0.9735
565.0000 -0.9681 2.7465 0.1165 0.0050 0.0025 0.2375 0.9714
566.0000 -1.0780 2.7407 0.1208 0.0044 0.0031 0.2467 0.9691
567.0000 -1.1726 2.7125 0.1133 0.0047 0.0032 0.2557 0.9667
568.0000 -1.2596 2.7149 0.1396 0.0049 0.0029 0.2680 0.9634
569.0000 -1.4338 2.7058 0.1595 0.0051 0.0027 0.2772 0.9608
570.0000 -1.6458 2.6787 0.1602 0.0049 0.0026 0.2868 0.9580
571.0000 -1.8185 2.6600 0.1681 0.0052 0.0025 0.2993 0.9541
572.0000 -1.7679 2.6609 0.2090 0.0043 0.0028 0.3084 0.9512
573.0000 -1.7395 2.6574 0.2355 0.0037 0.0026 0.3174 0.9483
574.0000 -1.8219 2.6844 0.2494 0.0035 0.0025 0.3263 0.9452
575.0000 -1.9078 2.6791 0.2479 0.0036 0.0025 0.3349 0.9422
576.0000 -1.9153 2.6626 0.2611 0.0031 0.0022 0.3459 0.9383
577.0000 -1.9703 2.6652 0.2499 0.0029 0.0024 0.3540 0.9352
578.0000 -2.0040 2.6750 0.3060 0.0027 0.0022 0.3622 0.9321
579.0000 -2.0500 2.6697 0.3454 0.0021 0.0020 0.3702 0.9289
580.0000 -2.1628 2.6539 0.2979 0.0022 0.0023 0.3813 0.9244
581.0000 -2.2823 2.6521 0.3328 0.0031 0.0016 0.3894 0.9211
582.0000 -2.3512 2.6582 0.3645 0.0026 0.0016 0.3978 0.9175
583.0000 -2.3955 2.6465 0.3325 0.0013 0.0018 0.4059 0.9139
584.0000 -2.4211 2.6612 0.3632 0.0022 0.0018 0.4162 0.9093
585.0000 -2.4616 2.6619 0.3953 0.0026 0.0014 0.4240 0.9056
586.0000 -2.5649 2.6507 0.3882 0.0018 0.0016 0.4314 0.9022
587.0000 -2.5040 2.6715 0.3748 0.0024 0.0014 0.4412 0.8974
588.0000 -2.4637 2.6704 0.3912 0.0027 0.0010 0.4488 0.8936
589.0000 -2.6841 2.6487 0.3943 0.0028 0.0011 0.4512 0.8924
590.0000 -2.8432 2.5606 0.3843 0.0008 0.0026 0.4543 0.8908
591.0000 -2.8142 2.4419 0.3767 0.0022 0.0020 0.4538 0.8911
592.0000 -2.8582 2.0444 0.3775 0.0009 0.0025 0.4531 0.8914
593.0000 -2.8419 1.6432 0.3811 -0.0008 0.0036 0.4542 0.8909
594.0000 -2.9245 1.1584 0.3450 -0.0030 0.0050 0.4543 0.8908
595.0000 -3.0644 1.0534 0.3961 -0.0003 0.0042 0.4589 0.8885
596.0000 -3.2922 1.0624 0.4101 -0.0001 0.0038 0.4658 0.8849
597.0000 -3.0969 1.0505 0.3991 0.0004 0.0035 0.4729 0.8811
598.0000 -2.7667 1.0140 0.4072 0.0002 0.0035 0.4796 0.8775
599.0000 -2.4498 0.9941 0.4216 0.0006 0.0029 0.4864 0.8738
600.0000 -2.2209 0.9584 0.4507 0.0010 0.0029 0.4929 0.8701
601.0000 -2.1755 0.9456 0.4573 0.0011 0.0028 0.4992 0.8665
602.0000 -2.0564 0.9487 0.4602 0.0012 0.0026 0.5053 0.8629
603.0000 -1.8358 0.9162 0.4427 0.0016 0.0023 0.5114 0.8594
604.0000 -1.7888 0.9113 0.4649 0.0014 0.0022 0.5172 0.8559
605.0000 -1.9532 0.9353 0.4481 0.0014 0.0023 0.5230 0.8523
606.0000 -2.0286 0.9358 0.4869 0.0021 0.0018 0.5305 0.8477
607.0000 -2.0863 0.9260 0.4885 0.0017 0.0022 0.5358 0.8443
608.0000 -2.2711 0.9387 0.4890 0.0018 0.0021 0.5416 0.8406
609.0000 -2.5190 0.9494 0.4668 0.0014 0.0024 0.5477 0.8367
610.0000 -2.6411 0.9530 0.4729 0.0016 0.0020 0.5551 0.8318
611.0000 -2.7577 0.9453 0.5070 0.0019 0.0020 0.5633 0.8263
612.0000 -2.6578 0.9443 0.5201 0.0020 0.0019 0.5724 0.8200
613.0000 -2.5639 0.9473 0.4971 0.0019 0.0022 0.5851 0.8109
614.0000 -2.4496 0.7854 0.4841 0.0001 0.0033 0.5984 0.8012
615.0000 -2.2562 0.4100 0.4889 0.0014 0.0022 0.6092 0.7930
616.0000 -1.8636 0.3978 0.4904 0.0010 0.0023 0.6218 0.7832
617.0000 -2.0455 0.4021 0.5175 0.0017 0.0021 0.6306 0.7761
618.0000 -2.2049 0.3719 0.5399 0.0022 0.0014 0.6392 0.7690
619.0000 -2.3354 0.4033 0.5415 0.0014 0.0021 0.6501 0.7599
620.0000 -2.6267 0.4002 0.5308 0.0020 0.0019 0.6608 0.7506
621.0000 -2.7026 0.4042 0.5230 0.0018 0.0019 0.6687 0.7436
622.0000 -2.6546 0.4012 0.5359 0.0013 0.0021 0.6765 0.7364
623.0000 -2.4368 0.4088 0.5432 0.0013 0.0024 0.6841 0.7294
624.0000 -2.5600 0.4056 0.5615 0.0022 0.0017 0.6919 0.7220
625.0000 -2.6691 0.4050 0.5677 0.0017 0.0020 0.6999 0.7142
626.0000 -2.6022 0.4039 0.5548 0.0023 0.0018 0.7120 0.7022
627.0000 -2.7110 0.4208 0.5583 0.0018 0.0020 0.7213 0.6926
628.0000 -2.7943 0.4156 0.5596 0.0019 0.0018 0.7303 0.6832
629.0000 -2.8210 0.4100 0.5926 0.0021 0.0020 0.7389 0.6738
630.0000 -2.8344 0.4182 0.6087 0.0024 0.0015 0.7473 0.6645
631.0000 -2.8815 0.4260 0.5936 0.0027 0.0013 0.7557 0.6549
632.0000 -2.9660 0.4236 0.5910 0.0028 0.0011 0.7659 0.6429
633.0000 -2.9759 0.4138 0.6005 0.0028 0.0010 0.7737 0.6335
634.0000 -2.9959 0.4232 0.6117 0.0025 0.0011 0.7810 0.6245
635.0000 -3.1509 0.4265 0.6395 0.0033 0.0002 0.7881 0.6155
636.0000 -3.2071 0.4246 0.6405 0.0029 0.0008 0.7973 0.6036
637.0000 -3.2622 0.4221 0.6338 0.0034 0.0006 0.8038 0.5948
638.0000 -3.3274 0.4183 0.6476 0.0035 0.0003 0.8102 0.5862
639.0000 -3.3821 0.4164 0.6512 0.0033 0.0004 0.8165 0.5773
640.0000 -3.4766 0.4190 0.6793 0.0041 -0.0003 0.8230 0.5681
641.0000 -3.6198 0.4174 0.6997 0.0041 -0.0004 0.8295 0.5585
642.0000 -3.6542 0.4276 0.6904 0.0041 -0.0004 0.8361 0.5485
643.0000 -3.6548 0.4387 0.6861 0.0041 -0.0004 0.8454 0.5342
644.0000 -3.6593 0.4291 0.7016 0.0040 -0.0003 0.8522 0.5232
645.0000 -3.6303 0.4387 0.7068 0.0042 -0.0004 0.8585 0.5128
646.0000 -3.6589 0.4327 0.7333 0.0046 -0.0008 0.8647 0.5022
647.0000 -3.7212 0.4399 0.7498 0.0044 -0.0006 0.8705 0.4921
648.0000 -3.7758 0.4428 0.7271 0.0045 -0.0005 0.8780 0.4787
649.0000 -3.7384 0.4275 0.7253 0.0045 -0.0007 0.8834 0.4687
650.0000 -3.8597 0.4333 0.7441 0.0044 -0.0003 0.8886 0.4587
651.0000 -4.1209 0.4343 0.7488 0.0047 -0.0011 0.8953 0.4454
652.0000 -4.3373 0.4333 0.7894 0.0049 -0.0011 0.9002 0.4354
653.0000 -4.5596 0.4458 0.7956 0.0045 -0.0004 0.9052 0.4250
654.0000 -4.8159 0.4384 0.7638 0.0049 -0.0005 0.9100 0.4147
655.0000 -5.0266 0.4358 0.7726 0.0045 -0.0000 0.9148 0.4039
656.0000 -4.8942 0.4431 0.7859 0.0045 -0.0003 0.9212 0.3890
657.0000 -4.7468 0.4319 0.7982 0.0046 -0.0008 0.9257 0.3781
658.0000 -4.6443 0.4340 0.8213 0.0047 -0.0005 0.9302 0.3669
659.0000 -4.5314 0.4431 0.8371 0.0046 -0.0005 0.9343 0.3565
660.0000 -4.4758 0.4518 0.8049 0.0046 -0.0001 0.9395 0.3426
661.0000 -4.7007 0.4520 0.8163 0.0046 -0.0001 0.9432 0.3321
662.0000 -4.8211 0.4480 0.8150 0.0045 -0.0005 0.9467 0.3221
663.0000 -4.9702 0.4570 0.8384 0.0046 -0.0004 0.9500 0.3122
664.0000 -5.0243 0.4508 0.8492 0.0043 0.0001 0.9531 0.3027
665.0000 -5.0306 0.4641 0.8554 0.0045 0.0002 0.9570 0.2901
666.0000 -5.1984 0.4493 0.8418 0.0045 -0.0001 0.9597 0.2809
667.0000 -5.3225 0.4552 0.8459 0.0046 -0.0003 0.9623 0.2721
668.0000 -5.2615 0.4381 0.8462 0.0045 -0.0004 0.9647 0.2631
669.0000 -5.2211 0.4413 0.8616 0.0044 -0.0002 0.9670 0.2546
670.0000 -5.2986 0.4477 0.8685 0.0045 -0.0004 0.9701 0.2425
671.0000 -5.4278 0.4628 0.8500 0.0048 -0.0002 0.9726 0.2324
672.0000 -5.6330 0.4588 0.8565 0.0046 -0.0002 0.9750 0.2220
673.0000 -5.7297 0.4512 0.8558 0.0047 -0.0007 0.9773 0.2120
674.0000 -5.7849 0.4691 0.8638 0.0045 -0.0006 0.9800 0.1990
675.0000 -5.8810 0.4593 0.8840 0.0046 -0.0003 0.9819 0.1896
676.0000 -5.9625 0.4731 0.8888 0.0046 -0.0003 0.9836 0.1801
677.0000 -5.9629 0.4660 0.8653 0.0051 -0.0005 0.9852 0.1715
678.0000 -6.0778 0.4717 0.8673 0.0048 -0.0004 0.9871 0.1601
679.0000 -6.1872 0.4733 0.8839 0.0049 -0.0005 0.9884 0.1516
680.0000 -6.3000 0.4792 0.8926 0.0049 -0.0005 0.9896 0.1435
681.0000 -6.4159 0.4765 0.9109 0.0049 -0.0003 0.9908 0.1355
682.0000 -6.3781 0.4696 0.9114 0.0050 -0.0005 0.9918 0.1278
683.0000 -6.3346 0.4840 0.9045 0.0050 -0.0003 0.9931 0.1176
684.0000 -6.3751 0.4883 0.9073 0.0049 -0.0003 0.9942 0.1076
685.0000 -6.4497 0.4905 0.9279 0.0050 -0.0005 0.9953 0.0966
686.0000 -6.5534 0.4873 0.9388 0.0049 -0.0004 0.9961 0.0882
687.0000 -6.7131 0.4895 0.9382 0.0051 -0.0000 0.9970 0.0768
688.0000 -6.9344 0.4865 0.9461 0.0053 0.0003 0.9977 0.0683
689.0000 -7.1257 0.4826 0.9565 0.0053 0.0002 0.9984 0.0570
690.0000 -7.2995 0.4925 0.9519 0.0053 0.0007 0.9988 0.0486
691.0000 -7.4721 0.4913 0.9913 0.0056 -0.0004 0.9992 0.0404
692.0000 -7.6725 0.4903 0.9918 0.0054 -0.0013 0.9995 0.0325
693.0000 -7.7027 0.4721 0.9719 0.0056 -0.0003 0.9997 0.0250
694.0000 -7.6442 0.4798 0.9772 0.0056 -0.0006 0.9998 0.0178
695.0000 -7.5845 0.4851 0.9773 0.0056 -0.0003 0.9999 0.0109
696.0000 -7.5545 0.4897 0.9838 0.0055 -0.0008 1.0000 0.0046
697.0000 -7.6196 0.4868 0.9941 0.0057 -0.0004 1.0000 -0.0021
698.0000 -7.7117 0.4833 0.9967 0.0056 0.0002 0.9999 -0.0100
699.0000 -7.6910 0.4864 0.9887 0.0056 0.0000 0.9999 -0.0156
700.0000 -7.7180 0.4879 0.9942 0.0057 -0.0001 0.9998 -0.0208
701.0000 -7.7087 0.4802 1.0021 0.0056 -0.0000 0.9997 -0.0257
702.0000 -7.6520 0.4812 0.9966 0.0054 0.0002 0.9995 -0.0324
703.0000 -7.7157 0.4840 1.0014 0.0055 0.0003 0.9993 -0.0373
704.0000 -7.8232 0.4800 1.0203 0.0054 -0.0007 0.9991 -0.0421
705.0000 -7.8536 0.4868 1.0108 0.0057 0.0002 0.9989 -0.0469
706.0000 -7.8896 0.4840 1.0132 0.0055 0.0001 0.9986 -0.0527
707.0000 -7.8890 0.4885 1.0146 0.0055 0.0002 0.9982 -0.0593
708.0000 -7.9387 0.4801 1.0297 0.0054 0.0000 0.9979 -0.0652
709.0000 -8.0124 0.4828 1.0346 0.0055 0.0006 0.9975 -0.0702
710.0000 -8.1257 0.4819 1.0297 0.0056 -0.0001 0.9972 -0.0748
711.0000 -8.1222 0.4874 1.0137 0.0055 0.0004 0.9968 -0.0801
712.0000 -8.0734 0.4871 1.0336 0.0057 0.0009 0.9963 -0.0856
713.0000 -8.1037 0.4832 1.0426 0.0055 0.0003 0.9959 -0.0906
714.0000 -8.2019 0.4838 1.0538 0.0056 0.0002 0.9954 -0.0958
715.0000 -8.2887 0.4853 1.0465 0.0057 0.0005 0.9947 -0.1028
716.0000 -8.3633 0.4895 1.0527 0.0057 0.0003 0.9942 -0.1078
717.0000 -8.2836 0.4908 1.0527 0.0057 0.0005 0.9936 -0.1128
718.0000 -8.2930 0.4888 1.0486 0.0057 0.0010 0.9930 -0.1184
719.0000 -8.2491 0.4831 1.0397 0.0056 0.0004 0.9920 -0.1261
720.0000 -8.1699 0.4825 1.0281 0.0055 0.0006 0.9912 -0.1322
721.0000 -8.1021 0.4851 1.0288 0.0057 0.0008 0.9904 -0.1383
722.0000 -8.0374 0.4858 1.0496 0.0055 0.0009 0.9895 -0.1442
723.0000 -8.0834 0.4793 1.0369 0.0058 0.0012 0.9884 -0.1520
724.0000 -8.1218 0.4833 1.0314 0.0058 0.0010 0.9876 -0.1566
725.0000 -8.0670 0.4830 1.0003 0.0058 0.0010 0.9870 -0.1608
726.0000 -8.0089 0.4747 0.9801 0.0058 0.0017 0.9863 -0.1649
727.0000 -7.8761 0.4764 1.0042 0.0054 0.0009 0.9854 -0.1702
728.0000 -7.5583 0.4656 0.9867 0.0052 0.0016 0.9846 -0.1747
729.0000 -7.5201 0.4714 0.9867 0.0052 0.0008 0.9838 -0.1793
730.0000 -7.4348 0.4673 0.9751 0.0053 0.0011 0.9828 -0.1847
731.0000 -7.3315 0.4707 0.9468 0.0051 0.0012 0.9821 -0.1882
732.0000 -7.2973 0.4707 0.9410 0.0054 0.0006 0.9815 -0.1914
733.0000 -7.3292 0.4634 0.9574 0.0051 0.0010 0.9808 -0.1948
734.0000 -7.3511 0.4674 0.9450 0.0048 0.0005 0.9797 -0.2002
735.0000 -7.1689 0.4550 0.9434 0.0050 0.0011 0.9787 -0.2053
736.0000 -6.9891 0.4597 0.9334 0.0051 0.0012 0.9776 -0.2106
737.0000 -6.8469 0.4583 0.9171 0.0050 0.0008 0.9766 -0.2150
738.0000 -6.7109 0.4589 0.8965 0.0051 0.0004 0.9752 -0.2211
739.0000 -6.5774 0.4641 0.9036 0.0049 0.0003 0.9743 -0.2251
740.0000 -6.4610 0.4617 0.9083 0.0045 0.0002 0.9733 -0.2293
741.0000 -6.4240 0.4552 0.9001 0.0047 0.0009 0.9719 -0.2353
742.0000 -6.3672 0.4517 0.8995 0.0044 -0.0005 0.9704 -0.2414
743.0000 -6.3104 0.4467 0.8753 0.0045 -0.0001 0.9684 -0.2494
744.0000 -6.2563 0.4434 0.8538 0.0048 0.0005 0.9663 -0.2572
745.0000 -6.2310 0.4447 0.8672 0.0047 0.0007 0.9644 -0.2644
746.0000 -6.2380 0.4409 0.8779 0.0045 0.0015 0.9616 -0.2745
747.0000 -6.1692 0.4359 0.8689 0.0042 -0.0006 0.9596 -0.2814
748.0000 -6.0602 0.4434 0.8637 0.0044 -0.0004 0.9573 -0.2891
749.0000 -5.9567 0.4472 0.8427 0.0040 -0.0002 0.9549 -0.2968
750.0000 -6.0018 0.4499 0.8446 0.0041 -0.0007 0.9523 -0.3051
751.0000 -6.0716 0.4491 0.8537 0.0040 0.0004 0.9485 -0.3168
752.0000 -5.9488 0.4390 0.8622 0.0040 -0.0006 0.9455 -0.3255
753.0000 -5.7446 0.4428 0.8359 0.0036 -0.0019 0.9425 -0.3342
754.0000 -5.4728 0.4373 0.8412 0.0041 -0.0010 0.9396 -0.3422
755.0000 -5.2168 0.4447 0.8118 0.0041 -0.0003 0.9358 -0.3525
756.0000 -5.0857 0.4382 0.8136 0.0039 -0.0011 0.9331 -0.3596
757.0000 -4.9695 0.4506 0.8237 0.0034 -0.0015 0.9303 -0.3668
758.0000 -4.9813 0.4397 0.8173 0.0039 -0.0000 0.9263 -0.3768
759.0000 -4.9771 0.4397 0.8102 0.0039 -0.0004 0.9231 -0.3845
760.0000 -4.9742 0.4410 0.8120 0.0037 -0.0008 0.9199 -0.3920
761.0000 -4.9700 0.4294 0.7902 0.0033 -0.0009 0.9167 -0.3995
762.0000 -4.9283 0.4294 0.7778 0.0036 -0.0010 0.9136 -0.4065
763.0000 -4.8971 0.4287 0.7764 0.0039 -0.0007 0.9098 -0.4150
764.0000 -4.8460 0.4301 0.7910 0.0036 -0.0010 0.9069 -0.4214
765.0000 -4.8059 0.4289 0.7790 0.0036 -0.0013 0.9041 -0.4273
766.0000 -4.7604 0.4281 0.7806 0.0033 -0.0025 0.9002 -0.4355
767.0000 -4.7091 0.4211 0.7563 0.0032 -0.0030 0.8971 -0.4418
768.0000 -4.4397 0.4288 0.7290 0.0034 -0.0021 0.8939 -0.4483
769.0000 -4.2571 0.4245 0.7300 0.0039 -0.0012 0.8902 -0.4555
770.0000 -4.1487 0.4187 0.7314 0.0036 -0.0013 0.8853 -0.4651
771.0000 -4.0034 0.4253 0.7221 0.0037 -0.0012 0.8815 -0.4722
772.0000 -4.0233 0.4189 0.7153 0.0046 -0.0006 0.8778 -0.4790
773.0000 -3.9185 0.4187 0.7057 0.0038 -0.0017 0.8731 -0.4875
774.0000 -3.8155 0.4215 0.6936 0.0033 -0.0027 0.8697 -0.4935
775.0000 -3.8589 0.4230 0.6771 0.0037 -0.0024 0.8665 -0.4992
776.0000 -3.8225 0.4168 0.6910 0.0039 -0.0016 0.8632 -0.5049
777.0000 -3.6804 0.4201 0.6960 0.0035 -0.0022 0.8588 -0.5123
778.0000 -3.5229 0.4152 0.6862 0.0034 -0.0028 0.8554 -0.5180
779.0000 -3.3536 0.4205 0.6700 0.0039 -0.0020 0.8516 -0.5242
780.0000 -3.3126 0.4177 0.6534 0.0040 -0.0011 0.8474 -0.5309
781.0000 -3.1639 0.4209 0.6422 0.0042 -0.0013 0.8410 -0.5410
782.0000 -3.2040 0.4159 0.6594 0.0034 -0.0020 0.8357 -0.5492
783.0000 -3.2572 0.4152 0.6383 0.0050 -0.0001 0.8305 -0.5570
784.0000 -3.2585 0.4044 0.6321 0.0044 -0.0014 0.8252 -0.5648
785.0000 -3.4168 0.4108 0.6243 0.0046 -0.0011 0.8187 -0.5742
786.0000 -3.3248 0.4008 0.5851 0.0043 -0.0015 0.8138 -0.5811
787.0000 -3.2292 0.4142 0.5786 0.0042 -0.0018 0.8079 -0.5893
788.0000 -3.0729 0.4026 0.5844 0.0042 -0.0017 0.8037 -0.5950
789.0000 -2.9778 0.4033 0.5805 0.0042 -0.0019 0.7996 -0.6005
790.0000 -2.8923 0.3966 0.5760 0.0045 -0.0015 0.7957 -0.6057
791.0000 -2.7984 0.3947 0.5260 0.0048 -0.0009 0.7909 -0.6119
792.0000 -2.7873 0.4046 0.5374 0.0043 -0.0018 0.7872 -0.6167
793.0000 -2.6721 0.4050 0.5403 0.0045 -0.0014 0.7833 -0.6217
794.0000 -2.5788 0.4099 0.5513 0.0038 -0.0022 0.7772 -0.6293
795.0000 -2.4245 0.3939 0.5400 0.0041 -0.0020 0.7718 -0.6358
796.0000 -2.2191 0.3974 0.5238 0.0046 -0.0013 0.7660 -0.6428
797.0000 -2.0069 0.3927 0.5066 0.0047 -0.0009 0.7597 -0.6503
798.0000 -1.8886 0.3940 0.4942 0.0045 -0.0012 0.7510 -0.6603
799.0000 -1.7614 0.3984 0.5276 0.0036 -0.0018 0.7445 -0.6676
800.0000 -1.8194 0.4071 0.5073 0.0045 -0.0008 0.7382 -0.6746
801.0000 -1.7666 0.3941 0.4932 0.0042 -0.0013 0.7321 -0.6812
802.0000 -1.7139 0.3950 0.4953 0.0045 -0.0011 0.7260 -0.6876
803.0000 -1.8838 0.3978 0.4623 0.0043 -0.0013 0.7184 -0.6956
804.0000 -2.0113 0.3983 0.4534 0.0037 -0.0019 0.7127 -0.7015
805.0000 -2.1103 0.4032 0.4713 -0.0034 0.0023 -0.7070 0.7072
806.0000 -2.0710 0.4096 0.4818 -0.0038 0.0017 -0.7011 0.7131
807.0000 -2.0983 0.4117 0.4644 -0.0036 0.0023 -0.6928 0.7211
808.0000 -2.0807 0.3984 0.4555 -0.0037 0.0021 -0.6864 0.7272
809.0000 -1.9132 0.3965 0.4278 -0.0042 0.0014 -0.6796 0.7336
810.0000 -1.7681 0.3926 0.4285 -0.0033 0.0021 -0.6728 0.7398
811.0000 -1.5653 0.3925 0.4482 -0.0025 0.0027 -0.6638 0.7479
812.0000 -1.4397 0.3957 0.4304 -0.0035 0.0020 -0.6569 0.7540
813.0000 -1.2896 0.3701 0.4198 -0.0040 0.0016 -0.6505 0.7595
814.0000 -1.2668 0.3798 0.4259 -0.0043 0.0013 -0.6442 0.7648
815.0000 -1.2562 0.3821 0.4039 -0.0035 0.0019 -0.6382 0.7698
816.0000 -1.2356 0.3879 0.3972 -0.0036 0.0020 -0.6325 0.7746
817.0000 -1.2035 0.3814 0.4010 -0.0035 0.0022 -0.6269 0.7791
818.0000 -1.1339 0.3952 0.3919 -0.0041 0.0020 -0.6199 0.7847
819.0000 -1.0442 0.3840 0.3872 -0.0039 0.0022 -0.6148 0.7887
820.0000 -1.0064 0.3840 0.3676 -0.0034 0.0022 -0.6097 0.7926
821.0000 -1.0302 0.3898 0.3664 -0.0028 0.0026 -0.6027 0.7979
822.0000 -0.9603 0.3828 0.3871 -0.0041 0.0015 -0.5970 0.8022
823.0000 -0.8036 0.3822 0.3600 -0.0040 0.0016 -0.5908 0.8068
824.0000 -0.6478 0.3771 0.3680 -0.0040 0.0016 -0.5837 0.8119
825.0000 -0.4868 0.3812 0.3602 -0.0035 0.0020 -0.5759 0.8175
826.0000 -0.4727 0.3717 0.3342 -0.0044 0.0012 -0.5674 0.8234
827.0000 -0.5152 0.3801 0.3361 -0.0046 0.0013 -0.5563 0.8310
828.0000 -0.4653 0.3906 0.3510 -0.0039 0.0015 -0.5480 0.8365
829.0000 -0.3826 0.3648 0.3469 -0.0042 0.0013 -0.5402 0.8415
830.0000 -0.2843 0.3693 0.3867 -0.0037 0.0012 -0.5325 0.8464
831.0000 -0.1606 0.3667 0.3220 -0.0043 0.0012 -0.5228 0.8524
832.0000 -0.0437 0.3486 0.2817 -0.0041 0.0015 -0.5159 0.8566
833.0000 -0.0397 0.3680 0.3080 -0.0031 0.0023 -0.5090 0.8607
834.0000 -0.0356 0.3632 0.3152 -0.0030 0.0019 -0.5024 0.8646
835.0000 0.0301 0.3661 0.2870 -0.0035 0.0021 -0.4955 0.8686
836.0000 0.0941 0.3609 0.2918 -0.0039 0.0017 -0.4881 0.8728
837.0000 0.1210 0.3743 0.2765 -0.0036 0.0014 -0.4773 0.8787
838.0000 0.1523 0.3702 0.2883 -0.0031 0.0015 -0.4680 0.8837
839.0000 0.2172 0.3625 0.2669 -0.0031 0.0021 -0.4551 0.8904
840.0000 0.2014 0.0450 0.2951 -0.0025 0.0020 -0.4436 0.8962
841.0000 0.0304 -0.4397 0.2584 -0.0022 0.0025 -0.4315 0.9021
842.0000 -0.1288 -0.4558 0.2493 -0.0023 0.0028 -0.4227 0.9063
843.0000 -0.2629 -0.4586 0.2433 -0.0022 0.0024 -0.4112 0.9116
844.0000 -0.3274 -0.4457 0.2173 -0.0024 0.0026 -0.4000 0.9165
845.0000 -0.3960 -0.4838 0.2537 -0.0018 0.0024 -0.3917 0.9201
846.0000 -0.3708 -0.4686 0.2018 -0.0023 0.0029 -0.3806 0.9247
847.0000 -0.3331 -0.6121 0.2314 -0.0013 0.0028 -0.3707 0.9287
848.0000 -0.3265 -0.5953 0.2263 -0.0019 0.0022 -0.3613 0.9325
849.0000 -0.2085 -0.5857 0.1981 -0.0016 0.0024 -0.3513 0.9363
850.0000 -0.0383 -0.4750 0.1737 -0.0018 0.0028 -0.3379 0.9412
851.0000 0.1601 -0.4777 0.2130 -0.0017 0.0025 -0.3269 0.9450
852.0000 0.4751 -0.4685 0.1936 -0.0022 0.0026 -0.3162 0.9487
853.0000 0.6969 -0.4716 0.1611 -0.0028 0.0028 -0.3052 0.9523
854.0000 0.8187 -0.4743 0.1323 -0.0027 0.0026 -0.2951 0.9555
855.0000 1.0077 -0.4755 0.0901 -0.0027 0.0028 -0.2816 0.9595
856.0000 1.0566 -0.4783 0.0640 -0.0024 0.0032 -0.2720 0.9623
857.0000 1.1395 -0.4810 0.0145 -0.0039 0.0033 -0.2628 0.9648
858.0000 1.2507 -0.4941 0.0078 -0.0024 0.0038 -0.2537 0.9673
859.0000 1.3286 -0.4743 0.0127 -0.0038 0.0034 -0.2425 0.9701
860.0000 1.3457 -0.4892 0.0010 -0.0040 0.0031 -0.2343 0.9721
861.0000 1.2963 -0.4718 -0.0254 -0.0035 0.0035 -0.2238 0.9746
862.0000 1.3881 -0.4817 -0.0795 -0.0040 0.0038 -0.2164 0.9763
863.0000 1.5850 -0.4807 -0.1175 -0.0044 0.0043 -0.2091 0.9779
864.0000 1.6518 -0.4709 -0.0363 -0.0041 0.0035 -0.2022 0.9793
865.0000 1.6788 -0.4824 0.0036 -0.0037 0.0032 -0.1951 0.9808
866.0000 1.6717 -0.4783 -0.0347 -0.0041 0.0030 -0.1882 0.9821
867.0000 1.6665 -0.4748 -0.0298 -0.0039 0.0032 -0.1815 0.9834
868.0000 1.6839 -0.4893 -0.0385 -0.0035 0.0033 -0.1724 0.9850
869.0000 1.6567 -0.4684 -0.0259 -0.0033 0.0031 -0.1654 0.9862
870.0000 1.5498 -0.4436 -0.0418 -0.0036 0.0033 -0.1583 0.9874
871.0000 1.5979 -0.4767 0.0036 -0.0037 0.0025 -0.1495 0.9888
872.0000 1.6190 -0.5807 -0.0250 -0.0037 0.0026 -0.1427 0.9898
873.0000 1.5423 -0.7348 -0.0187 -0.0038 0.0026 -0.1379 0.9904
874.0000 1.4716 -0.6469 -0.0506 -0.0037 0.0030 -0.1312 0.9913
875.0000 1.5290 -0.6157 -0.0257 -0.0039 0.0027 -0.1248 0.9922
876.0000 1.6479 -0.5467 -0.0494 -0.0041 0.0029 -0.1186 0.9929
877.0000 1.8476 -0.4482 -0.0517 -0.0032 0.0027 -0.1102 0.9939
878.0000 2.0643 -0.5897 -0.0411 -0.0037 0.0027 -0.1052 0.9944
879.0000 2.1188 -0.4377 -0.0623 -0.0035 0.0030 -0.0988 0.9951
880.0000 2.1465 -0.4401 -0.0569 -0.0032 0.0029 -0.0931 0.9956
881.0000 2.2196 -0.4700 -0.0680 -0.0034 0.0030 -0.0877 0.9961
882.0000 2.1864 -0.2847 -0.0657 -0.0042 0.0041 -0.0814 0.9967
883.0000 2.2081 0.0020 -0.0499 -0.0053 0.0042 -0.0757 0.9971
884.0000 1.9962 0.0189 -0.0452 -0.0058 0.0042 -0.0714 0.9974
885.0000 1.7217 0.0842 -0.0459 -0.0056 0.0044 -0.0669 0.9977
886.0000 1.5929 0.1351 -0.0549 -0.0062 0.0045 -0.0614 0.9981
887.0000 1.6478 0.1240 -0.0501 -0.0060 0.0045 -0.0578 0.9983
888.0000 1.7681 0.0720 -0.0365 -0.0053 0.0043 -0.0551 0.9985
889.0000 1.9109 -0.0065 -0.0408 -0.0052 0.0043 -0.0529 0.9986
890.0000 1.9225 0.0275 -0.0516 -0.0050 0.0046 -0.0498 0.9987
891.0000 2.0014 -0.0609 -0.0458 -0.0049 0.0044 -0.0484 0.9988
892.0000 1.8720 -0.0244 -0.0535 -0.0050 0.0045 -0.0462 0.9989
893.0000 1.8740 -0.0330 -0.0403 -0.0047 0.0044 -0.0425 0.9991
894.0000 1.8668 0.0739 -0.0364 -0.0045 0.0046 -0.0386 0.9992
895.0000 1.8487 0.1435 -0.0446 -0.0050 0.0047 -0.0352 0.9994
896.0000 1.8248 0.0343 -0.0615 -0.0048 0.0049 -0.0334 0.9994
897.0000 1.7774 0.0403 -0.0482 -0.0046 0.0049 -0.0310 0.9995
898.0000 1.7287 0.1558 -0.0228 -0.0044 0.0047 -0.0274 0.9996
899.0000 1.7307 0.1003 -0.0459 -0.0043 0.0049 -0.0261 0.9996
900.0000 1.6780 0.1053 -0.0586 -0.0046 0.0051 -0.0243 0.9997
901.0000 1.6145 0.1289 -0.0461 -0.0046 0.0050 -0.0230 0.9997
902.0000 1.5251 0.1589 -0.0528 -0.0045 0.0051 -0.0217 0.9997
903.0000 1.4510 0.1663 -0.0636 -0.0042 0.0052 -0.0204 0.9998
904.0000 1.4474 0.1505 -0.0551 -0.0042 0.0052 -0.0196 0.9998
905.0000 1.4504 0.1334 -0.0565 -0.0040 0.0052 -0.0189 0.9998
906.0000 1.6215 0.0974 -0.0526 -0.0042 0.0052 -0.0185 0.9998
907.0000 1.9080 0.0695 -0.0410 -0.0038 0.0050 -0.0182 0.9998
908.0000 2.1676 -0.0474 -0.0540 -0.0036 0.0052 -0.0187 0.9998
909.0000 2.1618 -0.0477 -0.0436 -0.0038 0.0051 -0.0189 0.9998
910.0000 2.0551 -0.0074 -0.0345 -0.0040 0.0051 -0.0185 0.9998
911.0000 1.9163 0.0827 -0.0448 -0.0038 0.0052 -0.0182 0.9998
912.0000 1.7841 0.1127 -0.0407 -0.0040 0.0051 -0.0180 0.9998
913.0000 1.6905 0.1002 -0.0505 -0.0041 0.0053 -0.0182 0.9998
914.0000 1.6415 0.0905 -0.0530 -0.0040 0.0053 -0.0184 0.9998
915.0000 1.6476 0.1070 -0.0403 -0.0039 0.0052 -0.0182 0.9998
916.0000 1.6786 0.0986 -0.0285 -0.0041 0.0051 -0.0183 0.9998
917.0000 1.7742 0.1122 -0.0258 -0.0039 0.0052 -0.0181 0.9998
918.0000 1.8644 0.0005 -0.0448 -0.0040 0.0054 -0.0188 0.9998
919.0000 1.9381 -0.0305 -0.0645 -0.0037 0.0055 -0.0191 0.9998
920.0000 2.0909 -0.0401 -0.0473 -0.0037 0.0054 -0.0192 0.9998
921.0000 2.2085 -0.0674 -0.0458 -0.0040 0.0055 -0.0191 0.9998
922.0000 2.2630 -0.0782 -0.0422 -0.0039 0.0054 -0.0192 0.9998
923.0000 2.1931 -0.0442 -0.0399 -0.0036 0.0055 -0.0192 0.9998
924.0000 2.0681 0.0286 -0.0653 -0.0038 0.0057 -0.0188 0.9998
925.0000 1.9360 0.0550 -0.0512 -0.0038 0.0056 -0.0189 0.9998
926.0000 1.7937 0.1240 -0.0488 -0.0039 0.0056 -0.0186 0.9998
927.0000 1.5769 0.1185 -0.0602 -0.0041 0.0058 -0.0190 0.9998
928.0000 1.7063 0.1085 -0.0322 -0.0041 0.0055 -0.0187 0.9998
929.0000 1.8580 0.0576 -0.0562 -0.0037 0.0056 -0.0190 0.9998
930.0000 2.1024 -0.0181 -0.0527 -0.0037 0.0056 -0.0192 0.9998
931.0000 2.1829 -0.0448 -0.0358 -0.0036 0.0055 -0.0192 0.9998
932.0000 2.1257 -0.0273 -0.0484 -0.0040 0.0056 -0.0192 0.9998
933.0000 2.0015 0.0136 -0.0406 -0.0035 0.0054 -0.0192 0.9998
