Sample Indices
Indices Size:
1086
Data:
1241
1265
1290
1317
1369
1412
1427
1428
1429
1434
1435
1436
1987
2009
2010
2025
2032
2039
2053
2063
2064
2073
2075
2076
2144
2154
2155
2156
2165
2166
2177
2178
2179
2180
2181
2182
2195
2199
2200
2201
2202
2216
2217
2218
2231
2232
2241
2243
2244
2245
2246
2247
2263
2264
2265
2266
2267
2268
2269
2270
2271
2272
2273
2274
2275
2276
2277
2278
2296
2297
2298
2299
2300
2301
2302
2303
2304
2305
2306
2307
2308
2309
2316
2317
2318
2320
2321
2322
2323
2324
2325
2326
2327
2328
2329
2330
2331
2333
2334
2335
2336
2337
2338
2339
2523
2524
2525
2526
2527
2528
2529
2530
2548
2549
2550
2551
2552
2553
2554
2555
2556
2557
2565
2567
2568
2569
2571
2572
2582
2583
2584
2585
2591
2593
2594
2595
2596
2597
2598
2599
2600
2601
2602
2611
2625
2626
2627
2628
2629
2639
2640
2641
2642
2643
2651
2652
2653
2654
2655
2662
2663
2664
2665
2676
2679
2682
2683
2684
2692
2693
2694
2728
2731
2732
2739
2740
2741
2742
2744
2746
2747
2748
2749
2755
2760
2761
2767
2768
2769
2770
2771
2772
2773
2774
2775
2776
2785
2786
2788
2789
2790
2791
2793
2808
2809
2810
2812
2813
2814
2815
2827
2828
2829
2837
2838
2839
2841
2842
2844
2845
2846
2857
2861
2862
2863
2864
2865
2866
2867
2868
2869
2870
2871
2872
2873
2874
2875
2876
2877
2887
2891
2892
2893
2894
2895
2896
2897
2898
2899
2900
2901
2902
2903
2904
2905
2906
2907
2908
2909
2910
2911
2912
2914
2916
2917
2918
2919
2920
2921
2922
2923
2924
2925
2926
2927
2928
2929
2930
2932
2933
2934
2939
2940
2941
2942
2943
3099
3100
3101
3102
3103
3104
3105
3108
3109
3110
3111
3112
3113
3114
3115
3116
3117
3118
3119
3120
3121
3122
3123
3124
3125
3126
3127
3128
3129
3130
3131
3132
3133
3134
3135
3136
3137
3138
3139
3140
3141
3142
3143
3144
3145
3146
3147
3148
3149
3150
3151
3152
3153
3154
3155
3157
3158
3159
3160
3161
3163
3166
3167
3168
3172
3187
3188
3189
3190
3191
3192
3200
3201
3225
3226
3234
3235
3241
3244
3245
3246
3247
3252
3253
3254
3260
3262
3263
3270
3273
3274
3285
3288
3289
3290
3291
3292
3293
3294
3296
3297
3298
3299
3300
3301
3302
3305
3306
3307
3308
3309
3310
3311
3312
3313
3319
3320
3321
3322
3323
3324
3335
3336
3337
3338
3339
3340
3341
3345
3349
3350
3351
3352
3353
3354
3355
3356
3371
3372
3373
3374
3375
3376
3377
3391
3392
3393
3394
3395
3396
3397
3405
3406
3407
3408
3409
3410
3411
3412
3413
3415
3416
3418
3419
3420
3421
3422
3423
3424
3425
3426
3427
3428
3429
3430
3431
3432
3444
3445
3446
3447
3448
3449
3450
3451
3452
3453
3454
3455
3456
3457
3458
3459
3460
3461
3484
3485
3486
3678
3679
3680
3681
3682
3683
3685
3686
3687
3689
3690
3691
3692
3706
3721
3724
3755
3756
3757
3758
3759
3760
3761
3762
3763
3764
3768
3769
3770
3771
3772
3773
3777
3780
3781
3782
3783
3784
3785
3786
3788
3789
3790
3791
3792
3793
3794
3795
3796
3797
3798
3799
3800
3801
3802
3803
3804
3806
3807
3808
3811
3812
3813
3814
3816
3818
3819
3820
3821
3822
3823
3824
3825
3826
3827
3836
3837
3838
3839
3841
3842
3843
3844
3847
3852
3853
3854
3855
3856
3857
3858
3859
3860
3861
3862
3864
3866
3867
3868
3869
3870
3871
3872
3873
3874
3875
3876
3877
3878
3879
3880
3881
3885
3886
3887
3888
3889
3890
3891
3892
3893
3894
3895
3896
3897
3898
3899
3900
3901
3904
3907
3908
3909
3910
3911
3912
3913
3914
3915
3916
3917
3922
3923
3924
3925
3926
3927
3928
3929
3930
3931
3932
3933
3942
3943
3944
3945
3946
3947
3948
3949
3950
3951
3952
3953
3954
3955
3959
3960
3961
3962
3963
3964
3965
3966
3971
3972
3973
3974
3975
3976
3977
3978
3994
3995
3996
3997
3998
3999
4000
4001
4002
4003
4004
4005
4007
4008
4016
4017
4018
4019
4020
4021
4022
4023
4024
4025
4026
4027
4028
4029
4030
4031
4032
4033
4039
4040
4041
4042
4043
4048
4049
4050
4051
4155
4156
4157
4173
4190
4194
4195
4196
4199
4200
4201
4202
4203
4204
4206
4207
4209
4296
4297
4298
4302
4303
4319
4320
4321
4331
4332
4333
4334
4335
4340
4341
4342
4343
4344
4345
4346
4347
4349
4350
4351
4352
4353
4354
4355
4356
4357
4358
4359
4360
4361
4363
4366
4367
4368
4370
4374
4375
4385
4386
4387
4388
4389
4390
4391
4400
4401
4402
4403
4404
4405
4406
4407
4408
4409
4413
4414
4415
4416
4417
4418
4419
4420
4421
4422
4426
4429
4430
4431
4432
4433
4434
4435
4436
4437
4438
4439
4440
4441
4442
4443
4444
4445
4446
4447
4461
4462
4463
4464
4465
4466
4467
4468
4469
4470
4471
4474
4475
4476
4477
4480
4491
4492
4493
4494
4495
4496
4497
4498
4499
4500
4502
4503
4504
4505
4507
4518
4519
4520
4521
4522
4523
4526
4527
4528
4536
4537
4538
4539
4540
4541
4542
4543
4544
4555
4556
4557
4558
4559
4560
4577
4578
4579
4580
4581
4582
4583
4584
4585
4586
4587
4588
4589
4592
4608
4609
4610
4611
4612
4613
4614
4615
4616
4617
4618
4619
4620
4621
4622
4623
4624
4625
4642
4643
4644
4645
4646
4647
4648
4651
4754
4755
4756
4759
4760
4761
4762
4763
4764
4765
4766
4767
4768
4769
4770
4771
4772
4774
4775
4776
4779
4780
4781
4785
4786
4787
4788
4789
4790
4791
4792
4793
4795
4796
4797
4799
4800
4801
4802
4803
4804
4805
4806
4807
4808
4809
4810
4811
4812
4813
4814
4815
4816
4818
4819
4820
4821
4822
4824
4825
4829
4838
4889
4890
4891
4893
4894
4895
4896
4897
4898
4899
4900
4901
4904
4905
4906
4907
4908
4925
4926
4927
4929
4951
4952
4953
4955
4964
4965
4966
4974
4975
4976
5003
5012
5013
5019
5030
5042
5058
5075
5084
5093
5133
5263
5267
5268
5269
5270
5271
5272
5273
5274
5277
5278
5279
5295
5296
5297
5298
5299
5302
5304
5305
5306
5307
5309
5310
5311
5312
5313
5315
5321
5324
5325
5326
5327
5328
5329
5330
5331
5332
5333
5334
5335
5336
5337
5338
5339
5340
5341
5342
5343
5344
5345
5346
5347
5348
5349
5350
5352
5378
5379
5380
5381
5383
5384
5390
5735
5736
5737
5775
5785
5786
5787
5793
5795
5806
Coefficient of the plane:
0.0423529 0.0639352 0.997055 -0.529915
Inliers Indices
Indices Size:
1086
Data:
1241
1265
1290
1317
1369
1412
1427
1428
1429
1434
1435
1436
1987
2009
2010
2025
2032
2039
2053
2063
2064
2073
2075
2076
2144
2154
2155
2156
2165
2166
2177
2178
2179
2180
2181
2182
2195
2199
2200
2201
2202
2216
2217
2218
2231
2232
2241
2243
2244
2245
2246
2247
2263
2264
2265
2266
2267
2268
2269
2270
2271
2272
2273
2274
2275
2276
2277
2278
2296
2297
2298
2299
2300
2301
2302
2303
2304
2305
2306
2307
2308
2309
2316
2317
2318
2320
2321
2322
2323
2324
2325
2326
2327
2328
2329
2330
2331
2333
2334
2335
2336
2337
2338
2339
2523
2524
2525
2526
2527
2528
2529
2530
2548
2549
2550
2551
2552
2553
2554
2555
2556
2557
2565
2567
2568
2569
2571
2572
2582
2583
2584
2585
2591
2593
2594
2595
2596
2597
2598
2599
2600
2601
2602
2611
2625
2626
2627
2628
2629
2639
2640
2641
2642
2643
2651
2652
2653
2654
2655
2662
2663
2664
2665
2676
2679
2682
2683
2684
2692
2693
2694
2728
2731
2732
2739
2740
2741
2742
2744
2746
2747
2748
2749
2755
2760
2761
2767
2768
2769
2770
2771
2772
2773
2774
2775
2776
2785
2786
2788
2789
2790
2791
2793
2808
2809
2810
2812
2813
2814
2815
2827
2828
2829
2837
2838
2839
2841
2842
2844
2845
2846
2857
2861
2862
2863
2864
2865
2866
2867
2868
2869
2870
2871
2872
2873
2874
2875
2876
2877
2887
2891
2892
2893
2894
2895
2896
2897
2898
2899
2900
2901
2902
2903
2904
2905
2906
2907
2908
2909
2910
2911
2912
2914
2916
2917
2918
2919
2920
2921
2922
2923
2924
2925
2926
2927
2928
2929
2930
2932
2933
2934
2939
2940
2941
2942
2943
3099
3100
3101
3102
3103
3104
3105
3108
3109
3110
3111
3112
3113
3114
3115
3116
3117
3118
3119
3120
3121
3122
3123
3124
3125
3126
3127
3128
3129
3130
3131
3132
3133
3134
3135
3136
3137
3138
3139
3140
3141
3142
3143
3144
3145
3146
3147
3148
3149
3150
3151
3152
3153
3154
3155
3157
3158
3159
3160
3161
3163
3166
3167
3168
3172
3187
3188
3189
3190
3191
3192
3200
3201
3225
3226
3234
3235
3241
3244
3245
3246
3247
3252
3253
3254
3260
3262
3263
3270
3273
3274
3285
3288
3289
3290
3291
3292
3293
3294
3296
3297
3298
3299
3300
3301
3302
3305
3306
3307
3308
3309
3310
3311
3312
3313
3319
3320
3321
3322
3323
3324
3335
3336
3337
3338
3339
3340
3341
3345
3349
3350
3351
3352
3353
3354
3355
3356
3371
3372
3373
3374
3375
3376
3377
3391
3392
3393
3394
3395
3396
3397
3405
3406
3407
3408
3409
3410
3411
3412
3413
3415
3416
3418
3419
3420
3421
3422
3423
3424
3425
3426
3427
3428
3429
3430
3431
3432
3444
3445
3446
3447
3448
3449
3450
3451
3452
3453
3454
3455
3456
3457
3458
3459
3460
3461
3484
3485
3486
3678
3679
3680
3681
3682
3683
3685
3686
3687
3689
3690
3691
3692
3706
3721
3724
3755
3756
3757
3758
3759
3760
3761
3762
3763
3764
3768
3769
3770
3771
3772
3773
3777
3780
3781
3782
3783
3784
3785
3786
3788
3789
3790
3791
3792
3793
3794
3795
3796
3797
3798
3799
3800
3801
3802
3803
3804
3806
3807
3808
3811
3812
3813
3814
3816
3818
3819
3820
3821
3822
3823
3824
3825
3826
3827
3836
3837
3838
3839
3841
3842
3843
3844
3847
3852
3853
3854
3855
3856
3857
3858
3859
3860
3861
3862
3864
3866
3867
3868
3869
3870
3871
3872
3873
3874
3875
3876
3877
3878
3879
3880
3881
3885
3886
3887
3888
3889
3890
3891
3892
3893
3894
3895
3896
3897
3898
3899
3900
3901
3904
3907
3908
3909
3910
3911
3912
3913
3914
3915
3916
3917
3922
3923
3924
3925
3926
3927
3928
3929
3930
3931
3932
3933
3942
3943
3944
3945
3946
3947
3948
3949
3950
3951
3952
3953
3954
3955
3959
3960
3961
3962
3963
3964
3965
3966
3971
3972
3973
3974
3975
3976
3977
3978
3994
3995
3996
3997
3998
3999
4000
4001
4002
4003
4004
4005
4007
4008
4016
4017
4018
4019
4020
4021
4022
4023
4024
4025
4026
4027
4028
4029
4030
4031
4032
4033
4039
4040
4041
4042
4043
4048
4049
4050
4051
4155
4156
4157
4173
4190
4194
4195
4196
4199
4200
4201
4202
4203
4204
4206
4207
4209
4296
4297
4298
4302
4303
4319
4320
4321
4331
4332
4333
4334
4335
4340
4341
4342
4343
4344
4345
4346
4347
4349
4350
4351
4352
4353
4354
4355
4356
4357
4358
4359
4360
4361
4363
4366
4367
4368
4370
4374
4375
4385
4386
4387
4388
4389
4390
4391
4400
4401
4402
4403
4404
4405
4406
4407
4408
4409
4413
4414
4415
4416
4417
4418
4419
4420
4421
4422
4426
4429
4430
4431
4432
4433
4434
4435
4436
4437
4438
4439
4440
4441
4442
4443
4444
4445
4446
4447
4461
4462
4463
4464
4465
4466
4467
4468
4469
4470
4471
4474
4475
4476
4477
4480
4491
4492
4493
4494
4495
4496
4497
4498
4499
4500
4502
4503
4504
4505
4507
4518
4519
4520
4521
4522
4523
4526
4527
4528
4536
4537
4538
4539
4540
4541
4542
4543
4544
4555
4556
4557
4558
4559
4560
4577
4578
4579
4580
4581
4582
4583
4584
4585
4586
4587
4588
4589
4592
4608
4609
4610
4611
4612
4613
4614
4615
4616
4617
4618
4619
4620
4621
4622
4623
4624
4625
4642
4643
4644
4645
4646
4647
4648
4651
4754
4755
4756
4759
4760
4761
4762
4763
4764
4765
4766
4767
4768
4769
4770
4771
4772
4774
4775
4776
4779
4780
4781
4785
4786
4787
4788
4789
4790
4791
4792
4793
4795
4796
4797
4799
4800
4801
4802
4803
4804
4805
4806
4807
4808
4809
4810
4811
4812
4813
4814
4815
4816
4818
4819
4820
4821
4822
4824
4825
4829
4838
4889
4890
4891
4893
4894
4895
4896
4897
4898
4899
4900
4901
4904
4905
4906
4907
4908
4925
4926
4927
4929
4951
4952
4953
4955
4964
4965
4966
4974
4975
4976
5003
5012
5013
5019
5030
5042
5058
5075
5084
5093
5133
5263
5267
5268
5269
5270
5271
5272
5273
5274
5277
5278
5279
5295
5296
5297
5298
5299
5302
5304
5305
5306
5307
5309
5310
5311
5312
5313
5315
5321
5324
5325
5326
5327
5328
5329
5330
5331
5332
5333
5334
5335
5336
5337
5338
5339
5340
5341
5342
5343
5344
5345
5346
5347
5348
5349
5350
5352
5378
5379
5380
5381
5383
5384
5390
5735
5736
5737
5775
5785
5786
5787
5793
5795
5806
