Sample Indices
Indices Size:
465
Data:
2332
2750
2762
2777
2778
2792
2795
2816
2831
2847
2848
2850
2851
2878
2879
2880
2881
2882
2883
2884
2885
2886
2913
2915
2935
2936
2937
2938
2944
2945
2946
2947
2948
2949
2950
2951
2952
2953
2954
3156
3162
3164
3165
3169
3170
3171
3173
3174
3180
3195
3202
3207
3227
3236
3248
3314
3325
3326
3342
3343
3357
3358
3359
3360
3361
3362
3363
3364
3365
3378
3379
3380
3381
3382
3383
3384
3398
3399
3414
3417
3433
3434
3435
3436
3437
3438
3439
3440
3441
3442
3443
3462
3463
3464
3466
3467
3468
3469
3470
3471
3472
3473
3474
3475
3476
3477
3478
3479
3480
3481
3482
3487
3488
3489
3490
3491
3492
3493
3494
3495
3496
3497
3498
3499
3500
3501
3502
3503
3504
3505
3506
3507
3508
3509
3510
3511
3512
3513
3514
3515
3516
3517
3518
3519
3520
3521
3522
3523
3524
3525
3526
3688
3693
3694
3695
3696
3697
3698
3699
3700
3701
3702
3703
3704
3705
3707
3708
3709
3710
3711
3712
3713
3714
3715
3716
3717
3718
3719
3720
3722
3723
3725
3726
3727
3728
3729
3730
3731
3732
3733
3734
3735
3736
3737
3739
3750
3765
3774
3778
3815
3828
3829
3830
3831
3832
3833
3845
3846
3848
3849
3863
3882
3883
3902
3903
3918
3919
3934
3935
3936
3937
3938
3939
3967
3968
3979
3980
3981
3982
3983
3984
3987
3989
4006
4009
4010
4011
4012
4034
4035
4036
4037
4044
4045
4046
4047
4052
4053
4054
4055
4056
4057
4058
4059
4060
4061
4062
4063
4064
4065
4066
4067
4068
4069
4070
4071
4072
4073
4074
4075
4076
4077
4078
4079
4080
4081
4082
4083
4084
4085
4087
4088
4089
4090
4091
4092
4093
4372
4397
4398
4399
4423
4424
4425
4427
4450
4451
4458
4459
4478
4479
4481
4482
4488
4489
4508
4510
4511
4513
4514
4515
4516
4529
4530
4546
4562
4563
4566
4567
4590
4593
4594
4595
4596
4603
4626
4627
4628
4629
4630
4631
4632
4633
4649
4650
4652
4653
4654
4655
4666
4667
4668
4669
4670
4671
4679
4680
4681
4682
4683
4684
4686
4910
5275
5276
5280
5281
5282
5283
5284
5285
5286
5287
5288
5289
5290
5291
5292
5293
5294
5300
5301
5303
5308
5314
5316
5317
5318
5319
5320
5322
5323
5372
5382
5385
5386
5387
5391
5392
5393
5394
5395
5414
5415
5416
5417
5418
5437
5438
5439
5440
5441
5442
5450
5451
5452
5459
5460
5461
5469
5470
5471
5479
5493
5494
5506
5508
5516
5738
5739
5740
5741
5742
5743
5744
5745
5746
5747
5756
5757
5758
5759
5760
5761
5762
5763
5764
5765
5766
5767
5768
5769
5770
5771
5772
5773
5774
5776
5777
5778
5779
5780
5781
5782
5783
5784
5788
5789
5790
5791
5792
5822
5841
6011
6020
Coefficient of the plane:
0.0392268 0.0585408 0.997514 -0.821692
Inliers Indices
Indices Size:
465
Data:
2332
2750
2762
2777
2778
2792
2795
2816
2831
2847
2848
2850
2851
2878
2879
2880
2881
2882
2883
2884
2885
2886
2913
2915
2935
2936
2937
2938
2944
2945
2946
2947
2948
2949
2950
2951
2952
2953
2954
3156
3162
3164
3165
3169
3170
3171
3173
3174
3180
3195
3202
3207
3227
3236
3248
3314
3325
3326
3342
3343
3357
3358
3359
3360
3361
3362
3363
3364
3365
3378
3379
3380
3381
3382
3383
3384
3398
3399
3414
3417
3433
3434
3435
3436
3437
3438
3439
3440
3441
3442
3443
3462
3463
3464
3466
3467
3468
3469
3470
3471
3472
3473
3474
3475
3476
3477
3478
3479
3480
3481
3482
3487
3488
3489
3490
3491
3492
3493
3494
3495
3496
3497
3498
3499
3500
3501
3502
3503
3504
3505
3506
3507
3508
3509
3510
3511
3512
3513
3514
3515
3516
3517
3518
3519
3520
3521
3522
3523
3524
3525
3526
3688
3693
3694
3695
3696
3697
3698
3699
3700
3701
3702
3703
3704
3705
3707
3708
3709
3710
3711
3712
3713
3714
3715
3716
3717
3718
3719
3720
3722
3723
3725
3726
3727
3728
3729
3730
3731
3732
3733
3734
3735
3736
3737
3739
3750
3765
3774
3778
3815
3828
3829
3830
3831
3832
3833
3845
3846
3848
3849
3863
3882
3883
3902
3903
3918
3919
3934
3935
3936
3937
3938
3939
3967
3968
3979
3980
3981
3982
3983
3984
3987
3989
4006
4009
4010
4011
4012
4034
4035
4036
4037
4044
4045
4046
4047
4052
4053
4054
4055
4056
4057
4058
4059
4060
4061
4062
4063
4064
4065
4066
4067
4068
4069
4070
4071
4072
4073
4074
4075
4076
4077
4078
4079
4080
4081
4082
4083
4084
4085
4087
4088
4089
4090
4091
4092
4093
4372
4397
4398
4399
4423
4424
4425
4427
4450
4451
4458
4459
4478
4479
4481
4482
4488
4489
4508
4510
4511
4513
4514
4515
4516
4529
4530
4546
4562
4563
4566
4567
4590
4593
4594
4595
4596
4603
4626
4627
4628
4629
4630
4631
4632
4633
4649
4650
4652
4653
4654
4655
4666
4667
4668
4669
4670
4671
4679
4680
4681
4682
4683
4684
4686
4910
5275
5276
5280
5281
5282
5283
5284
5285
5286
5287
5288
5289
5290
5291
5292
5293
5294
5300
5301
5303
5308
5314
5316
5317
5318
5319
5320
5322
5323
5372
5382
5385
5386
5387
5391
5392
5393
5394
5395
5414
5415
5416
5417
5418
5437
5438
5439
5440
5441
5442
5450
5451
5452
5459
5460
5461
5469
5470
5471
5479
5493
5494
5506
5508
5516
5738
5739
5740
5741
5742
5743
5744
5745
5746
5747
5756
5757
5758
5759
5760
5761
5762
5763
5764
5765
5766
5767
5768
5769
5770
5771
5772
5773
5774
5776
5777
5778
5779
5780
5781
5782
5783
5784
5788
5789
5790
5791
5792
5822
5841
6011
6020
