Sample Indices
Indices Size:
775
Data:
3527
3528
3529
3530
3531
3532
3533
3534
3535
3536
3537
3538
3539
3540
3541
3542
3543
3544
3545
3546
3547
3548
3549
3550
3551
3552
3553
3554
3555
3557
3558
3559
3560
3561
3562
3563
3564
3565
3566
3567
3568
3571
3572
3573
3574
3578
3579
3581
3582
3586
3587
3588
3590
3591
3593
3594
3599
3600
3601
3602
3603
3605
3608
3609
3610
3611
3612
3613
3615
3616
3619
3620
3621
3625
3627
3629
3630
3635
3650
3659
4120
4121
4122
4123
4124
4125
4126
4127
4128
4129
4130
4131
4132
4133
4134
4135
4136
4137
4138
4139
4140
4141
4142
4143
4144
4145
4146
4147
4148
4149
4150
4151
4152
4153
4154
4158
4159
4160
4161
4162
4164
4165
4166
4167
4168
4169
4170
4171
4172
4174
4175
4176
4177
4178
4179
4180
4181
4182
4183
4184
4185
4186
4187
4188
4189
4191
4192
4193
4197
4198
4205
4208
4210
4211
4212
4213
4214
4215
4216
4217
4218
4219
4220
4221
4222
4223
4224
4225
4226
4227
4228
4229
4230
4231
4232
4233
4234
4235
4236
4237
4238
4239
4240
4241
4242
4243
4244
4245
4246
4247
4248
4249
4250
4251
4252
4253
4254
4255
4256
4257
4258
4259
4260
4261
4262
4263
4264
4265
4266
4267
4268
4269
4270
4271
4272
4273
4274
4275
4276
4277
4278
4279
4280
4281
4282
4283
4284
4285
4286
4287
4288
4289
4290
4292
4293
4294
4295
4299
4301
4304
4305
4306
4307
4308
4309
4310
4311
4312
4313
4314
4315
4316
4318
4322
4323
4324
4325
4326
4327
4328
4329
4330
4336
4337
4338
4339
4348
4362
4364
4369
4371
4376
4377
4378
4379
4380
4381
4382
4383
4392
4393
4394
4395
4396
4410
4411
4448
4449
4452
4453
4454
4455
4456
4457
4472
4473
4483
4484
4485
4486
4487
4501
4506
4509
4512
4524
4525
4531
4532
4533
4534
4545
4547
4548
4549
4552
4561
4564
4565
4571
4591
4598
4599
4635
4636
4656
4657
4658
4659
4661
4662
4672
4674
4675
4706
4708
4730
4851
4853
4854
4855
4857
4858
4859
4860
4862
4863
4864
4865
4866
4867
4868
4869
4870
4871
4872
4873
4874
4875
4877
4878
4879
4880
4881
4882
4883
4884
4885
4886
4887
4888
4892
4902
4903
4909
4911
4912
4913
4914
4915
4916
4917
4918
4919
4920
4921
4922
4923
4924
4928
4930
4931
4932
4933
4934
4935
4936
4941
4942
4943
4944
4945
4946
4947
4948
4949
4950
4954
4956
4957
4961
4962
4963
4967
4969
4970
4971
4972
4973
4977
4978
4979
4980
4981
4982
4983
4984
4985
4986
4987
4988
4992
4993
4994
4995
4996
4997
4998
4999
5000
5001
5002
5004
5005
5006
5008
5009
5010
5011
5014
5015
5016
5017
5018
5020
5021
5022
5023
5024
5025
5026
5027
5028
5029
5031
5032
5033
5034
5035
5036
5037
5038
5039
5040
5041
5043
5044
5045
5046
5047
5048
5049
5050
5051
5052
5053
5054
5055
5056
5057
5059
5060
5061
5062
5063
5064
5065
5066
5067
5068
5069
5070
5071
5072
5073
5074
5076
5077
5078
5079
5080
5081
5082
5083
5085
5086
5087
5088
5089
5090
5091
5092
5094
5095
5096
5097
5098
5099
5100
5101
5102
5103
5104
5105
5106
5107
5108
5109
5110
5111
5112
5113
5114
5115
5116
5117
5118
5119
5120
5121
5122
5123
5124
5125
5126
5127
5128
5129
5130
5131
5132
5134
5135
5136
5137
5138
5139
5140
5141
5142
5143
5144
5145
5146
5147
5148
5149
5150
5151
5152
5153
5154
5155
5156
5157
5158
5159
5160
5161
5162
5163
5164
5165
5166
5167
5168
5169
5170
5171
5172
5173
5174
5175
5176
5177
5178
5179
5180
5181
5182
5183
5184
5185
5186
5187
5188
5189
5190
5191
5192
5193
5194
5195
5196
5197
5198
5199
5200
5201
5202
5203
5204
5205
5206
5207
5208
5209
5210
5211
5212
5213
5214
5215
5216
5217
5218
5219
5220
5221
5222
5223
5224
5225
5226
5227
5228
5229
5230
5231
5232
5233
5234
5235
5236
5237
5238
5239
5240
5241
5242
5243
5244
5245
5246
5247
5248
5249
5250
5251
5252
5253
5254
5255
5256
5257
5258
5259
5260
5261
5540
5573
5578
5584
5585
5600
5607
5608
5610
5636
5642
5645
5648
5650
5651
5652
5659
5662
5663
5664
5665
5667
5668
5670
5671
5674
5675
5676
5677
5678
5679
5680
5681
5682
5683
5684
5685
5686
5687
5688
5689
5690
5691
5692
5693
5694
5695
5696
5697
5698
5699
5700
5701
5702
5703
5704
5705
5706
5707
5708
5709
5710
5711
5712
5713
5714
5715
5716
5717
5718
5719
5720
5721
5722
5723
5724
5725
5726
5727
5728
5729
5730
5731
5732
5733
5734
Coefficient of the plane:
-0.000911081 -0.0328475 0.99946 -1.08514
Inliers Indices
Indices Size:
775
Data:
3527
3528
3529
3530
3531
3532
3533
3534
3535
3536
3537
3538
3539
3540
3541
3542
3543
3544
3545
3546
3547
3548
3549
3550
3551
3552
3553
3554
3555
3557
3558
3559
3560
3561
3562
3563
3564
3565
3566
3567
3568
3571
3572
3573
3574
3578
3579
3581
3582
3586
3587
3588
3590
3591
3593
3594
3599
3600
3601
3602
3603
3605
3608
3609
3610
3611
3612
3613
3615
3616
3619
3620
3621
3625
3627
3629
3630
3635
3650
3659
4120
4121
4122
4123
4124
4125
4126
4127
4128
4129
4130
4131
4132
4133
4134
4135
4136
4137
4138
4139
4140
4141
4142
4143
4144
4145
4146
4147
4148
4149
4150
4151
4152
4153
4154
4158
4159
4160
4161
4162
4164
4165
4166
4167
4168
4169
4170
4171
4172
4174
4175
4176
4177
4178
4179
4180
4181
4182
4183
4184
4185
4186
4187
4188
4189
4191
4192
4193
4197
4198
4205
4208
4210
4211
4212
4213
4214
4215
4216
4217
4218
4219
4220
4221
4222
4223
4224
4225
4226
4227
4228
4229
4230
4231
4232
4233
4234
4235
4236
4237
4238
4239
4240
4241
4242
4243
4244
4245
4246
4247
4248
4249
4250
4251
4252
4253
4254
4255
4256
4257
4258
4259
4260
4261
4262
4263
4264
4265
4266
4267
4268
4269
4270
4271
4272
4273
4274
4275
4276
4277
4278
4279
4280
4281
4282
4283
4284
4285
4286
4287
4288
4289
4290
4292
4293
4294
4295
4299
4301
4304
4305
4306
4307
4308
4309
4310
4311
4312
4313
4314
4315
4316
4318
4322
4323
4324
4325
4326
4327
4328
4329
4330
4336
4337
4338
4339
4348
4362
4364
4369
4371
4376
4377
4378
4379
4380
4381
4382
4383
4392
4393
4394
4395
4396
4410
4411
4448
4449
4452
4453
4454
4455
4456
4457
4472
4473
4483
4484
4485
4486
4487
4501
4506
4509
4512
4524
4525
4531
4532
4533
4534
4545
4547
4548
4549
4552
4561
4564
4565
4571
4591
4598
4599
4635
4636
4656
4657
4658
4659
4661
4662
4672
4674
4675
4706
4708
4730
4851
4853
4854
4855
4857
4858
4859
4860
4862
4863
4864
4865
4866
4867
4868
4869
4870
4871
4872
4873
4874
4875
4877
4878
4879
4880
4881
4882
4883
4884
4885
4886
4887
4888
4892
4902
4903
4909
4911
4912
4913
4914
4915
4916
4917
4918
4919
4920
4921
4922
4923
4924
4928
4930
4931
4932
4933
4934
4935
4936
4941
4942
4943
4944
4945
4946
4947
4948
4949
4950
4954
4956
4957
4961
4962
4963
4967
4969
4970
4971
4972
4973
4977
4978
4979
4980
4981
4982
4983
4984
4985
4986
4987
4988
4992
4993
4994
4995
4996
4997
4998
4999
5000
5001
5002
5004
5005
5006
5008
5009
5010
5011
5014
5015
5016
5017
5018
5020
5021
5022
5023
5024
5025
5026
5027
5028
5029
5031
5032
5033
5034
5035
5036
5037
5038
5039
5040
5041
5043
5044
5045
5046
5047
5048
5049
5050
5051
5052
5053
5054
5055
5056
5057
5059
5060
5061
5062
5063
5064
5065
5066
5067
5068
5069
5070
5071
5072
5073
5074
5076
5077
5078
5079
5080
5081
5082
5083
5085
5086
5087
5088
5089
5090
5091
5092
5094
5095
5096
5097
5098
5099
5100
5101
5102
5103
5104
5105
5106
5107
5108
5109
5110
5111
5112
5113
5114
5115
5116
5117
5118
5119
5120
5121
5122
5123
5124
5125
5126
5127
5128
5129
5130
5131
5132
5134
5135
5136
5137
5138
5139
5140
5141
5142
5143
5144
5145
5146
5147
5148
5149
5150
5151
5152
5153
5154
5155
5156
5157
5158
5159
5160
5161
5162
5163
5164
5165
5166
5167
5168
5169
5170
5171
5172
5173
5174
5175
5176
5177
5178
5179
5180
5181
5182
5183
5184
5185
5186
5187
5188
5189
5190
5191
5192
5193
5194
5195
5196
5197
5198
5199
5200
5201
5202
5203
5204
5205
5206
5207
5208
5209
5210
5211
5212
5213
5214
5215
5216
5217
5218
5219
5220
5221
5222
5223
5224
5225
5226
5227
5228
5229
5230
5231
5232
5233
5234
5235
5236
5237
5238
5239
5240
5241
5242
5243
5244
5245
5246
5247
5248
5249
5250
5251
5252
5253
5254
5255
5256
5257
5258
5259
5260
5261
5540
5573
5578
5584
5585
5600
5607
5608
5610
5636
5642
5645
5648
5650
5651
5652
5659
5662
5663
5664
5665
5667
5668
5670
5671
5674
5675
5676
5677
5678
5679
5680
5681
5682
5683
5684
5685
5686
5687
5688
5689
5690
5691
5692
5693
5694
5695
5696
5697
5698
5699
5700
5701
5702
5703
5704
5705
5706
5707
5708
5709
5710
5711
5712
5713
5714
5715
5716
5717
5718
5719
5720
5721
5722
5723
5724
5725
5726
5727
5728
5729
5730
5731
5732
5733
5734
