Sample Indices
Indices Size:
649
Data:
767
768
770
771
772
792
795
797
798
822
823
824
850
872
880
882
883
908
912
937
938
939
941
966
967
996
1022
1046
1067
1113
1114
1115
1116
1117
1141
1142
1143
1222
1263
1264
1287
1289
1316
1341
1342
1367
1368
1392
1393
1394
1395
1396
1411
1432
1753
1754
1755
1756
1757
1758
1759
1784
1785
1786
1787
1788
1789
1790
1791
1792
1793
1794
1795
1796
1797
1798
1799
1800
1801
1827
1828
1829
1830
1831
1832
1833
1834
1835
1836
1837
1838
1839
1840
1864
1865
1866
1867
1868
1869
1892
1893
1894
1915
1916
1917
1918
1919
1920
1921
1942
1943
1944
1964
1965
1982
1984
1985
1986
2003
2004
2005
2007
2008
2022
2023
2024
2030
2031
2038
2049
2050
2051
2052
2062
2067
2068
2069
2070
2071
2072
2074
2086
2087
2088
2089
2097
2098
2099
2100
2112
2113
2114
2115
2126
2127
2128
2129
2130
2131
2137
2138
2139
2140
2141
2143
2149
2150
2151
2152
2153
2160
2161
2162
2163
2164
2172
2173
2174
2175
2176
2188
2189
2190
2191
2192
2193
2196
2197
2198
2208
2209
2212
2213
2214
2215
2227
2228
2229
2230
2237
2238
2239
2240
2242
2251
2252
2255
2256
2257
2258
2259
2260
2261
2262
2279
2280
2281
2282
2283
2284
2285
2286
2287
2288
2289
2290
2291
2292
2293
2294
2295
2312
2313
2314
2315
2319
2346
2348
2356
2370
2371
2393
2406
2407
2408
2416
2417
2420
2501
2502
2503
2504
2505
2506
2507
2518
2519
2520
2521
2522
2540
2541
2542
2543
2544
2545
2546
2547
2581
2608
2609
2610
2618
2619
2620
2621
2622
2623
2624
2635
2636
2637
2638
2648
2649
2650
2659
2660
2661
2670
2672
2673
2674
2675
2677
2678
2681
2685
2686
2687
2688
2689
2690
2691
2697
2698
2699
2700
2701
2704
2705
2706
2707
2708
2711
2712
2713
2714
2715
2716
2717
2718
2719
2720
2722
2723
2724
2725
2726
2727
2729
2730
2733
2734
2735
2736
2737
2738
2743
2745
2751
2752
2753
2754
2756
2757
2758
2759
2763
2764
2765
2766
2779
2780
2781
2782
2783
2784
2787
2798
2799
2800
2801
2802
2803
2804
2805
2806
2807
2811
2818
2819
2820
2821
2822
2823
2824
2825
2826
2830
2832
2833
2834
2835
2836
2840
2852
2853
2854
2855
2856
2858
2859
2860
2888
2889
2890
2955
2956
2957
2958
2959
2960
2961
2962
2963
2964
2965
2966
2968
2969
2970
2971
2972
2973
2974
2975
2976
2977
2982
2983
2987
2988
2989
2990
2991
2992
2997
3000
3001
3002
3003
3004
3005
3006
3007
3010
3016
3017
3018
3019
3020
3021
3022
3023
3024
3025
3026
3027
3028
3029
3030
3033
3036
3037
3038
3039
3040
3042
3043
3044
3045
3046
3047
3051
3052
3053
3054
3055
3056
3057
3061
3062
3063
3069
3077
3081
3176
3177
3183
3184
3185
3186
3198
3199
3203
3204
3205
3206
3208
3209
3211
3212
3214
3215
3216
3217
3218
3219
3220
3221
3224
3228
3229
3230
3231
3232
3233
3237
3238
3239
3243
3249
3250
3251
3255
3256
3257
3258
3264
3265
3266
3267
3268
3269
3271
3275
3276
3277
3278
3279
3280
3281
3286
3303
3304
3315
3316
3317
3327
3329
3330
3331
3332
3333
3334
3344
3346
3347
3348
3366
3367
3368
3369
3370
3385
3386
3387
3388
3389
3390
3401
3402
3403
3404
3556
3569
3570
3575
3576
3577
3583
3584
3585
3589
3595
3596
3597
3598
3606
3607
3614
3617
3618
3623
3624
3626
3632
3633
3644
3645
3646
3647
3648
3649
3651
3652
3653
3654
3655
3656
3657
3658
3660
3661
3662
3663
3664
3665
3666
3667
3668
3669
3670
3671
3672
3673
3674
3675
3676
3677
3684
3738
3740
3741
3742
3743
3744
3745
3746
3747
3751
3752
3766
3767
3775
3776
3779
3787
3835
3850
3851
3865
3884
3905
3920
3941
3958
3970
Coefficient of the plane:
0.033899 0.0238004 0.999142 -0.254477
Inliers Indices
Indices Size:
649
Data:
767
768
770
771
772
792
795
797
798
822
823
824
850
872
880
882
883
908
912
937
938
939
941
966
967
996
1022
1046
1067
1113
1114
1115
1116
1117
1141
1142
1143
1222
1263
1264
1287
1289
1316
1341
1342
1367
1368
1392
1393
1394
1395
1396
1411
1432
1753
1754
1755
1756
1757
1758
1759
1784
1785
1786
1787
1788
1789
1790
1791
1792
1793
1794
1795
1796
1797
1798
1799
1800
1801
1827
1828
1829
1830
1831
1832
1833
1834
1835
1836
1837
1838
1839
1840
1864
1865
1866
1867
1868
1869
1892
1893
1894
1915
1916
1917
1918
1919
1920
1921
1942
1943
1944
1964
1965
1982
1984
1985
1986
2003
2004
2005
2007
2008
2022
2023
2024
2030
2031
2038
2049
2050
2051
2052
2062
2067
2068
2069
2070
2071
2072
2074
2086
2087
2088
2089
2097
2098
2099
2100
2112
2113
2114
2115
2126
2127
2128
2129
2130
2131
2137
2138
2139
2140
2141
2143
2149
2150
2151
2152
2153
2160
2161
2162
2163
2164
2172
2173
2174
2175
2176
2188
2189
2190
2191
2192
2193
2196
2197
2198
2208
2209
2212
2213
2214
2215
2227
2228
2229
2230
2237
2238
2239
2240
2242
2251
2252
2255
2256
2257
2258
2259
2260
2261
2262
2279
2280
2281
2282
2283
2284
2285
2286
2287
2288
2289
2290
2291
2292
2293
2294
2295
2312
2313
2314
2315
2319
2346
2348
2356
2370
2371
2393
2406
2407
2408
2416
2417
2420
2501
2502
2503
2504
2505
2506
2507
2518
2519
2520
2521
2522
2540
2541
2542
2543
2544
2545
2546
2547
2581
2608
2609
2610
2618
2619
2620
2621
2622
2623
2624
2635
2636
2637
2638
2648
2649
2650
2659
2660
2661
2670
2672
2673
2674
2675
2677
2678
2681
2685
2686
2687
2688
2689
2690
2691
2697
2698
2699
2700
2701
2704
2705
2706
2707
2708
2711
2712
2713
2714
2715
2716
2717
2718
2719
2720
2722
2723
2724
2725
2726
2727
2729
2730
2733
2734
2735
2736
2737
2738
2743
2745
2751
2752
2753
2754
2756
2757
2758
2759
2763
2764
2765
2766
2779
2780
2781
2782
2783
2784
2787
2798
2799
2800
2801
2802
2803
2804
2805
2806
2807
2811
2818
2819
2820
2821
2822
2823
2824
2825
2826
2830
2832
2833
2834
2835
2836
2840
2852
2853
2854
2855
2856
2858
2859
2860
2888
2889
2890
2955
2956
2957
2958
2959
2960
2961
2962
2963
2964
2965
2966
2968
2969
2970
2971
2972
2973
2974
2975
2976
2977
2982
2983
2987
2988
2989
2990
2991
2992
2997
3000
3001
3002
3003
3004
3005
3006
3007
3010
3016
3017
3018
3019
3020
3021
3022
3023
3024
3025
3026
3027
3028
3029
3030
3033
3036
3037
3038
3039
3040
3042
3043
3044
3045
3046
3047
3051
3052
3053
3054
3055
3056
3057
3061
3062
3063
3069
3077
3081
3176
3177
3183
3184
3185
3186
3198
3199
3203
3204
3205
3206
3208
3209
3211
3212
3214
3215
3216
3217
3218
3219
3220
3221
3224
3228
3229
3230
3231
3232
3233
3237
3238
3239
3243
3249
3250
3251
3255
3256
3257
3258
3264
3265
3266
3267
3268
3269
3271
3275
3276
3277
3278
3279
3280
3281
3286
3303
3304
3315
3316
3317
3327
3329
3330
3331
3332
3333
3334
3344
3346
3347
3348
3366
3367
3368
3369
3370
3385
3386
3387
3388
3389
3390
3401
3402
3403
3404
3556
3569
3570
3575
3576
3577
3583
3584
3585
3589
3595
3596
3597
3598
3606
3607
3614
3617
3618
3623
3624
3626
3632
3633
3644
3645
3646
3647
3648
3649
3651
3652
3653
3654
3655
3656
3657
3658
3660
3661
3662
3663
3664
3665
3666
3667
3668
3669
3670
3671
3672
3673
3674
3675
3676
3677
3684
3738
3740
3741
3742
3743
3744
3745
3746
3747
3751
3752
3766
3767
3775
3776
3779
3787
3835
3850
3851
3865
3884
3905
3920
3941
3958
3970
