Sample Indices
Indices Size:
271
Data:
1982
1983
2003
2004
2005
2006
2022
2023
2606
2607
2608
2609
2610
2616
2617
2618
2619
2620
2621
2622
2623
2624
2635
2636
2637
2638
3178
3179
3183
3184
3185
3186
3187
3188
3189
3190
3191
3192
3193
3194
3198
3199
3200
3201
3748
3749
3753
3754
3755
3756
3757
3758
3759
3760
3761
3762
3763
3764
3768
3769
3770
3771
3772
3773
4297
4298
4302
4303
4304
4305
4306
4307
4308
4309
4310
4311
4312
4313
4314
4315
4319
4320
4321
4322
4323
4324
4325
4326
4327
4328
4329
4337
4901
4902
4907
4908
4909
4910
4911
4912
4913
4914
4915
4916
4917
4918
4919
4920
4921
4922
4923
4928
4929
4930
4931
4932
4933
4934
4935
4936
4937
4938
4939
4940
4941
4942
4943
4944
4945
4946
4947
4948
4949
4958
5386
5387
5388
5392
5393
5394
5395
5396
5397
5398
5399
5400
5401
5402
5403
5404
5405
5406
5407
5408
5409
5410
5411
5412
5416
5418
5419
5420
5421
5422
5423
5424
5425
5426
5427
5428
5429
5430
5431
5432
5433
5434
5435
5436
5443
5444
5448
5834
5835
5836
5837
5838
5839
5843
5844
5845
5846
5847
5848
5849
5850
5851
5852
5853
5854
5855
5856
5857
5858
5859
5860
5861
5862
5863
5866
5867
5868
5869
5870
5871
5872
5873
5874
5875
5876
5877
5878
5879
5880
5881
5882
5883
5884
5885
5886
5887
6075
6076
6077
6078
6079
6080
6083
6084
6085
6086
6087
6088
6089
6090
6091
6092
6093
6094
6095
6096
6097
6098
6099
6100
6103
6104
6105
6106
6107
6108
6109
6110
6111
6112
6113
6114
6115
6116
6117
6118
6119
Coefficient of the plane:
0.0064656 -0.999954 -0.00710156 -2.6014
Inliers Indices
Indices Size:
271
Data:
1982
1983
2003
2004
2005
2006
2022
2023
2606
2607
2608
2609
2610
2616
2617
2618
2619
2620
2621
2622
2623
2624
2635
2636
2637
2638
3178
3179
3183
3184
3185
3186
3187
3188
3189
3190
3191
3192
3193
3194
3198
3199
3200
3201
3748
3749
3753
3754
3755
3756
3757
3758
3759
3760
3761
3762
3763
3764
3768
3769
3770
3771
3772
3773
4297
4298
4302
4303
4304
4305
4306
4307
4308
4309
4310
4311
4312
4313
4314
4315
4319
4320
4321
4322
4323
4324
4325
4326
4327
4328
4329
4337
4901
4902
4907
4908
4909
4910
4911
4912
4913
4914
4915
4916
4917
4918
4919
4920
4921
4922
4923
4928
4929
4930
4931
4932
4933
4934
4935
4936
4937
4938
4939
4940
4941
4942
4943
4944
4945
4946
4947
4948
4949
4958
5386
5387
5388
5392
5393
5394
5395
5396
5397
5398
5399
5400
5401
5402
5403
5404
5405
5406
5407
5408
5409
5410
5411
5412
5416
5418
5419
5420
5421
5422
5423
5424
5425
5426
5427
5428
5429
5430
5431
5432
5433
5434
5435
5436
5443
5444
5448
5834
5835
5836
5837
5838
5839
5843
5844
5845
5846
5847
5848
5849
5850
5851
5852
5853
5854
5855
5856
5857
5858
5859
5860
5861
5862
5863
5866
5867
5868
5869
5870
5871
5872
5873
5874
5875
5876
5877
5878
5879
5880
5881
5882
5883
5884
5885
5886
5887
6075
6076
6077
6078
6079
6080
6083
6084
6085
6086
6087
6088
6089
6090
6091
6092
6093
6094
6095
6096
6097
6098
6099
6100
6103
6104
6105
6106
6107
6108
6109
6110
6111
6112
6113
6114
6115
6116
6117
6118
6119
