Sample Indices
Indices Size:
376
Data:
123
760
761
762
763
766
767
768
769
770
771
772
792
795
797
798
821
822
823
824
843
848
850
872
1753
1754
1755
1756
1757
1758
1759
1784
1785
1786
1787
1788
1789
1790
1791
1792
1793
1794
1795
1796
1797
1798
1799
1800
1801
1827
1828
1829
1830
1831
1832
1833
1834
1835
1836
1837
1838
1839
1840
1864
1865
1866
1867
1868
1869
1892
1893
1894
2501
2502
2503
2504
2505
2506
2507
2518
2519
2520
2521
2522
2523
2524
2525
2526
2527
2528
2529
2530
2539
2540
2541
2542
2543
2544
2545
2546
2547
2548
2549
2550
2551
2552
2553
2554
2555
2556
2557
2562
2563
2564
2565
2566
2567
2568
2569
2570
2571
2572
2581
2582
2583
2584
2585
3099
3100
3101
3102
3103
3104
3105
3108
3109
3110
3111
3112
3113
3114
3115
3116
3117
3118
3119
3120
3121
3122
3123
3124
3125
3126
3127
3128
3129
3130
3131
3132
3133
3134
3135
3136
3137
3138
3139
3140
3141
3142
3143
3144
3145
3146
3147
3148
3149
3150
3151
3152
3153
3154
3155
3156
3678
3679
3680
3681
3682
3683
3685
3686
3687
3688
3689
3690
3691
3692
3693
3694
3695
3696
3697
3698
3699
3700
3701
3702
3703
3704
3705
3706
3707
3708
3709
3710
3711
3712
3713
3714
3715
3716
3717
3718
3719
3720
3721
3722
3723
3724
3725
4243
4244
4245
4246
4247
4248
4249
4251
4252
4253
4254
4255
4256
4257
4258
4259
4260
4261
4262
4263
4264
4265
4266
4267
4268
4269
4270
4271
4272
4273
4274
4275
4276
4277
4278
4279
4853
4854
4855
4856
4857
4859
4860
4861
4862
4863
4864
4865
4866
4867
4868
4869
4870
4871
4872
4873
4874
4875
4876
4877
4878
4879
4880
5351
5353
5354
5355
5356
5357
5358
5359
5360
5361
5362
5363
5364
5365
5366
5367
5368
5369
5370
5794
5796
5797
5798
5799
5800
5801
5802
5803
5804
5805
5807
5808
5809
5810
5811
5812
5813
5814
5815
5816
5817
5818
6029
6030
6032
6033
6034
6035
6036
6037
6038
6039
6040
6041
6042
6043
6044
6046
6047
6048
6049
6050
6051
6052
6053
6054
6055
6056
6057
6058
6059
6060
6061
6062
6175
6176
6177
6178
6179
6180
6181
6182
6183
Coefficient of the plane:
0.00231246 0.999972 -0.00705264 4.05091
Inliers Indices
Indices Size:
376
Data:
123
760
761
762
763
766
767
768
769
770
771
772
792
795
797
798
821
822
823
824
843
848
850
872
1753
1754
1755
1756
1757
1758
1759
1784
1785
1786
1787
1788
1789
1790
1791
1792
1793
1794
1795
1796
1797
1798
1799
1800
1801
1827
1828
1829
1830
1831
1832
1833
1834
1835
1836
1837
1838
1839
1840
1864
1865
1866
1867
1868
1869
1892
1893
1894
2501
2502
2503
2504
2505
2506
2507
2518
2519
2520
2521
2522
2523
2524
2525
2526
2527
2528
2529
2530
2539
2540
2541
2542
2543
2544
2545
2546
2547
2548
2549
2550
2551
2552
2553
2554
2555
2556
2557
2562
2563
2564
2565
2566
2567
2568
2569
2570
2571
2572
2581
2582
2583
2584
2585
3099
3100
3101
3102
3103
3104
3105
3108
3109
3110
3111
3112
3113
3114
3115
3116
3117
3118
3119
3120
3121
3122
3123
3124
3125
3126
3127
3128
3129
3130
3131
3132
3133
3134
3135
3136
3137
3138
3139
3140
3141
3142
3143
3144
3145
3146
3147
3148
3149
3150
3151
3152
3153
3154
3155
3156
3678
3679
3680
3681
3682
3683
3685
3686
3687
3688
3689
3690
3691
3692
3693
3694
3695
3696
3697
3698
3699
3700
3701
3702
3703
3704
3705
3706
3707
3708
3709
3710
3711
3712
3713
3714
3715
3716
3717
3718
3719
3720
3721
3722
3723
3724
3725
4243
4244
4245
4246
4247
4248
4249
4251
4252
4253
4254
4255
4256
4257
4258
4259
4260
4261
4262
4263
4264
4265
4266
4267
4268
4269
4270
4271
4272
4273
4274
4275
4276
4277
4278
4279
4853
4854
4855
4856
4857
4859
4860
4861
4862
4863
4864
4865
4866
4867
4868
4869
4870
4871
4872
4873
4874
4875
4876
4877
4878
4879
4880
5351
5353
5354
5355
5356
5357
5358
5359
5360
5361
5362
5363
5364
5365
5366
5367
5368
5369
5370
5794
5796
5797
5798
5799
5800
5801
5802
5803
5804
5805
5807
5808
5809
5810
5811
5812
5813
5814
5815
5816
5817
5818
6029
6030
6032
6033
6034
6035
6036
6037
6038
6039
6040
6041
6042
6043
6044
6046
6047
6048
6049
6050
6051
6052
6053
6054
6055
6056
6057
6058
6059
6060
6061
6062
6175
6176
6177
6178
6179
6180
6181
6182
6183
