Sample Indices
Indices Size:
480
Data:
1222
1241
1263
1264
1265
2124
2126
2127
2128
2129
2137
2138
2139
2140
2141
2149
2150
2151
2154
2155
2156
2160
2161
2162
2163
2164
2165
2166
2172
2173
2174
2175
2176
2177
2178
2181
2182
2715
2721
2722
2723
2724
2725
2726
2727
2728
2729
2730
2731
2733
2734
2735
2736
2737
2738
2739
2740
2741
2743
2744
2745
2746
2747
2748
2750
2751
2752
2753
2754
2755
2756
2757
2758
2759
2760
2761
2762
2763
2764
2765
2766
2767
2768
2769
2771
2772
2773
2774
2776
2777
2778
3271
3275
3276
3277
3278
3279
3280
3281
3282
3283
3284
3285
3286
3287
3288
3289
3290
3291
3294
3295
3296
3297
3298
3299
3300
3301
3302
3304
3305
3306
3307
3308
3309
3310
3311
3312
3313
3314
3315
3316
3317
3318
3319
3320
3321
3322
3323
3324
3325
3326
3328
3329
3330
3331
3332
3333
3334
3335
3336
3337
3338
3339
3340
3341
3342
3343
3870
3873
3883
3885
3886
3887
3888
3889
3890
3891
3892
3893
3894
3895
3896
3897
3898
3899
3900
3901
3902
3903
3904
3907
3908
3909
3910
3911
3912
3913
3914
3915
3916
3917
3918
3919
3922
3923
3924
3925
3926
3927
3928
3929
3930
3931
3932
3933
3934
3935
3936
3937
3938
3939
3940
3942
3943
3944
3945
3946
3947
3948
3949
3950
3951
3952
3953
3954
3955
3956
3957
3959
3960
3961
3962
3963
3964
3965
3966
3967
3968
3969
4421
4422
4429
4430
4431
4432
4433
4434
4435
4436
4437
4438
4439
4440
4441
4442
4443
4444
4445
4446
4447
4448
4449
4450
4451
4452
4453
4454
4455
4456
4457
4458
4459
4462
4463
4464
4465
4466
4467
4468
4469
4470
4471
4472
4473
4474
4475
4476
4477
4478
4479
4480
4481
4482
4483
4484
4485
4486
4487
4488
4489
4490
4493
4494
4495
4496
4497
4498
4499
4500
4501
4502
4503
4504
4505
4506
4507
4508
4509
4510
4511
4512
4513
4514
4515
4516
4517
4519
4520
4521
4522
4523
4524
4525
4526
4527
4528
4529
4530
4531
4532
4533
4534
4535
4537
4538
4539
4540
4541
4542
4543
4544
4545
4546
4547
4548
4549
4550
4551
4552
4553
4554
5025
5031
5032
5033
5034
5035
5036
5037
5038
5039
5040
5041
5045
5046
5047
5048
5049
5050
5051
5052
5053
5054
5055
5056
5057
5060
5061
5062
5063
5064
5065
5066
5067
5068
5069
5070
5071
5072
5073
5074
5076
5077
5078
5079
5080
5081
5082
5083
5085
5086
5087
5088
5089
5090
5091
5525
5526
5527
5528
5529
5530
5531
5532
5533
5534
5539
5540
5541
5542
5543
5544
5545
5546
5547
5548
5551
5552
5553
5554
5555
5556
5557
5558
5559
5561
5562
5563
5564
5565
5566
5567
5569
5570
5571
5572
5573
5574
5575
5576
5950
5951
5952
5953
5957
5958
5959
5960
5963
5964
5965
5966
5967
5969
5970
5971
5972
5973
5974
5975
Coefficient of the plane:
0.00203905 0.999971 0.0073843 0.316248
Inliers Indices
Indices Size:
480
Data:
1222
1241
1263
1264
1265
2124
2126
2127
2128
2129
2137
2138
2139
2140
2141
2149
2150
2151
2154
2155
2156
2160
2161
2162
2163
2164
2165
2166
2172
2173
2174
2175
2176
2177
2178
2181
2182
2715
2721
2722
2723
2724
2725
2726
2727
2728
2729
2730
2731
2733
2734
2735
2736
2737
2738
2739
2740
2741
2743
2744
2745
2746
2747
2748
2750
2751
2752
2753
2754
2755
2756
2757
2758
2759
2760
2761
2762
2763
2764
2765
2766
2767
2768
2769
2771
2772
2773
2774
2776
2777
2778
3271
3275
3276
3277
3278
3279
3280
3281
3282
3283
3284
3285
3286
3287
3288
3289
3290
3291
3294
3295
3296
3297
3298
3299
3300
3301
3302
3304
3305
3306
3307
3308
3309
3310
3311
3312
3313
3314
3315
3316
3317
3318
3319
3320
3321
3322
3323
3324
3325
3326
3328
3329
3330
3331
3332
3333
3334
3335
3336
3337
3338
3339
3340
3341
3342
3343
3870
3873
3883
3885
3886
3887
3888
3889
3890
3891
3892
3893
3894
3895
3896
3897
3898
3899
3900
3901
3902
3903
3904
3907
3908
3909
3910
3911
3912
3913
3914
3915
3916
3917
3918
3919
3922
3923
3924
3925
3926
3927
3928
3929
3930
3931
3932
3933
3934
3935
3936
3937
3938
3939
3940
3942
3943
3944
3945
3946
3947
3948
3949
3950
3951
3952
3953
3954
3955
3956
3957
3959
3960
3961
3962
3963
3964
3965
3966
3967
3968
3969
4421
4422
4429
4430
4431
4432
4433
4434
4435
4436
4437
4438
4439
4440
4441
4442
4443
4444
4445
4446
4447
4448
4449
4450
4451
4452
4453
4454
4455
4456
4457
4458
4459
4462
4463
4464
4465
4466
4467
4468
4469
4470
4471
4472
4473
4474
4475
4476
4477
4478
4479
4480
4481
4482
4483
4484
4485
4486
4487
4488
4489
4490
4493
4494
4495
4496
4497
4498
4499
4500
4501
4502
4503
4504
4505
4506
4507
4508
4509
4510
4511
4512
4513
4514
4515
4516
4517
4519
4520
4521
4522
4523
4524
4525
4526
4527
4528
4529
4530
4531
4532
4533
4534
4535
4537
4538
4539
4540
4541
4542
4543
4544
4545
4546
4547
4548
4549
4550
4551
4552
4553
4554
5025
5031
5032
5033
5034
5035
5036
5037
5038
5039
5040
5041
5045
5046
5047
5048
5049
5050
5051
5052
5053
5054
5055
5056
5057
5060
5061
5062
5063
5064
5065
5066
5067
5068
5069
5070
5071
5072
5073
5074
5076
5077
5078
5079
5080
5081
5082
5083
5085
5086
5087
5088
5089
5090
5091
5525
5526
5527
5528
5529
5530
5531
5532
5533
5534
5539
5540
5541
5542
5543
5544
5545
5546
5547
5548
5551
5552
5553
5554
5555
5556
5557
5558
5559
5561
5562
5563
5564
5565
5566
5567
5569
5570
5571
5572
5573
5574
5575
5576
5950
5951
5952
5953
5957
5958
5959
5960
5963
5964
5965
5966
5967
5969
5970
5971
5972
5973
5974
5975
