Frame Size
540
Frame_id	Min_index	Max_index
0		0		766
1		767		1534
2		1535		2315
3		2316		3104
4		3105		3895
5		3896		4662
6		4663		5429
7		5430		6205
8		6206		6973
9		6974		7741
10		7742		8509
11		8510		9277
12		9278		10045
13		10046		10813
14		10814		11581
15		11582		12349
16		12350		13117
17		13118		13886
18		13887		14655
19		14656		15424
20		15425		16193
21		16194		16962
22		16963		17731
23		17732		18501
24		18502		19271
25		19272		20041
26		20042		20811
27		20812		21581
28		21582		22351
29		22352		23121
30		23122		23891
31		23892		24661
32		24662		25432
33		25433		26203
34		26204		26974
35		26975		27745
36		27746		28516
37		28517		29287
38		29288		30059
39		30060		30831
40		30832		31603
41		31604		32375
42		32376		33147
43		33148		33919
44		33920		34692
45		34693		35465
46		35466		36238
47		36239		37011
48		37012		37784
49		37785		38557
50		38558		39331
51		39332		40105
52		40106		40879
53		40880		41653
54		41654		42427
55		42428		43201
56		43202		43975
57		43976		44749
58		44750		45523
59		45524		46298
60		46299		47073
61		47074		47848
62		47849		48623
63		48624		49398
64		49399		50174
65		50175		50950
66		50951		51726
67		51727		52503
68		52504		53280
69		53281		54057
70		54058		54834
71		54835		55611
72		55612		56388
73		56389		57166
74		57167		57944
75		57945		58722
76		58723		59500
77		59501		60278
78		60279		61056
79		61057		61834
80		61835		62612
81		62613		63390
82		63391		64169
83		64170		64948
84		64949		65727
85		65728		66506
86		66507		67285
87		67286		68064
88		68065		68844
89		68845		69624
90		69625		70404
91		70405		71184
92		71185		71964
93		71965		72744
94		72745		73525
95		73526		74306
96		74307		75087
97		75088		75868
98		75869		76649
99		76650		77430
100		77431		78216
101		78217		79002
102		79003		79789
103		79790		80572
104		80573		81356
105		81357		82141
106		82142		83081
107		83082		84021
108		84022		84962
109		84963		85819
110		85820		86678
111		86679		87540
112		87541		88401
113		88402		89262
114		89263		90123
115		90124		90976
116		90977		91829
117		91830		92683
118		92684		93533
119		93534		94384
120		94385		95235
121		95236		96091
122		96092		96947
123		96948		97803
124		97804		98657
125		98658		99512
126		99513		100367
127		100368		101231
128		101232		102097
129		102098		102964
130		102965		103843
131		103844		104724
132		104725		105606
133		105607		106480
134		106481		107354
135		107355		108230
136		108231		109108
137		109109		109989
138		109990		110871
139		110872		111720
140		111721		112569
141		112570		113418
142		113419		114269
143		114270		115120
144		115121		115971
145		115972		116814
146		116815		117657
147		117658		118500
148		118501		119334
149		119335		120168
150		120169		121002
151		121003		121839
152		121840		122675
153		122676		123511
154		123512		124343
155		124344		125175
156		125176		126007
157		126008		126839
158		126840		127671
159		127672		128503
160		128504		129329
161		129330		130155
162		130156		130981
163		130982		131806
164		131807		132631
165		132632		133456
166		133457		134282
167		134283		135108
168		135109		135934
169		135935		136756
170		136757		137577
171		137578		138398
172		138399		139217
173		139218		140036
174		140037		140855
175		140856		141671
176		141672		142487
177		142488		143303
178		143304		144122
179		144123		144941
180		144942		145760
181		145761		146579
182		146580		147399
183		147400		148219
184		148220		149030
185		149031		149841
186		149842		150652
187		150653		151463
188		151464		152274
189		152275		153085
190		153086		153895
191		153896		154705
192		154706		155515
193		155516		156323
194		156324		157130
195		157131		157937
196		157938		158743
197		158744		159549
198		159550		160354
199		160355		161155
200		161156		161956
201		161957		162757
202		162758		163557
203		163558		164357
204		164358		165157
205		165158		165954
206		165955		166751
207		166752		167548
208		167549		168344
209		168345		169140
210		169141		169936
211		169937		170727
212		170728		171519
213		171520		172311
214		172312		173098
215		173099		173885
216		173886		174672
217		174673		175457
218		175458		176242
219		176243		177027
220		177028		177811
221		177812		178595
222		178596		179379
223		179380		180163
224		180164		180947
225		180948		181731
226		181732		182516
227		182517		183301
228		183302		184086
229		184087		184866
230		184867		185646
231		185647		186426
232		186427		187204
233		187205		187982
234		187983		188760
235		188761		189537
236		189538		190315
237		190316		191093
238		191094		191870
239		191871		192647
240		192648		193424
241		193425		194199
242		194200		194974
243		194975		195749
244		195750		196468
245		196469		197187
246		197188		197906
247		197907		198625
248		198626		199344
249		199345		200064
250		200065		200785
251		200786		201506
252		201507		202227
253		202228		202949
254		202950		203671
255		203672		204393
256		204394		205115
257		205116		205837
258		205838		206559
259		206560		207282
260		207283		208005
261		208006		208728
262		208729		209451
263		209452		210172
264		210173		210893
265		210894		211614
266		211615		212336
267		212337		213058
268		213059		213780
269		213781		214501
270		214502		215222
271		215223		215943
272		215944		216664
273		216665		217385
274		217386		218106
275		218107		218827
276		218828		219548
277		219549		220269
278		220270		220990
279		220991		221711
280		221712		222432
281		222433		223152
282		223153		223872
283		223873		224592
284		224593		225312
285		225313		226032
286		226033		226752
287		226753		227471
288		227472		228190
289		228191		228909
290		228910		229630
291		229631		230351
292		230352		231072
293		231073		231793
294		231794		232514
295		232515		233235
296		233236		233955
297		233956		234675
298		234676		235395
299		235396		236116
300		236117		236837
301		236838		237558
302		237559		238277
303		238278		238996
304		238997		239715
305		239716		240436
306		240437		241157
307		241158		241878
308		241879		242598
309		242599		243319
310		243320		244040
311		244041		244760
312		244761		245480
313		245481		246200
314		246201		246921
315		246922		247642
316		247643		248363
317		248364		249082
318		249083		249801
319		249802		250520
320		250521		251240
321		251241		251960
322		251961		252680
323		252681		253432
324		253433		254184
325		254185		254936
326		254937		255694
327		255695		256452
328		256453		257210
329		257211		257968
330		257969		258726
331		258727		259484
332		259485		260242
333		260243		261000
334		261001		261758
335		261759		262515
336		262516		263272
337		263273		264029
338		264030		264787
339		264788		265545
340		265546		266303
341		266304		267062
342		267063		267821
343		267822		268580
344		268581		269339
345		269340		270098
346		270099		270857
347		270858		271616
348		271617		272375
349		272376		273134
350		273135		273892
351		273893		274650
352		274651		275408
353		275409		276166
354		276167		276924
355		276925		277682
356		277683		278442
357		278443		279202
358		279203		279962
359		279963		280722
360		280723		281482
361		281483		282242
362		282243		283000
363		283001		283758
364		283759		284516
365		284517		285275
366		285276		286034
367		286035		286793
368		286794		287552
369		287553		288311
370		288312		289070
371		289071		289829
372		289830		290588
373		290589		291347
374		291348		292106
375		292107		292865
376		292866		293624
377		293625		294382
378		294383		295140
379		295141		295898
380		295899		296656
381		296657		297414
382		297415		298172
383		298173		298931
384		298932		299690
385		299691		300449
386		300450		301208
387		301209		301967
388		301968		302726
389		302727		303485
390		303486		304243
391		304244		305001
392		305002		305759
393		305760		306517
394		306518		307275
395		307276		308034
396		308035		308793
397		308794		309552
398		309553		310310
399		310311		311068
400		311069		311826
401		311827		312583
402		312584		313340
403		313341		314097
404		314098		314854
405		314855		315611
406		315612		316368
407		316369		317127
408		317128		317886
409		317887		318645
410		318646		319402
411		319403		320159
412		320160		320916
413		320917		321673
414		321674		322430
415		322431		323187
416		323188		323946
417		323947		324705
418		324706		325464
419		325465		326221
420		326222		326978
421		326979		327735
422		327736		328492
423		328493		329249
424		329250		330006
425		330007		330764
426		330765		331522
427		331523		332280
428		332281		333038
429		333039		333796
430		333797		334553
431		334554		335309
432		335310		336065
433		336066		336822
434		336823		337580
435		337581		338338
436		338339		339095
437		339096		339852
438		339853		340609
439		340610		341367
440		341368		342125
441		342126		342883
442		342884		343639
443		343640		344395
444		344396		345151
445		345152		345907
446		345908		346663
447		346664		347419
448		347420		348175
449		348176		348931
450		348932		349687
451		349688		350443
452		350444		351199
453		351200		351955
454		351956		352709
455		352710		353463
456		353464		354217
457		354218		354971
458		354972		355725
459		355726		356479
460		356480		357233
461		357234		357987
462		357988		358741
463		358742		359498
464		359499		360256
465		360257		361015
466		361016		361773
467		361774		362533
468		362534		363295
469		363296		364058
470		364059		364823
471		364824		365589
472		365590		366362
473		366363		367132
474		367133		367901
475		367902		368663
476		368664		369423
477		369424		370182
478		370183		370941
479		370942		371699
480		371700		372453
481		372454		373210
482		373211		373964
483		373965		374716
484		374717		375473
485		375474		376228
486		376229		376983
487		376984		377740
488		377741		378495
489		378496		379248
490		379249		379987
491		379988		380722
492		380723		381457
493		381458		382179
494		382180		382898
495		382899		383617
496		383618		384339
497		384340		385058
498		385059		385777
499		385778		386499
500		386500		387221
501		387222		387943
502		387944		388667
503		388668		389391
504		389392		390116
505		390117		390841
506		390842		391567
507		391568		392294
508		392295		393021
509		393022		393750
510		393751		394481
511		394482		395211
512		395212		395942
513		395943		396675
514		396676		397408
515		397409		398143
516		398144		398882
517		398883		399621
518		399622		400364
519		400365		401110
520		401111		401854
521		401855		402600
522		402601		403345
523		403346		404090
524		404091		404836
525		404837		405581
526		405582		406328
527		406329		407074
528		407075		407821
529		407822		408568
530		408569		409314
531		409315		410060
532		410061		410863
533		410864		411666
534		411667		412469
535		412470		413212
536		413213		413955
537		413956		414699
538		414700		415505
539		415506		416310
