stamp 1509348811 572716000
estimate
   0.881764   -0.471674  -0.0039408    -5.91163
   0.471687     0.88176  0.00327901     15.1339
 0.00192822 -0.00475013    0.999987     1.74406
          0           0           0           1
odom
   0.881559   -0.471535   0.0225711    -5.91367
   0.471714    0.881746 -0.00309408     15.1348
  -0.018443   0.0133747     0.99974    0.075735
          0           0           0           1
accum_distance 16.3332
floor_coeffs -0.00666438 -0.00282776    0.999974     1.77915
id 9
