imu to lidar:
  Translation: (0, 0.0, 0.08)
  Rotation Matrix:
    [1.0, 0.0, 0.0]
    [0.0, 1.0, 0.0]
    [-0.0, 0.0, 1.0]
  Euler Angles (Radians): [0.0, 0.0, 0.0]
  Quaternion: [0.0, 0.0, 0.0, 1.0]
  4x4 Transformation Matrix:
    [1.0, 0.0, 0.0, 0.0]
    [0.0, 1.0, 0.0, 0.0]
    [-0.0, 0.0, 1.0, 0.08]
    [0.0, 0.0, 0.0, 1.0]

lidar to imu:
  Translation: [-0.0, -0.0, -0.08]
  Rotation Matrix:
    [1.0, 0.0, -0.0]
    [0.0, 1.0, 0.0]
    [0.0, 0.0, 1.0]
  Euler Angles (Radians): (0.0, -0.0, 0.0)
  Quaternion: [0. 0. 0. 1.]
  4x4 Transformation Matrix:
    [1.0, 0.0, -0.0, -0.0]
    [0.0, 1.0, 0.0, -0.0]
    [0.0, 0.0, 1.0, -0.08]
    [0.0, 0.0, 0.0, 1.0]

lidar to camera:
  Translation: (0.0, 0.0, 0.13)
  Rotation Matrix:
    [6.123233995736766e-17, 1.0, 0.0]
    [-1.0, 6.123233995736766e-17, -0.0]
    [-0.0, 0.0, 1.0]
  Euler Angles (Radians): [0.0, 0.0, -1.5707963267948966]
  Quaternion: [0.0, 0.0, -0.7071067811865475, 0.7071067811865476]
  4x4 Transformation Matrix:
    [6.123233995736766e-17, 1.0, 0.0, 0.0]
    [-1.0, 6.123233995736766e-17, -0.0, 0.0]
    [-0.0, 0.0, 1.0, 0.13]
    [0.0, 0.0, 0.0, 1.0]

camera to lidar:
  Translation: [-0.0, -0.0, -0.13]
  Rotation Matrix:
    [6.123233995736766e-17, -1.0, -0.0]
    [1.0, 6.123233995736766e-17, 0.0]
    [0.0, -0.0, 1.0]
  Euler Angles (Radians): (-0.0, -0.0, 1.5707963267948966)
  Quaternion: [ 0.         -0.          0.70710678  0.70710678]
  4x4 Transformation Matrix:
    [6.123233995736766e-17, -1.0, -0.0, -0.0]
    [1.0, 6.123233995736766e-17, 0.0, -0.0]
    [0.0, -0.0, 1.0, -0.13]
    [0.0, 0.0, 0.0, 1.0]

imu to camera:
  Translation: [0.   0.   0.21]
  Rotation Matrix:
    [6.123233995736766e-17, 1.0, -0.0]
    [-1.0, 6.123233995736766e-17, 0.0]
    [0.0, 0.0, 1.0]
  Euler Angles (Radians): [0.0, -0.0, -1.5707963267948966]
  Quaternion: [0.0, -0.0, -0.7071067811865475, 0.7071067811865476]
  4x4 Transformation Matrix:
    [6.123233995736766e-17, 1.0, -0.0, 0.0]
    [-1.0, 6.123233995736766e-17, 0.0, 0.0]
    [0.0, 0.0, 1.0, 0.21000000000000002]
    [0.0, 0.0, 0.0, 1.0]

camera to imu:
  Translation: [-0.0, -0.0, -0.21000000000000002]
  Rotation Matrix:
    [6.123233995736766e-17, -1.0, 0.0]
    [1.0, 6.123233995736766e-17, 0.0]
    [-0.0, 0.0, 1.0]
  Euler Angles (Radians): (0.0, 0.0, 1.5707963267948966)
  Quaternion: [0.         0.         0.70710678 0.70710678]
  4x4 Transformation Matrix:
    [6.123233995736766e-17, -1.0, 0.0, -0.0]
    [1.0, 6.123233995736766e-17, 0.0, -0.0]
    [-0.0, 0.0, 1.0, -0.21000000000000002]
    [0.0, 0.0, 0.0, 1.0]

