Sample Indices
Indices Size:
393
Data:
35139
35152
35165
35175
35176
35187
35188
35198
35199
35211
35212
35213
35223
35224
35235
35236
35237
35249
35250
35251
35264
35265
35277
35278
35279
35280
35281
35294
35989
35990
35991
35992
35993
36005
36006
36007
36008
36009
36021
36022
36023
36024
36025
36026
36036
36037
36038
36039
36040
36050
36052
36053
36063
36064
36065
36075
36076
36077
36078
36091
36092
36093
36094
36095
36096
36097
36106
36107
36108
36110
36111
36112
36113
36120
36121
36122
36123
36124
36133
36134
36135
36136
36137
36138
36148
36149
36150
36151
36152
36153
36163
36164
36165
36166
36167
36175
36176
36177
36178
36179
36180
36181
36191
36192
36193
36194
36195
36196
36197
36206
36207
36208
36209
36210
36211
36212
36213
36222
36223
36224
36225
36226
36227
36228
36229
36230
36241
36242
36243
36244
36245
36259
36260
36261
36262
36263
36275
36276
36278
36279
36290
36291
36292
36293
36294
36306
36307
36308
36309
36310
36321
36322
36323
36326
36327
36329
36330
36331
36332
36339
36340
36341
36343
36344
36345
36346
36347
36348
36349
36350
36351
36357
36358
36359
36360
36363
36364
36365
36366
36367
36375
36376
36377
36378
36379
36381
36382
36383
36384
36385
36394
36395
36396
36397
36398
36399
36400
36401
36402
36403
36404
36405
36406
36407
36413
36414
36416
36417
36418
36419
36423
36424
36425
36426
36433
36434
36435
36436
36437
36438
36439
36441
36442
36443
36446
36453
36454
36455
36456
36457
36463
36465
36466
36467
36474
36475
36476
36477
36478
36484
36485
36486
36493
36494
36496
36497
36498
36501
36502
36503
36504
36505
36506
36515
36519
36520
36522
36523
36524
36525
36526
36527
36539
36540
36541
36542
36543
36544
36545
36546
36557
36558
36559
36560
36561
36562
36563
36575
36576
36577
36578
36587
36588
36589
36590
36591
36592
36593
36602
36603
36604
36605
36606
36607
36608
36618
36619
36620
36621
36622
36623
36631
36632
36633
36634
36635
36636
36645
36646
36647
36648
36649
36658
36659
36660
36661
36664
36665
36666
37227
37228
37229
37230
37243
37244
37245
37246
37259
37260
37261
37262
37275
37276
37277
37291
37304
37305
37319
37320
37321
37334
37335
37336
37348
37349
37362
37363
37378
37379
37380
37392
37393
37394
37405
37406
37407
37408
37420
37421
37432
37433
37434
37445
37446
37447
37457
37458
37459
37460
37470
37471
37472
37483
37484
37494
37495
37504
37505
37506
37516
37517
37526
37527
37528
37536
37537
37548
37558
37567
37575
37592
37632
37634
Coefficient of the plane:
-0.133348 -0.0341719 0.99048 -1.40084
Inliers Indices
Indices Size:
393
Data:
35139
35152
35165
35175
35176
35187
35188
35198
35199
35211
35212
35213
35223
35224
35235
35236
35237
35249
35250
35251
35264
35265
35277
35278
35279
35280
35281
35294
35989
35990
35991
35992
35993
36005
36006
36007
36008
36009
36021
36022
36023
36024
36025
36026
36036
36037
36038
36039
36040
36050
36052
36053
36063
36064
36065
36075
36076
36077
36078
36091
36092
36093
36094
36095
36096
36097
36106
36107
36108
36110
36111
36112
36113
36120
36121
36122
36123
36124
36133
36134
36135
36136
36137
36138
36148
36149
36150
36151
36152
36153
36163
36164
36165
36166
36167
36175
36176
36177
36178
36179
36180
36181
36191
36192
36193
36194
36195
36196
36197
36206
36207
36208
36209
36210
36211
36212
36213
36222
36223
36224
36225
36226
36227
36228
36229
36230
36241
36242
36243
36244
36245
36259
36260
36261
36262
36263
36275
36276
36278
36279
36290
36291
36292
36293
36294
36306
36307
36308
36309
36310
36321
36322
36323
36326
36327
36329
36330
36331
36332
36339
36340
36341
36343
36344
36345
36346
36347
36348
36349
36350
36351
36357
36358
36359
36360
36363
36364
36365
36366
36367
36375
36376
36377
36378
36379
36381
36382
36383
36384
36385
36394
36395
36396
36397
36398
36399
36400
36401
36402
36403
36404
36405
36406
36407
36413
36414
36416
36417
36418
36419
36423
36424
36425
36426
36433
36434
36435
36436
36437
36438
36439
36441
36442
36443
36446
36453
36454
36455
36456
36457
36463
36465
36466
36467
36474
36475
36476
36477
36478
36484
36485
36486
36493
36494
36496
36497
36498
36501
36502
36503
36504
36505
36506
36515
36519
36520
36522
36523
36524
36525
36526
36527
36539
36540
36541
36542
36543
36544
36545
36546
36557
36558
36559
36560
36561
36562
36563
36575
36576
36577
36578
36587
36588
36589
36590
36591
36592
36593
36602
36603
36604
36605
36606
36607
36608
36618
36619
36620
36621
36622
36623
36631
36632
36633
36634
36635
36636
36645
36646
36647
36648
36649
36658
36659
36660
36661
36664
36665
36666
37227
37228
37229
37230
37243
37244
37245
37246
37259
37260
37261
37262
37275
37276
37277
37291
37304
37305
37319
37320
37321
37334
37335
37336
37348
37349
37362
37363
37378
37379
37380
37392
37393
37394
37405
37406
37407
37408
37420
37421
37432
37433
37434
37445
37446
37447
37457
37458
37459
37460
37470
37471
37472
37483
37484
37494
37495
37504
37505
37506
37516
37517
37526
37527
37528
37536
37537
37548
37558
37567
37575
37592
37632
37634
