Sample Indices
Indices Size:
2821
Data:
32287
32289
32290
32291
32292
32293
32294
32295
32312
32324
32325
32328
32330
32333
32334
32335
32336
32338
32339
32343
32609
32610
32612
32613
32614
32615
32616
32617
32618
32619
32620
32621
32622
32623
32624
32626
32627
32628
32629
32630
32631
32632
32633
32634
32635
32636
32637
32638
32639
32640
32641
32642
32643
32644
32645
32646
32647
32648
32649
32650
32662
32663
32665
32666
32667
32668
32677
32678
32679
32680
32681
32688
32689
32690
32691
32697
32698
32699
32700
32703
32704
32708
32709
32710
32728
32737
32738
32739
32740
32741
32742
32743
32745
32746
32747
32750
32752
32753
32755
32757
32759
32761
32762
32764
32765
32766
32767
32768
32769
32770
32804
32806
32807
32809
32810
32812
32820
32829
32832
33027
33028
33029
33030
33031
33032
33033
33034
33035
33036
33037
33038
33039
33040
33041
33042
33043
33044
33045
33046
33047
33048
33049
33050
33051
33052
33053
33054
33055
33056
33057
33058
33059
33060
33061
33062
33063
33064
33065
33066
33067
33068
33069
33070
33071
33072
33073
33074
33075
33076
33077
33078
33079
33080
33081
33082
33083
33084
33085
33086
33088
33101
33102
33103
33112
33113
33114
33115
33123
33124
33125
33126
33127
33130
33131
33132
33133
33134
33135
33136
33137
33138
33139
33140
33141
33142
33143
33144
33145
33146
33147
33151
33152
33153
33154
33155
33156
33157
33158
33159
33169
33170
33171
33172
33173
33174
33175
33176
33177
33178
33179
33180
33181
33182
33183
33184
33185
33186
33187
33188
33189
33190
33191
33192
33193
33194
33195
33196
33197
33198
33199
33200
33201
33202
33204
33205
33206
33207
33208
33209
33210
33211
33212
33213
33214
33215
33216
33217
33218
33219
33220
33221
33222
33223
33224
33225
33226
33227
33228
33229
33230
33231
33232
33233
33234
33235
33236
33237
33238
33239
33240
33241
33242
33243
33244
33245
33246
33247
33248
33249
33250
33251
33252
33253
33254
33255
33256
33257
33258
33259
33261
33262
33263
33264
33268
33270
33272
33274
33275
33277
33279
33281
33282
33284
33286
33287
33288
33289
33290
33326
33328
33329
33330
33332
33333
33335
33337
33339
33341
33343
33345
33347
33349
33350
33352
33353
33355
33357
33360
33363
33365
33367
33369
33371
33373
33374
33376
33377
33379
33382
33385
33388
33390
33392
33394
33396
33398
33402
33405
33406
33409
33411
33412
33414
33419
33422
33424
33440
33463
33765
33766
33767
33768
33769
33770
33771
33772
33773
33774
33775
33776
33777
33778
33779
33780
33781
33782
33783
33784
33785
33786
33787
33788
33789
33790
33791
33792
33793
33794
33795
33796
33797
33798
33799
33800
33801
33802
33803
33804
33805
33806
33807
33808
33809
33810
33811
33812
33813
33814
33815
33816
33817
33818
33819
33820
33821
33822
33823
33824
33825
33826
33827
33828
33829
33830
33831
33832
33833
33834
33835
33836
33837
33838
33839
33840
33841
33842
33843
33844
33845
33846
33847
33848
33849
33850
33851
33852
33853
33854
33855
33856
33857
33858
33859
33860
33861
33862
33863
33864
33865
33866
33867
33868
33869
33870
33871
33872
33873
33874
33875
33877
33878
33879
33880
33881
33882
33883
33885
33886
33887
33888
33889
33890
33891
33894
33895
33896
33897
33898
33899
33901
33902
33903
33904
33905
33906
33908
33909
33910
33911
33912
33913
33914
33915
33916
33918
33919
33920
33921
33922
33923
33924
33925
33926
33927
33928
33929
33930
33932
33933
33934
33935
33936
33937
33938
33939
33940
33941
33942
33943
33944
33945
33946
33947
33948
33951
33952
33953
33954
33955
33956
33957
33958
33959
33960
33962
33963
33964
33965
33966
33967
33968
33969
33970
33972
33973
33974
33975
33976
33977
33978
33979
33981
33982
33983
33984
33985
33986
33987
33988
33989
33990
33991
33992
33993
33995
33996
33997
33998
33999
34001
34002
34003
34005
34006
34007
34010
34011
34014
34047
34049
34050
34051
34053
34055
34056
34058
34060
34062
34064
34066
34068
34070
34072
34074
34075
34077
34079
34082
34084
34086
34088
34090
34091
34093
34094
34096
34097
34099
34100
34102
34104
34107
34110
34112
34114
34116
34118
34122
34127
34128
34130
34132
34133
34138
34139
34147
34155
34159
34163
34165
34167
34169
34173
34180
34185
34191
34196
34202
34211
34215
34219
34222
34226
34228
34229
34231
34232
34236
34239
34241
34243
34245
34248
34252
34253
34256
34257
34259
34260
34262
34264
34266
34268
34270
34274
34281
34463
34464
34465
34466
34467
34468
34469
34470
34471
34472
34473
34474
34475
34476
34477
34478
34479
34480
34481
34482
34483
34484
34486
34487
34488
34489
34490
34491
34492
34494
34495
34496
34497
34498
34499
34500
34501
34502
34503
34504
34505
34506
34507
34508
34509
34510
34511
34512
34513
34514
34516
34517
34518
34519
34520
34521
34522
34523
34524
34525
34526
34527
34528
34529
34530
34531
34532
34533
34534
34535
34537
34538
34539
34540
34541
34542
34543
34544
34545
34546
34547
34548
34549
34551
34552
34553
34554
34555
34556
34557
34558
34559
34560
34561
34563
34564
34565
34566
34567
34568
34569
34570
34572
34573
34574
34575
34576
34577
34578
34579
34580
34582
34584
34585
34586
34587
34588
34589
34590
34592
34593
34594
34595
34596
34597
34598
34599
34600
34602
34603
34604
34605
34606
34607
34608
34609
34610
34611
34612
34614
34615
34616
34617
34618
34619
34620
34621
34622
34623
34625
34626
34627
34628
34629
34630
34631
34632
34633
34634
34635
34636
34637
34638
34639
34641
34642
34643
34644
34645
34646
34647
34648
34649
34650
34651
34652
34653
34654
34656
34657
34658
34659
34660
34661
34662
34663
34664
34665
34666
34667
34668
34669
34670
34671
34674
34675
34676
34677
34678
34679
34680
34681
34682
34683
34684
34685
34686
34691
34692
34693
34694
34695
34696
34697
34698
34699
34700
34701
34702
34703
34704
34708
34709
34710
34711
34712
34713
34714
34715
34716
34717
34718
34719
34720
34721
34722
34725
34726
34727
34728
34729
34730
34731
34732
34733
34734
34735
34736
34737
34738
34739
34740
34744
34745
34746
34747
34748
34749
34750
34751
34752
34753
34754
34755
34757
34758
34759
34760
34761
34762
34763
34764
34765
34766
34767
34770
34771
34772
34773
34774
34775
34776
34777
34778
34779
34782
34783
34784
34785
34786
34787
34788
34789
34790
34793
34794
34795
34796
34797
34798
34799
34800
34801
34802
34805
34806
34807
34808
34809
34810
34811
34812
34815
34816
34817
34818
34819
34820
34821
34822
34823
34826
34827
34828
34829
34830
34831
34836
34837
34838
34839
34840
34841
34842
34843
34847
34848
34849
34850
34851
34852
34856
34857
34858
34859
34860
34861
34863
34864
34865
34866
34868
34869
34870
34871
34872
34873
34875
34876
34877
34878
34879
34880
34881
34882
34884
34885
34886
34887
34888
34889
34890
34892
34893
34894
34895
34896
34897
34899
34900
34901
34902
34903
34905
34906
34907
34908
34910
34911
34912
34913
34916
34917
34919
34920
34921
34923
34924
34926
34927
34929
34930
34932
34933
34934
34936
34937
34939
34941
34943
34946
34948
34949
34951
34952
34954
34955
34957
34959
34960
34961
34963
34964
34966
34968
34970
34971
34974
34975
34977
34978
34980
34981
34983
34985
34986
34990
34994
34996
34997
34998
35000
35002
35003
35010
35011
35016
35017
35018
35019
35023
35027
35028
35029
35033
35034
35039
35040
35041
35047
35056
35065
35066
35073
35074
35083
35091
35092
35101
35102
35114
35115
35126
35138
35139
35151
35152
35153
35164
35165
35166
35174
35175
35176
35186
35187
35188
35196
35197
35198
35199
35210
35211
35212
35213
35222
35223
35224
35225
35234
35235
35236
35237
35248
35249
35250
35251
35252
35263
35264
35265
35276
35277
35278
35279
35280
35281
35293
35294
35305
35308
35310
35312
35314
35316
35319
35321
35323
35325
35326
35327
35328
35329
35330
35331
35332
35333
35334
35335
35336
35337
35338
35386
35387
35389
35390
35391
35392
35393
35394
35396
35399
35400
35402
35403
35404
35405
35406
35407
35408
35409
35410
35414
35415
35417
35419
35429
35433
35434
35436
35437
35438
35439
35440
35445
35446
35447
35448
35449
35456
35457
35458
35459
35460
35461
35462
35468
35469
35470
35471
35472
35473
35474
35475
35481
35482
35483
35484
35485
35486
35487
35488
35489
35490
35496
35497
35498
35499
35500
35501
35502
35503
35510
35511
35512
35513
35514
35515
35516
35517
35518
35523
35524
35525
35526
35527
35528
35529
35530
35531
35538
35539
35540
35541
35542
35543
35544
35545
35546
35547
35554
35555
35556
35557
35558
35559
35560
35561
35562
35569
35570
35571
35572
35573
35574
35575
35576
35577
35578
35579
35586
35587
35588
35589
35590
35591
35592
35593
35598
35599
35600
35601
35602
35603
35609
35610
35611
35614
35615
35616
35619
35620
35621
35622
35623
35624
35625
35626
35627
35628
35629
35631
35632
35633
35634
35635
35636
35637
35638
35639
35640
35641
35642
35643
35644
35648
35649
35650
35651
35652
35653
35654
35655
35656
35657
35658
35659
35660
35661
35662
35667
35668
35669
35670
35671
35672
35673
35674
35675
35676
35677
35678
35680
35681
35682
35683
35684
35685
35686
35687
35688
35689
35690
35691
35692
35693
35694
35695
35697
35698
35699
35700
35701
35702
35703
35704
35705
35706
35707
35708
35709
35710
35711
35714
35715
35716
35717
35718
35719
35720
35721
35722
35723
35724
35725
35726
35727
35728
35729
35730
35732
35733
35734
35735
35736
35737
35738
35739
35740
35741
35742
35743
35744
35745
35746
35748
35749
35750
35751
35752
35753
35754
35755
35756
35757
35758
35759
35760
35761
35763
35764
35765
35766
35767
35768
35769
35770
35771
35772
35773
35774
35775
35776
35779
35780
35781
35782
35783
35784
35785
35786
35787
35788
35789
35790
35791
35792
35794
35795
35796
35797
35798
35799
35800
35801
35802
35803
35804
35805
35806
35807
35808
35810
35811
35812
35813
35814
35815
35816
35817
35818
35819
35820
35821
35822
35823
35825
35826
35827
35828
35829
35830
35831
35832
35833
35834
35835
35836
35837
35839
35840
35841
35842
35843
35844
35845
35846
35847
35848
35849
35850
35851
35852
35854
35855
35856
35857
35858
35859
35860
35861
35862
35863
35864
35865
35866
35867
35868
35870
35871
35872
35873
35874
35875
35876
35877
35878
35879
35880
35881
35882
35883
35884
35886
35887
35888
35889
35890
35891
35892
35893
35894
35895
35896
35897
35898
35899
35901
35902
35903
35904
35905
35906
35907
35908
35909
35910
35911
35912
35913
35914
35917
35918
35919
35920
35921
35922
35923
35924
35925
35926
35927
35928
35930
35931
35932
35933
35934
35935
35936
35937
35938
35939
35940
35941
35942
35943
35945
35946
35947
35948
35949
35950
35951
35952
35953
35954
35955
35956
35957
35959
35960
35961
35962
35963
35964
35965
35966
35967
35968
35969
35970
35971
35972
35974
35975
35976
35977
35978
35979
35980
35981
35982
35983
35984
35985
35987
35988
35989
35990
35991
35992
35993
35994
35995
35996
35997
35998
35999
36000
36001
36003
36004
36005
36006
36007
36008
36009
36010
36011
36012
36013
36014
36015
36016
36017
36019
36020
36021
36022
36023
36024
36025
36026
36027
36028
36029
36030
36031
36032
36033
36035
36036
36037
36038
36039
36040
36041
36042
36043
36044
36045
36046
36047
36049
36050
36051
36052
36053
36054
36055
36056
36057
36058
36059
36060
36062
36063
36064
36065
36066
36067
36068
36069
36070
36071
36072
36074
36075
36076
36077
36078
36079
36080
36081
36082
36083
36084
36085
36086
36087
36090
36091
36092
36093
36094
36095
36096
36097
36098
36099
36100
36101
36102
36103
36105
36106
36107
36108
36109
36110
36111
36112
36113
36114
36115
36116
36117
36119
36120
36121
36122
36123
36124
36125
36126
36127
36128
36129
36130
36132
36133
36134
36135
36136
36137
36138
36139
36140
36141
36142
36143
36144
36145
36147
36148
36149
36150
36151
36152
36153
36154
36155
36156
36157
36158
36159
36160
36162
36163
36164
36165
36166
36167
36168
36169
36170
36171
36172
36174
36175
36176
36177
36178
36179
36180
36181
36182
36183
36184
36185
36186
36187
36188
36190
36191
36192
36193
36194
36195
36196
36197
36198
36199
36200
36201
36202
36203
36205
36206
36207
36208
36209
36210
36211
36212
36213
36214
36215
36216
36217
36218
36220
36221
36222
36223
36224
36225
36226
36227
36228
36229
36230
36231
36232
36233
36234
36235
36239
36240
36241
36242
36243
36244
36245
36246
36247
36248
36249
36250
36251
36252
36253
36257
36258
36259
36260
36261
36262
36263
36264
36265
36266
36267
36268
36269
36270
36271
36274
36275
36276
36277
36278
36279
36280
36281
36282
36283
36284
36285
36286
36287
36289
36290
36291
36292
36293
36294
36295
36296
36297
36298
36299
36300
36301
36302
36303
36305
36306
36307
36308
36309
36310
36311
36312
36313
36314
36315
36316
36317
36320
36321
36322
36323
36324
36325
36326
36327
36328
36329
36330
36331
36332
36333
36334
36338
36339
36340
36341
36342
36343
36344
36345
36346
36347
36348
36349
36350
36351
36352
36356
36357
36358
36359
36360
36361
36362
36363
36364
36365
36366
36367
36368
36369
36370
36374
36375
36376
36377
36378
36379
36380
36381
36382
36383
36384
36385
36386
36387
36388
36393
36394
36395
36396
36397
36398
36399
36400
36401
36402
36403
36404
36405
36406
36407
36408
36412
36413
36414
36415
36416
36417
36418
36419
36420
36421
36422
36423
36424
36425
36426
36431
36432
36433
36434
36435
36436
36437
36438
36439
36440
36441
36442
36443
36444
36445
36446
36451
36452
36453
36454
36455
36456
36457
36458
36459
36460
36461
36462
36463
36464
36465
36466
36467
36471
36472
36473
36474
36475
36476
36477
36478
36479
36480
36481
36482
36483
36484
36485
36486
36490
36491
36492
36493
36494
36495
36496
36497
36498
36499
36500
36501
36502
36503
36504
36505
36506
36511
36512
36513
36514
36515
36516
36517
36518
36519
36520
36521
36522
36523
36524
36525
36526
36527
36530
36531
36532
36533
36534
36535
36536
36537
36538
36539
36540
36541
36542
36543
36544
36545
36546
36548
36549
36550
36551
36552
36553
36554
36555
36556
36557
36558
36559
36560
36561
36562
36563
36565
36566
36567
36568
36569
36570
36571
36572
36573
36574
36575
36576
36577
36578
36580
36581
36582
36583
36584
36585
36586
36587
36588
36589
36590
36591
36592
36593
36595
36596
36597
36598
36599
36600
36601
36602
36603
36604
36605
36606
36607
36608
36610
36611
36612
36613
36614
36615
36616
36617
36618
36619
36620
36621
36622
36623
36625
36626
36627
36628
36629
36630
36631
36632
36633
36634
36635
36636
36638
36639
36640
36641
36642
36643
36644
36645
36646
36647
36648
36649
36651
36652
36653
36654
36655
36656
36657
36658
36659
36660
36661
36663
36664
36665
36666
36667
36674
36678
36680
36682
36684
36686
36688
36691
36693
36695
36696
36697
36698
36699
36700
36701
36702
36703
36704
36705
36706
36707
36864
36865
36866
36867
36868
36872
36874
36883
36889
36892
36893
36943
36952
36953
36954
36962
36963
36964
36965
36973
36974
36975
36976
36977
36978
36986
36987
36988
36989
36997
36998
36999
37000
37001
37009
37010
37011
37012
37021
37022
37023
37024
37025
37034
37035
37036
37037
37038
37047
37048
37049
37050
37051
37052
37061
37062
37063
37064
37065
37066
37075
37076
37077
37078
37079
37080
37089
37090
37091
37092
37093
37094
37103
37104
37105
37106
37107
37108
37109
37117
37118
37119
37120
37121
37122
37123
37131
37132
37133
37134
37135
37136
37137
37145
37146
37147
37148
37149
37150
37151
37159
37160
37161
37162
37163
37164
37165
37166
37176
37177
37178
37179
37180
37181
37182
37190
37191
37192
37193
37194
37195
37196
37197
37198
37207
37208
37209
37210
37211
37212
37213
37222
37223
37224
37225
37226
37227
37228
37229
37230
37238
37239
37240
37241
37242
37243
37244
37245
37246
37254
37255
37256
37257
37258
37259
37260
37261
37262
37269
37270
37271
37272
37273
37274
37275
37276
37277
37284
37285
37286
37287
37288
37289
37290
37291
37298
37299
37300
37301
37302
37303
37304
37305
37313
37314
37315
37316
37317
37318
37319
37320
37321
37328
37329
37330
37331
37332
37333
37334
37335
37336
37342
37343
37344
37345
37346
37347
37348
37349
37355
37356
37357
37358
37359
37360
37361
37362
37363
37373
37374
37375
37376
37377
37378
37379
37380
37386
37387
37388
37389
37390
37391
37392
37393
37394
37400
37401
37402
37403
37404
37405
37406
37407
37408
37413
37414
37415
37416
37417
37418
37419
37420
37421
37426
37427
37428
37429
37430
37431
37432
37433
37434
37439
37440
37441
37442
37443
37444
37445
37446
37447
37451
37452
37453
37454
37455
37456
37457
37458
37459
37460
37464
37465
37466
37467
37468
37469
37470
37471
37472
37475
37476
37477
37478
37479
37480
37481
37482
37483
37484
37487
37488
37489
37490
37491
37492
37493
37494
37495
37497
37498
37499
37500
37501
37502
37503
37504
37505
37506
37509
37510
37511
37512
37513
37514
37515
37516
37517
37520
37521
37522
37523
37524
37525
37526
37527
37528
37530
37531
37532
37533
37534
37535
37536
37537
37542
37543
37544
37545
37546
37547
37548
37551
37552
37553
37554
37555
37556
37557
37558
37561
37562
37563
37564
37565
37566
37567
37569
37570
37571
37572
37573
37574
37575
37579
37580
37581
37582
37583
37584
37587
37588
37589
37590
37591
37592
37595
37596
37597
37598
37599
37602
37603
37604
37606
37607
37608
37610
37611
37621
37622
37623
37624
37625
37626
37627
37628
37629
37631
37632
37633
37634
37635
37641
37645
37647
37649
37651
37653
37655
37657
37659
37661
37662
37663
37664
37665
37666
37667
37668
37669
37670
37671
37672
37673
37674
37675
37899
37906
37919
37922
37925
37926
37948
37950
37954
38058
38059
38060
38061
38062
38063
38066
38067
38068
38069
38087
38089
38091
38093
38095
38096
38097
38098
38099
38100
38101
38102
38103
38104
38105
38106
38107
38108
38403
38481
38485
38486
38487
38488
Coefficient of the plane:
-0.1184 -0.0378701 0.992243 -2.0749
Inliers Indices
Indices Size:
2821
Data:
32287
32289
32290
32291
32292
32293
32294
32295
32312
32324
32325
32328
32330
32333
32334
32335
32336
32338
32339
32343
32609
32610
32612
32613
32614
32615
32616
32617
32618
32619
32620
32621
32622
32623
32624
32626
32627
32628
32629
32630
32631
32632
32633
32634
32635
32636
32637
32638
32639
32640
32641
32642
32643
32644
32645
32646
32647
32648
32649
32650
32662
32663
32665
32666
32667
32668
32677
32678
32679
32680
32681
32688
32689
32690
32691
32697
32698
32699
32700
32703
32704
32708
32709
32710
32728
32737
32738
32739
32740
32741
32742
32743
32745
32746
32747
32750
32752
32753
32755
32757
32759
32761
32762
32764
32765
32766
32767
32768
32769
32770
32804
32806
32807
32809
32810
32812
32820
32829
32832
33027
33028
33029
33030
33031
33032
33033
33034
33035
33036
33037
33038
33039
33040
33041
33042
33043
33044
33045
33046
33047
33048
33049
33050
33051
33052
33053
33054
33055
33056
33057
33058
33059
33060
33061
33062
33063
33064
33065
33066
33067
33068
33069
33070
33071
33072
33073
33074
33075
33076
33077
33078
33079
33080
33081
33082
33083
33084
33085
33086
33088
33101
33102
33103
33112
33113
33114
33115
33123
33124
33125
33126
33127
33130
33131
33132
33133
33134
33135
33136
33137
33138
33139
33140
33141
33142
33143
33144
33145
33146
33147
33151
33152
33153
33154
33155
33156
33157
33158
33159
33169
33170
33171
33172
33173
33174
33175
33176
33177
33178
33179
33180
33181
33182
33183
33184
33185
33186
33187
33188
33189
33190
33191
33192
33193
33194
33195
33196
33197
33198
33199
33200
33201
33202
33204
33205
33206
33207
33208
33209
33210
33211
33212
33213
33214
33215
33216
33217
33218
33219
33220
33221
33222
33223
33224
33225
33226
33227
33228
33229
33230
33231
33232
33233
33234
33235
33236
33237
33238
33239
33240
33241
33242
33243
33244
33245
33246
33247
33248
33249
33250
33251
33252
33253
33254
33255
33256
33257
33258
33259
33261
33262
33263
33264
33268
33270
33272
33274
33275
33277
33279
33281
33282
33284
33286
33287
33288
33289
33290
33326
33328
33329
33330
33332
33333
33335
33337
33339
33341
33343
33345
33347
33349
33350
33352
33353
33355
33357
33360
33363
33365
33367
33369
33371
33373
33374
33376
33377
33379
33382
33385
33388
33390
33392
33394
33396
33398
33402
33405
33406
33409
33411
33412
33414
33419
33422
33424
33440
33463
33765
33766
33767
33768
33769
33770
33771
33772
33773
33774
33775
33776
33777
33778
33779
33780
33781
33782
33783
33784
33785
33786
33787
33788
33789
33790
33791
33792
33793
33794
33795
33796
33797
33798
33799
33800
33801
33802
33803
33804
33805
33806
33807
33808
33809
33810
33811
33812
33813
33814
33815
33816
33817
33818
33819
33820
33821
33822
33823
33824
33825
33826
33827
33828
33829
33830
33831
33832
33833
33834
33835
33836
33837
33838
33839
33840
33841
33842
33843
33844
33845
33846
33847
33848
33849
33850
33851
33852
33853
33854
33855
33856
33857
33858
33859
33860
33861
33862
33863
33864
33865
33866
33867
33868
33869
33870
33871
33872
33873
33874
33875
33877
33878
33879
33880
33881
33882
33883
33885
33886
33887
33888
33889
33890
33891
33894
33895
33896
33897
33898
33899
33901
33902
33903
33904
33905
33906
33908
33909
33910
33911
33912
33913
33914
33915
33916
33918
33919
33920
33921
33922
33923
33924
33925
33926
33927
33928
33929
33930
33932
33933
33934
33935
33936
33937
33938
33939
33940
33941
33942
33943
33944
33945
33946
33947
33948
33951
33952
33953
33954
33955
33956
33957
33958
33959
33960
33962
33963
33964
33965
33966
33967
33968
33969
33970
33972
33973
33974
33975
33976
33977
33978
33979
33981
33982
33983
33984
33985
33986
33987
33988
33989
33990
33991
33992
33993
33995
33996
33997
33998
33999
34001
34002
34003
34005
34006
34007
34010
34011
34014
34047
34049
34050
34051
34053
34055
34056
34058
34060
34062
34064
34066
34068
34070
34072
34074
34075
34077
34079
34082
34084
34086
34088
34090
34091
34093
34094
34096
34097
34099
34100
34102
34104
34107
34110
34112
34114
34116
34118
34122
34127
34128
34130
34132
34133
34138
34139
34147
34155
34159
34163
34165
34167
34169
34173
34180
34185
34191
34196
34202
34211
34215
34219
34222
34226
34228
34229
34231
34232
34236
34239
34241
34243
34245
34248
34252
34253
34256
34257
34259
34260
34262
34264
34266
34268
34270
34274
34281
34463
34464
34465
34466
34467
34468
34469
34470
34471
34472
34473
34474
34475
34476
34477
34478
34479
34480
34481
34482
34483
34484
34486
34487
34488
34489
34490
34491
34492
34494
34495
34496
34497
34498
34499
34500
34501
34502
34503
34504
34505
34506
34507
34508
34509
34510
34511
34512
34513
34514
34516
34517
34518
34519
34520
34521
34522
34523
34524
34525
34526
34527
34528
34529
34530
34531
34532
34533
34534
34535
34537
34538
34539
34540
34541
34542
34543
34544
34545
34546
34547
34548
34549
34551
34552
34553
34554
34555
34556
34557
34558
34559
34560
34561
34563
34564
34565
34566
34567
34568
34569
34570
34572
34573
34574
34575
34576
34577
34578
34579
34580
34582
34584
34585
34586
34587
34588
34589
34590
34592
34593
34594
34595
34596
34597
34598
34599
34600
34602
34603
34604
34605
34606
34607
34608
34609
34610
34611
34612
34614
34615
34616
34617
34618
34619
34620
34621
34622
34623
34625
34626
34627
34628
34629
34630
34631
34632
34633
34634
34635
34636
34637
34638
34639
34641
34642
34643
34644
34645
34646
34647
34648
34649
34650
34651
34652
34653
34654
34656
34657
34658
34659
34660
34661
34662
34663
34664
34665
34666
34667
34668
34669
34670
34671
34674
34675
34676
34677
34678
34679
34680
34681
34682
34683
34684
34685
34686
34691
34692
34693
34694
34695
34696
34697
34698
34699
34700
34701
34702
34703
34704
34708
34709
34710
34711
34712
34713
34714
34715
34716
34717
34718
34719
34720
34721
34722
34725
34726
34727
34728
34729
34730
34731
34732
34733
34734
34735
34736
34737
34738
34739
34740
34744
34745
34746
34747
34748
34749
34750
34751
34752
34753
34754
34755
34757
34758
34759
34760
34761
34762
34763
34764
34765
34766
34767
34770
34771
34772
34773
34774
34775
34776
34777
34778
34779
34782
34783
34784
34785
34786
34787
34788
34789
34790
34793
34794
34795
34796
34797
34798
34799
34800
34801
34802
34805
34806
34807
34808
34809
34810
34811
34812
34815
34816
34817
34818
34819
34820
34821
34822
34823
34826
34827
34828
34829
34830
34831
34836
34837
34838
34839
34840
34841
34842
34843
34847
34848
34849
34850
34851
34852
34856
34857
34858
34859
34860
34861
34863
34864
34865
34866
34868
34869
34870
34871
34872
34873
34875
34876
34877
34878
34879
34880
34881
34882
34884
34885
34886
34887
34888
34889
34890
34892
34893
34894
34895
34896
34897
34899
34900
34901
34902
34903
34905
34906
34907
34908
34910
34911
34912
34913
34916
34917
34919
34920
34921
34923
34924
34926
34927
34929
34930
34932
34933
34934
34936
34937
34939
34941
34943
34946
34948
34949
34951
34952
34954
34955
34957
34959
34960
34961
34963
34964
34966
34968
34970
34971
34974
34975
34977
34978
34980
34981
34983
34985
34986
34990
34994
34996
34997
34998
35000
35002
35003
35010
35011
35016
35017
35018
35019
35023
35027
35028
35029
35033
35034
35039
35040
35041
35047
35056
35065
35066
35073
35074
35083
35091
35092
35101
35102
35114
35115
35126
35138
35139
35151
35152
35153
35164
35165
35166
35174
35175
35176
35186
35187
35188
35196
35197
35198
35199
35210
35211
35212
35213
35222
35223
35224
35225
35234
35235
35236
35237
35248
35249
35250
35251
35252
35263
35264
35265
35276
35277
35278
35279
35280
35281
35293
35294
35305
35308
35310
35312
35314
35316
35319
35321
35323
35325
35326
35327
35328
35329
35330
35331
35332
35333
35334
35335
35336
35337
35338
35386
35387
35389
35390
35391
35392
35393
35394
35396
35399
35400
35402
35403
35404
35405
35406
35407
35408
35409
35410
35414
35415
35417
35419
35429
35433
35434
35436
35437
35438
35439
35440
35445
35446
35447
35448
35449
35456
35457
35458
35459
35460
35461
35462
35468
35469
35470
35471
35472
35473
35474
35475
35481
35482
35483
35484
35485
35486
35487
35488
35489
35490
35496
35497
35498
35499
35500
35501
35502
35503
35510
35511
35512
35513
35514
35515
35516
35517
35518
35523
35524
35525
35526
35527
35528
35529
35530
35531
35538
35539
35540
35541
35542
35543
35544
35545
35546
35547
35554
35555
35556
35557
35558
35559
35560
35561
35562
35569
35570
35571
35572
35573
35574
35575
35576
35577
35578
35579
35586
35587
35588
35589
35590
35591
35592
35593
35598
35599
35600
35601
35602
35603
35609
35610
35611
35614
35615
35616
35619
35620
35621
35622
35623
35624
35625
35626
35627
35628
35629
35631
35632
35633
35634
35635
35636
35637
35638
35639
35640
35641
35642
35643
35644
35648
35649
35650
35651
35652
35653
35654
35655
35656
35657
35658
35659
35660
35661
35662
35667
35668
35669
35670
35671
35672
35673
35674
35675
35676
35677
35678
35680
35681
35682
35683
35684
35685
35686
35687
35688
35689
35690
35691
35692
35693
35694
35695
35697
35698
35699
35700
35701
35702
35703
35704
35705
35706
35707
35708
35709
35710
35711
35714
35715
35716
35717
35718
35719
35720
35721
35722
35723
35724
35725
35726
35727
35728
35729
35730
35732
35733
35734
35735
35736
35737
35738
35739
35740
35741
35742
35743
35744
35745
35746
35748
35749
35750
35751
35752
35753
35754
35755
35756
35757
35758
35759
35760
35761
35763
35764
35765
35766
35767
35768
35769
35770
35771
35772
35773
35774
35775
35776
35779
35780
35781
35782
35783
35784
35785
35786
35787
35788
35789
35790
35791
35792
35794
35795
35796
35797
35798
35799
35800
35801
35802
35803
35804
35805
35806
35807
35808
35810
35811
35812
35813
35814
35815
35816
35817
35818
35819
35820
35821
35822
35823
35825
35826
35827
35828
35829
35830
35831
35832
35833
35834
35835
35836
35837
35839
35840
35841
35842
35843
35844
35845
35846
35847
35848
35849
35850
35851
35852
35854
35855
35856
35857
35858
35859
35860
35861
35862
35863
35864
35865
35866
35867
35868
35870
35871
35872
35873
35874
35875
35876
35877
35878
35879
35880
35881
35882
35883
35884
35886
35887
35888
35889
35890
35891
35892
35893
35894
35895
35896
35897
35898
35899
35901
35902
35903
35904
35905
35906
35907
35908
35909
35910
35911
35912
35913
35914
35917
35918
35919
35920
35921
35922
35923
35924
35925
35926
35927
35928
35930
35931
35932
35933
35934
35935
35936
35937
35938
35939
35940
35941
35942
35943
35945
35946
35947
35948
35949
35950
35951
35952
35953
35954
35955
35956
35957
35959
35960
35961
35962
35963
35964
35965
35966
35967
35968
35969
35970
35971
35972
35974
35975
35976
35977
35978
35979
35980
35981
35982
35983
35984
35985
35987
35988
35989
35990
35991
35992
35993
35994
35995
35996
35997
35998
35999
36000
36001
36003
36004
36005
36006
36007
36008
36009
36010
36011
36012
36013
36014
36015
36016
36017
36019
36020
36021
36022
36023
36024
36025
36026
36027
36028
36029
36030
36031
36032
36033
36035
36036
36037
36038
36039
36040
36041
36042
36043
36044
36045
36046
36047
36049
36050
36051
36052
36053
36054
36055
36056
36057
36058
36059
36060
36062
36063
36064
36065
36066
36067
36068
36069
36070
36071
36072
36074
36075
36076
36077
36078
36079
36080
36081
36082
36083
36084
36085
36086
36087
36090
36091
36092
36093
36094
36095
36096
36097
36098
36099
36100
36101
36102
36103
36105
36106
36107
36108
36109
36110
36111
36112
36113
36114
36115
36116
36117
36119
36120
36121
36122
36123
36124
36125
36126
36127
36128
36129
36130
36132
36133
36134
36135
36136
36137
36138
36139
36140
36141
36142
36143
36144
36145
36147
36148
36149
36150
36151
36152
36153
36154
36155
36156
36157
36158
36159
36160
36162
36163
36164
36165
36166
36167
36168
36169
36170
36171
36172
36174
36175
36176
36177
36178
36179
36180
36181
36182
36183
36184
36185
36186
36187
36188
36190
36191
36192
36193
36194
36195
36196
36197
36198
36199
36200
36201
36202
36203
36205
36206
36207
36208
36209
36210
36211
36212
36213
36214
36215
36216
36217
36218
36220
36221
36222
36223
36224
36225
36226
36227
36228
36229
36230
36231
36232
36233
36234
36235
36239
36240
36241
36242
36243
36244
36245
36246
36247
36248
36249
36250
36251
36252
36253
36257
36258
36259
36260
36261
36262
36263
36264
36265
36266
36267
36268
36269
36270
36271
36274
36275
36276
36277
36278
36279
36280
36281
36282
36283
36284
36285
36286
36287
36289
36290
36291
36292
36293
36294
36295
36296
36297
36298
36299
36300
36301
36302
36303
36305
36306
36307
36308
36309
36310
36311
36312
36313
36314
36315
36316
36317
36320
36321
36322
36323
36324
36325
36326
36327
36328
36329
36330
36331
36332
36333
36334
36338
36339
36340
36341
36342
36343
36344
36345
36346
36347
36348
36349
36350
36351
36352
36356
36357
36358
36359
36360
36361
36362
36363
36364
36365
36366
36367
36368
36369
36370
36374
36375
36376
36377
36378
36379
36380
36381
36382
36383
36384
36385
36386
36387
36388
36393
36394
36395
36396
36397
36398
36399
36400
36401
36402
36403
36404
36405
36406
36407
36408
36412
36413
36414
36415
36416
36417
36418
36419
36420
36421
36422
36423
36424
36425
36426
36431
36432
36433
36434
36435
36436
36437
36438
36439
36440
36441
36442
36443
36444
36445
36446
36451
36452
36453
36454
36455
36456
36457
36458
36459
36460
36461
36462
36463
36464
36465
36466
36467
36471
36472
36473
36474
36475
36476
36477
36478
36479
36480
36481
36482
36483
36484
36485
36486
36490
36491
36492
36493
36494
36495
36496
36497
36498
36499
36500
36501
36502
36503
36504
36505
36506
36511
36512
36513
36514
36515
36516
36517
36518
36519
36520
36521
36522
36523
36524
36525
36526
36527
36530
36531
36532
36533
36534
36535
36536
36537
36538
36539
36540
36541
36542
36543
36544
36545
36546
36548
36549
36550
36551
36552
36553
36554
36555
36556
36557
36558
36559
36560
36561
36562
36563
36565
36566
36567
36568
36569
36570
36571
36572
36573
36574
36575
36576
36577
36578
36580
36581
36582
36583
36584
36585
36586
36587
36588
36589
36590
36591
36592
36593
36595
36596
36597
36598
36599
36600
36601
36602
36603
36604
36605
36606
36607
36608
36610
36611
36612
36613
36614
36615
36616
36617
36618
36619
36620
36621
36622
36623
36625
36626
36627
36628
36629
36630
36631
36632
36633
36634
36635
36636
36638
36639
36640
36641
36642
36643
36644
36645
36646
36647
36648
36649
36651
36652
36653
36654
36655
36656
36657
36658
36659
36660
36661
36663
36664
36665
36666
36667
36674
36678
36680
36682
36684
36686
36688
36691
36693
36695
36696
36697
36698
36699
36700
36701
36702
36703
36704
36705
36706
36707
36864
36865
36866
36867
36868
36872
36874
36883
36889
36892
36893
36943
36952
36953
36954
36962
36963
36964
36965
36973
36974
36975
36976
36977
36978
36986
36987
36988
36989
36997
36998
36999
37000
37001
37009
37010
37011
37012
37021
37022
37023
37024
37025
37034
37035
37036
37037
37038
37047
37048
37049
37050
37051
37052
37061
37062
37063
37064
37065
37066
37075
37076
37077
37078
37079
37080
37089
37090
37091
37092
37093
37094
37103
37104
37105
37106
37107
37108
37109
37117
37118
37119
37120
37121
37122
37123
37131
37132
37133
37134
37135
37136
37137
37145
37146
37147
37148
37149
37150
37151
37159
37160
37161
37162
37163
37164
37165
37166
37176
37177
37178
37179
37180
37181
37182
37190
37191
37192
37193
37194
37195
37196
37197
37198
37207
37208
37209
37210
37211
37212
37213
37222
37223
37224
37225
37226
37227
37228
37229
37230
37238
37239
37240
37241
37242
37243
37244
37245
37246
37254
37255
37256
37257
37258
37259
37260
37261
37262
37269
37270
37271
37272
37273
37274
37275
37276
37277
37284
37285
37286
37287
37288
37289
37290
37291
37298
37299
37300
37301
37302
37303
37304
37305
37313
37314
37315
37316
37317
37318
37319
37320
37321
37328
37329
37330
37331
37332
37333
37334
37335
37336
37342
37343
37344
37345
37346
37347
37348
37349
37355
37356
37357
37358
37359
37360
37361
37362
37363
37373
37374
37375
37376
37377
37378
37379
37380
37386
37387
37388
37389
37390
37391
37392
37393
37394
37400
37401
37402
37403
37404
37405
37406
37407
37408
37413
37414
37415
37416
37417
37418
37419
37420
37421
37426
37427
37428
37429
37430
37431
37432
37433
37434
37439
37440
37441
37442
37443
37444
37445
37446
37447
37451
37452
37453
37454
37455
37456
37457
37458
37459
37460
37464
37465
37466
37467
37468
37469
37470
37471
37472
37475
37476
37477
37478
37479
37480
37481
37482
37483
37484
37487
37488
37489
37490
37491
37492
37493
37494
37495
37497
37498
37499
37500
37501
37502
37503
37504
37505
37506
37509
37510
37511
37512
37513
37514
37515
37516
37517
37520
37521
37522
37523
37524
37525
37526
37527
37528
37530
37531
37532
37533
37534
37535
37536
37537
37542
37543
37544
37545
37546
37547
37548
37551
37552
37553
37554
37555
37556
37557
37558
37561
37562
37563
37564
37565
37566
37567
37569
37570
37571
37572
37573
37574
37575
37579
37580
37581
37582
37583
37584
37587
37588
37589
37590
37591
37592
37595
37596
37597
37598
37599
37602
37603
37604
37606
37607
37608
37610
37611
37621
37622
37623
37624
37625
37626
37627
37628
37629
37631
37632
37633
37634
37635
37641
37645
37647
37649
37651
37653
37655
37657
37659
37661
37662
37663
37664
37665
37666
37667
37668
37669
37670
37671
37672
37673
37674
37675
37899
37906
37919
37922
37925
37926
37948
37950
37954
38058
38059
38060
38061
38062
38063
38066
38067
38068
38069
38087
38089
38091
38093
38095
38096
38097
38098
38099
38100
38101
38102
38103
38104
38105
38106
38107
38108
38403
38481
38485
38486
38487
38488
