Sample Indices
Indices Size:
169
Data:
107
112
113
114
117
1029
1073
1074
1107
1108
1139
1140
1166
1167
1192
1193
1217
1218
1219
1239
1240
1262
1263
1280
1281
1296
3541
3597
3598
3656
3657
3702
3744
3745
3746
3787
3788
3823
3824
3856
3857
3885
3886
3905
3906
3923
3924
3940
6297
6298
6350
6351
6398
6399
6400
6445
6446
6491
6492
6533
6534
6572
6573
6604
6605
6633
6634
6660
6661
6686
6687
6709
9398
9399
9453
9454
9512
9513
9569
9570
9615
9616
9657
9658
9695
9696
9731
9732
9758
9759
9791
9792
9820
9821
9843
9844
9868
9869
9889
9911
13140
13141
13190
13191
13234
13235
13278
13279
13312
13313
13314
13346
13347
13377
13378
13412
13413
13450
13451
13482
13483
13514
13515
13536
13537
13561
13562
13590
13591
17167
17212
17213
17254
17255
17289
17290
17322
17354
17355
17356
17392
17393
17431
17432
17465
17466
17498
17499
17529
17530
17554
17555
17576
17577
17594
17595
17614
17615
17633
17634
17654
17655
17677
17678
17679
17700
17701
17702
17723
Coefficient of the plane:
0.979828 0.0649653 0.18899 -17.2714
Inliers Indices
Indices Size:
169
Data:
107
112
113
114
117
1029
1073
1074
1107
1108
1139
1140
1166
1167
1192
1193
1217
1218
1219
1239
1240
1262
1263
1280
1281
1296
3541
3597
3598
3656
3657
3702
3744
3745
3746
3787
3788
3823
3824
3856
3857
3885
3886
3905
3906
3923
3924
3940
6297
6298
6350
6351
6398
6399
6400
6445
6446
6491
6492
6533
6534
6572
6573
6604
6605
6633
6634
6660
6661
6686
6687
6709
9398
9399
9453
9454
9512
9513
9569
9570
9615
9616
9657
9658
9695
9696
9731
9732
9758
9759
9791
9792
9820
9821
9843
9844
9868
9869
9889
9911
13140
13141
13190
13191
13234
13235
13278
13279
13312
13313
13314
13346
13347
13377
13378
13412
13413
13450
13451
13482
13483
13514
13515
13536
13537
13561
13562
13590
13591
17167
17212
17213
17254
17255
17289
17290
17322
17354
17355
17356
17392
17393
17431
17432
17465
17466
17498
17499
17529
17530
17554
17555
17576
17577
17594
17595
17614
17615
17633
17634
17654
17655
17677
17678
17679
17700
17701
17702
17723
