Sample Indices
Indices Size:
172
Data:
3326
3327
3368
3369
3401
3402
3440
3481
3585
3640
3641
3686
3687
3731
5774
5775
5839
5840
5882
5883
5884
5925
5926
5975
5976
6026
6027
6083
6084
6145
6146
6213
6214
6215
6284
6285
6434
6480
6481
6522
8694
8695
9047
9096
9097
9145
9202
9266
9331
9332
9389
9390
9391
9447
9448
9505
9506
9561
9562
9607
9608
9649
9688
9689
9724
9725
12050
12281
12337
12358
12455
12513
12571
12623
12624
12681
12746
12819
12820
12821
12897
12898
12899
12975
12976
13035
13036
13086
13087
13134
13135
13136
13185
13186
13229
13230
13273
13274
13308
13309
13343
13344
13374
13375
13409
13410
13447
13448
13479
13480
13481
13512
13513
13534
13535
13560
16047
16063
16064
16083
16084
16123
16142
16147
16155
17024
17072
17117
17118
17165
17166
17211
17253
17288
17321
17394
17433
17467
17468
17500
17501
17531
17532
17556
17557
17578
17579
17597
17598
17617
17618
17636
17637
17657
17658
17682
17705
17727
17775
17798
17821
17844
17864
17865
17886
17887
17907
17949
17950
17972
17993
18012
Coefficient of the plane:
0.967616 -0.232312 0.0987454 -20.6653
Inliers Indices
Indices Size:
172
Data:
3326
3327
3368
3369
3401
3402
3440
3481
3585
3640
3641
3686
3687
3731
5774
5775
5839
5840
5882
5883
5884
5925
5926
5975
5976
6026
6027
6083
6084
6145
6146
6213
6214
6215
6284
6285
6434
6480
6481
6522
8694
8695
9047
9096
9097
9145
9202
9266
9331
9332
9389
9390
9391
9447
9448
9505
9506
9561
9562
9607
9608
9649
9688
9689
9724
9725
12050
12281
12337
12358
12455
12513
12571
12623
12624
12681
12746
12819
12820
12821
12897
12898
12899
12975
12976
13035
13036
13086
13087
13134
13135
13136
13185
13186
13229
13230
13273
13274
13308
13309
13343
13344
13374
13375
13409
13410
13447
13448
13479
13480
13481
13512
13513
13534
13535
13560
16047
16063
16064
16083
16084
16123
16142
16147
16155
17024
17072
17117
17118
17165
17166
17211
17253
17288
17321
17394
17433
17467
17468
17500
17501
17531
17532
17556
17557
17578
17579
17597
17598
17617
17618
17636
17637
17657
17658
17682
17705
17727
17775
17798
17821
17844
17864
17865
17886
17887
17907
17949
17950
17972
17993
18012
