Sample Indices
Indices Size:
175
Data:
32669
32670
32682
32693
32701
32705
32711
32728
32735
33202
33203
33214
33228
33912
33975
33989
33990
34531
34669
34702
34734
34751
34763
34764
34776
34786
34787
34798
34808
34809
34819
34828
34839
34849
34857
34858
34864
34869
34878
34885
34986
34997
35003
35004
35012
35018
35019
35024
35029
35035
35036
35042
35043
35049
35050
35057
35058
35059
35067
35076
35077
35085
35086
35094
35095
35104
35105
35106
35118
35119
35130
35131
35132
35143
35144
35157
35158
35170
35171
35181
35182
35193
35194
35205
35206
35219
35220
35231
35232
35244
35245
35259
35260
35273
35274
35289
35290
35301
35302
35303
35306
35406
35710
35727
35745
36159
36187
36203
36218
36235
36253
36272
36287
36303
36318
36676
37643
38077
38495
38826
38903
39233
39314
39534
39615
39847
39916
39923
39937
39944
39948
39953
39977
40225
40254
40255
40258
40262
40265
40269
40287
40292
40298
40305
40312
40322
40323
40334
40339
40426
40430
40432
40433
40437
40440
40444
40445
40449
40455
40456
40465
40466
40474
40483
40484
40492
40499
40509
40520
40532
40557
40647
40661
40662
40679
Coefficient of the plane:
0.994079 0.0446827 -0.0990438 -33.5507
Inliers Indices
Indices Size:
175
Data:
32669
32670
32682
32693
32701
32705
32711
32728
32735
33202
33203
33214
33228
33912
33975
33989
33990
34531
34669
34702
34734
34751
34763
34764
34776
34786
34787
34798
34808
34809
34819
34828
34839
34849
34857
34858
34864
34869
34878
34885
34986
34997
35003
35004
35012
35018
35019
35024
35029
35035
35036
35042
35043
35049
35050
35057
35058
35059
35067
35076
35077
35085
35086
35094
35095
35104
35105
35106
35118
35119
35130
35131
35132
35143
35144
35157
35158
35170
35171
35181
35182
35193
35194
35205
35206
35219
35220
35231
35232
35244
35245
35259
35260
35273
35274
35289
35290
35301
35302
35303
35306
35406
35710
35727
35745
36159
36187
36203
36218
36235
36253
36272
36287
36303
36318
36676
37643
38077
38495
38826
38903
39233
39314
39534
39615
39847
39916
39923
39937
39944
39948
39953
39977
40225
40254
40255
40258
40262
40265
40269
40287
40292
40298
40305
40312
40322
40323
40334
40339
40426
40430
40432
40433
40437
40440
40444
40445
40449
40455
40456
40465
40466
40474
40483
40484
40492
40499
40509
40520
40532
40557
40647
40661
40662
40679
