Sample Indices
Indices Size:
165
Data:
19801
19829
19837
19846
19865
19877
19885
19900
19905
19906
19915
19919
23536
23564
23569
23574
23578
23583
23594
23605
23618
23631
23639
23645
23659
23677
23698
23703
23707
23710
23715
23720
23728
23736
23740
23748
23752
26266
26278
26294
26316
26339
26349
26370
26371
26400
26427
26448
26472
26489
26509
26525
26548
26560
26570
26588
26600
26612
26622
26631
26641
26651
26652
26658
26660
26667
26676
26687
26703
26727
26736
26743
26749
26755
26761
26766
26770
26773
26774
26778
26788
26791
28322
28323
28326
28327
28329
28330
28332
28334
28337
28339
28345
28354
28361
28370
28380
28384
28392
28393
28400
28401
28414
28428
28440
28452
28470
28471
28491
28504
28518
28525
28534
28546
28556
28567
28573
28580
28588
28597
28604
28612
28621
28625
28630
28642
28650
28651
28656
28657
28662
28664
28670
28680
28687
28689
28697
28700
28702
28711
28715
28719
28725
28731
28739
29572
29578
29584
29589
29593
29595
29596
29597
29600
29606
29614
29618
29631
29637
29642
29652
29659
29668
29673
29682
Coefficient of the plane:
0.997542 0.0482608 -0.0507944 -23.4081
Inliers Indices
Indices Size:
165
Data:
19801
19829
19837
19846
19865
19877
19885
19900
19905
19906
19915
19919
23536
23564
23569
23574
23578
23583
23594
23605
23618
23631
23639
23645
23659
23677
23698
23703
23707
23710
23715
23720
23728
23736
23740
23748
23752
26266
26278
26294
26316
26339
26349
26370
26371
26400
26427
26448
26472
26489
26509
26525
26548
26560
26570
26588
26600
26612
26622
26631
26641
26651
26652
26658
26660
26667
26676
26687
26703
26727
26736
26743
26749
26755
26761
26766
26770
26773
26774
26778
26788
26791
28322
28323
28326
28327
28329
28330
28332
28334
28337
28339
28345
28354
28361
28370
28380
28384
28392
28393
28400
28401
28414
28428
28440
28452
28470
28471
28491
28504
28518
28525
28534
28546
28556
28567
28573
28580
28588
28597
28604
28612
28621
28625
28630
28642
28650
28651
28656
28657
28662
28664
28670
28680
28687
28689
28697
28700
28702
28711
28715
28719
28725
28731
28739
29572
29578
29584
29589
29593
29595
29596
29597
29600
29606
29614
29618
29631
29637
29642
29652
29659
29668
29673
29682
