Sample Indices
Indices Size:
486
Data:
32624
32632
32640
32648
32666
32667
32689
32690
33085
33086
33136
33137
33146
33147
33158
33176
33177
33187
33198
33199
33210
33211
33225
33235
33236
33243
33249
33250
33255
33256
33257
33540
33541
33545
33551
33552
33559
33560
33568
33580
33581
33591
33592
33616
33617
33626
33639
33654
33655
33677
33678
33687
33697
33698
33706
33802
33803
33813
33814
33823
33833
33834
33843
33844
33854
33855
33856
33865
33874
33875
33882
33883
33890
33891
33898
33899
33904
33905
33908
34345
34346
34355
34356
34373
34374
34384
34397
34398
34409
34463
34464
34465
34466
34467
34472
34478
34484
34502
34513
34514
34525
34526
34527
34547
34548
34561
34606
34616
34617
34631
34632
34644
34645
34646
34661
34675
34676
34693
34694
34709
34710
34725
34726
34757
35386
35387
35388
35389
35390
35391
35392
35393
35394
35396
35399
35400
35402
35474
35487
35488
35502
35503
35516
35517
35529
35530
35544
35545
35560
35561
35575
35576
35591
35621
35622
35636
35637
35653
35654
35671
35672
35684
35685
35702
35718
35719
35736
35737
35751
35752
35765
35766
35781
35782
35796
35797
35811
35812
35826
35840
35856
35872
35887
35902
35989
36005
36021
36075
36133
36148
36175
36176
36191
36206
36223
36241
36242
36243
36259
36260
36275
36276
36291
36292
36307
36308
36323
36324
36341
36342
36360
36361
36379
36398
36399
36417
36418
36437
36438
36458
36459
36479
36480
36498
36499
36520
36521
36539
36540
36557
36573
36574
36588
36589
36603
36604
36618
36619
36633
36634
36646
36647
36658
36659
36660
36844
36845
36846
36847
36848
36849
36850
36851
36853
36855
36857
36860
37025
37038
37051
37052
37065
37066
37078
37079
37080
37093
37094
37106
37107
37121
37122
37135
37136
37149
37150
37163
37164
37180
37181
37195
37196
37211
37212
37226
37227
37242
37243
37258
37259
37274
37275
37289
37290
37303
37304
37319
37320
37333
37334
37335
37348
37349
37361
37362
37378
37379
37380
37392
37393
37406
37407
37420
37421
37433
37434
37446
37447
37459
37460
37472
37483
37484
37495
37506
37628
37629
37872
37873
37874
37875
37876
37877
37878
37879
37881
37883
37885
37887
37889
38062
38063
38326
38327
38328
38329
38330
38331
38333
38334
38335
38337
38339
38480
38481
38484
38586
38587
38588
38589
38590
38591
38593
38594
38596
38598
38600
38814
38881
38882
38883
38884
38885
38886
38890
38891
38893
38895
38897
39222
39293
39294
39295
39296
39297
39298
39301
39302
39304
39306
39308
39520
39591
39592
39593
39594
39595
39596
39598
39599
39601
39603
39604
39608
39833
39912
39920
39921
39934
39935
39942
39952
39957
39961
39967
39969
39971
39972
40214
40270
40271
40272
40273
40274
40277
40280
40281
40283
40288
40289
40295
40301
40302
40307
40308
40317
40318
40319
40328
40329
40416
40501
40511
40512
40524
40537
40549
40563
40578
40579
40592
40593
40606
40607
40608
40629
40630
40635
40636
40651
40652
40667
40668
40686
40687
40703
40704
40721
40736
40737
40738
40754
40770
40785
40797
40798
40807
40808
40816
40817
40818
40826
40834
40835
40836
40877
Coefficient of the plane:
0.979419 0.110529 -0.168883 -27.6546
Inliers Indices
Indices Size:
486
Data:
32624
32632
32640
32648
32666
32667
32689
32690
33085
33086
33136
33137
33146
33147
33158
33176
33177
33187
33198
33199
33210
33211
33225
33235
33236
33243
33249
33250
33255
33256
33257
33540
33541
33545
33551
33552
33559
33560
33568
33580
33581
33591
33592
33616
33617
33626
33639
33654
33655
33677
33678
33687
33697
33698
33706
33802
33803
33813
33814
33823
33833
33834
33843
33844
33854
33855
33856
33865
33874
33875
33882
33883
33890
33891
33898
33899
33904
33905
33908
34345
34346
34355
34356
34373
34374
34384
34397
34398
34409
34463
34464
34465
34466
34467
34472
34478
34484
34502
34513
34514
34525
34526
34527
34547
34548
34561
34606
34616
34617
34631
34632
34644
34645
34646
34661
34675
34676
34693
34694
34709
34710
34725
34726
34757
35386
35387
35388
35389
35390
35391
35392
35393
35394
35396
35399
35400
35402
35474
35487
35488
35502
35503
35516
35517
35529
35530
35544
35545
35560
35561
35575
35576
35591
35621
35622
35636
35637
35653
35654
35671
35672
35684
35685
35702
35718
35719
35736
35737
35751
35752
35765
35766
35781
35782
35796
35797
35811
35812
35826
35840
35856
35872
35887
35902
35989
36005
36021
36075
36133
36148
36175
36176
36191
36206
36223
36241
36242
36243
36259
36260
36275
36276
36291
36292
36307
36308
36323
36324
36341
36342
36360
36361
36379
36398
36399
36417
36418
36437
36438
36458
36459
36479
36480
36498
36499
36520
36521
36539
36540
36557
36573
36574
36588
36589
36603
36604
36618
36619
36633
36634
36646
36647
36658
36659
36660
36844
36845
36846
36847
36848
36849
36850
36851
36853
36855
36857
36860
37025
37038
37051
37052
37065
37066
37078
37079
37080
37093
37094
37106
37107
37121
37122
37135
37136
37149
37150
37163
37164
37180
37181
37195
37196
37211
37212
37226
37227
37242
37243
37258
37259
37274
37275
37289
37290
37303
37304
37319
37320
37333
37334
37335
37348
37349
37361
37362
37378
37379
37380
37392
37393
37406
37407
37420
37421
37433
37434
37446
37447
37459
37460
37472
37483
37484
37495
37506
37628
37629
37872
37873
37874
37875
37876
37877
37878
37879
37881
37883
37885
37887
37889
38062
38063
38326
38327
38328
38329
38330
38331
38333
38334
38335
38337
38339
38480
38481
38484
38586
38587
38588
38589
38590
38591
38593
38594
38596
38598
38600
38814
38881
38882
38883
38884
38885
38886
38890
38891
38893
38895
38897
39222
39293
39294
39295
39296
39297
39298
39301
39302
39304
39306
39308
39520
39591
39592
39593
39594
39595
39596
39598
39599
39601
39603
39604
39608
39833
39912
39920
39921
39934
39935
39942
39952
39957
39961
39967
39969
39971
39972
40214
40270
40271
40272
40273
40274
40277
40280
40281
40283
40288
40289
40295
40301
40302
40307
40308
40317
40318
40319
40328
40329
40416
40501
40511
40512
40524
40537
40549
40563
40578
40579
40592
40593
40606
40607
40608
40629
40630
40635
40636
40651
40652
40667
40668
40686
40687
40703
40704
40721
40736
40737
40738
40754
40770
40785
40797
40798
40807
40808
40816
40817
40818
40826
40834
40835
40836
40877
