Sample Indices
Indices Size:
277
Data:
32623
32630
32631
32639
32646
32647
32665
32678
32688
33075
33076
33084
33135
33145
33156
33157
33174
33175
33186
33197
33208
33222
33223
33224
33234
33241
33242
33248
33253
33254
33544
33550
33558
33567
33578
33590
33653
33666
33686
33705
33792
33793
33800
33801
33812
33821
33822
33831
33832
33842
33852
33853
33863
33864
33872
33873
33881
33888
33889
33896
33897
33902
33903
34320
34324
34344
34372
34408
34501
34511
34512
34524
34544
34545
34546
34559
34560
34570
34605
34615
34629
34630
34642
34643
34659
34660
34674
34691
34692
34708
35462
35472
35473
35485
35486
35500
35501
35514
35515
35527
35528
35542
35543
35557
35558
35559
35573
35574
35589
35590
35601
35619
35620
35634
35635
35651
35652
35669
35670
35682
35683
35700
35701
35716
35717
35734
35735
35749
35750
35764
35780
35795
36222
36290
36306
36321
36322
36339
36340
36358
36359
36377
36378
36397
36416
36436
36456
36457
36477
36478
36496
36497
36518
36519
36537
36538
36555
36556
36572
36587
36601
36602
36616
36617
36631
36632
36644
36645
36657
36964
36975
36976
36989
36999
37000
37001
37011
37012
37023
37024
37036
37037
37049
37050
37063
37064
37077
37090
37091
37092
37104
37105
37119
37120
37133
37134
37147
37148
37161
37162
37178
37179
37193
37194
37209
37210
37225
37240
37241
37256
37257
37272
37273
37287
37288
37301
37302
37317
37318
37332
37345
37346
37347
37359
37360
37376
37377
37390
37391
37404
37405
37418
37419
37431
37432
37444
37445
37457
37458
37470
37471
37482
37493
37494
37504
37505
37516
37517
37527
37528
37537
37627
38061
38479
38813
39221
39519
39832
39919
39927
40213
40276
40294
40300
40327
40415
40577
40628
40650
40685
40702
40720
40752
40753
40825
40844
40876
Coefficient of the plane:
0.962537 0.110329 -0.24769 -25.7306
Inliers Indices
Indices Size:
277
Data:
32623
32630
32631
32639
32646
32647
32665
32678
32688
33075
33076
33084
33135
33145
33156
33157
33174
33175
33186
33197
33208
33222
33223
33224
33234
33241
33242
33248
33253
33254
33544
33550
33558
33567
33578
33590
33653
33666
33686
33705
33792
33793
33800
33801
33812
33821
33822
33831
33832
33842
33852
33853
33863
33864
33872
33873
33881
33888
33889
33896
33897
33902
33903
34320
34324
34344
34372
34408
34501
34511
34512
34524
34544
34545
34546
34559
34560
34570
34605
34615
34629
34630
34642
34643
34659
34660
34674
34691
34692
34708
35462
35472
35473
35485
35486
35500
35501
35514
35515
35527
35528
35542
35543
35557
35558
35559
35573
35574
35589
35590
35601
35619
35620
35634
35635
35651
35652
35669
35670
35682
35683
35700
35701
35716
35717
35734
35735
35749
35750
35764
35780
35795
36222
36290
36306
36321
36322
36339
36340
36358
36359
36377
36378
36397
36416
36436
36456
36457
36477
36478
36496
36497
36518
36519
36537
36538
36555
36556
36572
36587
36601
36602
36616
36617
36631
36632
36644
36645
36657
36964
36975
36976
36989
36999
37000
37001
37011
37012
37023
37024
37036
37037
37049
37050
37063
37064
37077
37090
37091
37092
37104
37105
37119
37120
37133
37134
37147
37148
37161
37162
37178
37179
37193
37194
37209
37210
37225
37240
37241
37256
37257
37272
37273
37287
37288
37301
37302
37317
37318
37332
37345
37346
37347
37359
37360
37376
37377
37390
37391
37404
37405
37418
37419
37431
37432
37444
37445
37457
37458
37470
37471
37482
37493
37494
37504
37505
37516
37517
37527
37528
37537
37627
38061
38479
38813
39221
39519
39832
39919
39927
40213
40276
40294
40300
40327
40415
40577
40628
40650
40685
40702
40720
40752
40753
40825
40844
40876
