Sample Indices
Indices Size:
296
Data:
32633
32641
32649
32668
32680
32691
32698
32704
33159
33178
33188
33189
33200
33212
33226
33237
33244
33251
33553
33561
33582
33627
33656
33909
33920
33921
34385
34528
34529
34597
34607
34608
34618
34619
34633
34634
34647
34648
34663
34678
34679
34696
34697
34712
34727
34728
34729
34744
34745
34758
34770
34793
35249
35277
35278
35279
35403
35404
35518
35531
35546
35547
35562
35577
35578
35623
35624
35638
35639
35655
35656
35673
35674
35687
35688
35704
35705
35721
35722
35739
35753
35754
35755
35767
35768
35783
35784
35798
35799
35813
35814
35828
35829
35842
35843
35857
35858
35859
35874
35875
35888
35889
35903
35904
35905
35918
35933
35934
35948
35962
35963
35975
35976
35991
35992
36006
36007
36008
36022
36023
36036
36037
36050
36063
36076
36077
36091
36092
36093
36107
36108
36120
36121
36134
36135
36136
36149
36150
36163
36164
36177
36178
36193
36194
36208
36209
36225
36226
36244
36245
36261
36262
36263
36277
36278
36279
36294
36309
36310
36325
36326
36343
36344
36362
36363
36381
36382
36401
36402
36419
36420
36421
36439
36440
36460
36461
36481
36482
36500
36501
36522
36523
36541
36542
36559
36560
36575
36576
36590
36591
36605
36606
36620
36621
36635
36648
36649
36661
36664
36665
36861
36862
37109
37137
37151
37165
37166
37182
37197
37198
37213
37229
37230
37245
37246
37260
37261
37262
37276
37277
37291
37305
37321
37336
37363
37394
37632
37633
37890
37891
37892
38066
38067
38342
38485
38486
38602
38816
38817
38900
38901
39224
39310
39311
39312
39522
39610
39612
39613
39836
39837
39915
39922
39929
39930
39936
39943
39947
39975
40216
40217
40279
40282
40286
40290
40291
40297
40304
40311
40321
40331
40332
40337
40419
40494
40514
40539
40550
40580
40609
40610
40632
40639
40654
40655
40671
40689
40690
40706
40707
40723
40756
40787
40799
40810
40819
Coefficient of the plane:
0.947591 0.10937 -0.300181 -27.0531
Inliers Indices
Indices Size:
296
Data:
32633
32641
32649
32668
32680
32691
32698
32704
33159
33178
33188
33189
33200
33212
33226
33237
33244
33251
33553
33561
33582
33627
33656
33909
33920
33921
34385
34528
34529
34597
34607
34608
34618
34619
34633
34634
34647
34648
34663
34678
34679
34696
34697
34712
34727
34728
34729
34744
34745
34758
34770
34793
35249
35277
35278
35279
35403
35404
35518
35531
35546
35547
35562
35577
35578
35623
35624
35638
35639
35655
35656
35673
35674
35687
35688
35704
35705
35721
35722
35739
35753
35754
35755
35767
35768
35783
35784
35798
35799
35813
35814
35828
35829
35842
35843
35857
35858
35859
35874
35875
35888
35889
35903
35904
35905
35918
35933
35934
35948
35962
35963
35975
35976
35991
35992
36006
36007
36008
36022
36023
36036
36037
36050
36063
36076
36077
36091
36092
36093
36107
36108
36120
36121
36134
36135
36136
36149
36150
36163
36164
36177
36178
36193
36194
36208
36209
36225
36226
36244
36245
36261
36262
36263
36277
36278
36279
36294
36309
36310
36325
36326
36343
36344
36362
36363
36381
36382
36401
36402
36419
36420
36421
36439
36440
36460
36461
36481
36482
36500
36501
36522
36523
36541
36542
36559
36560
36575
36576
36590
36591
36605
36606
36620
36621
36635
36648
36649
36661
36664
36665
36861
36862
37109
37137
37151
37165
37166
37182
37197
37198
37213
37229
37230
37245
37246
37260
37261
37262
37276
37277
37291
37305
37321
37336
37363
37394
37632
37633
37890
37891
37892
38066
38067
38342
38485
38486
38602
38816
38817
38900
38901
39224
39310
39311
39312
39522
39610
39612
39613
39836
39837
39915
39922
39929
39930
39936
39943
39947
39975
40216
40217
40279
40282
40286
40290
40291
40297
40304
40311
40321
40331
40332
40337
40419
40494
40514
40539
40550
40580
40609
40610
40632
40639
40654
40655
40671
40689
40690
40706
40707
40723
40756
40787
40799
40810
40819
