Sample Indices
Indices Size:
291
Data:
38973
38977
38982
38987
38991
38992
38997
38998
39002
39007
39012
39017
39021
39022
39026
39027
39031
39032
39036
39037
39041
39042
39047
39048
39055
39056
39061
39062
39068
39069
39075
39081
39087
39093
39097
39098
39102
39103
39107
39108
39113
39114
39120
39121
39126
39127
39131
39132
39136
39137
39141
39145
39149
39152
39153
39157
39158
39161
39162
39165
39166
39169
39170
39173
39174
39177
39178
39182
39183
39188
39189
39192
39193
39196
39199
39202
39204
39382
39384
39386
39388
39390
39393
39395
39397
39399
39400
39402
39403
39405
39406
39408
39410
39412
39414
39417
39420
39423
39425
39426
39428
39429
39431
39432
39436
39437
39439
39440
39442
39443
39445
39447
39449
39451
39454
39457
39459
39461
39462
39464
39465
39467
39468
39470
39471
39473
39474
39476
39477
39479
39480
39482
39484
39485
39487
39489
39492
39495
39497
39498
39693
39695
39697
39698
39700
39702
39703
39705
39706
39708
39709
39712
39715
39717
39719
39721
39723
39724
39726
39728
39730
39731
39734
39735
39737
39738
39741
39743
39745
39749
39753
39755
39756
39758
39759
39761
39762
39764
39765
39767
39768
39770
39771
39773
39775
39778
39780
39782
39784
39786
39788
39790
39791
39793
39794
39796
39797
39799
39801
39803
39805
39808
39810
39813
40025
40028
40029
40032
40035
40038
40042
40045
40049
40053
40058
40062
40065
40068
40071
40074
40077
40080
40084
40088
40092
40097
40100
40102
40103
40106
40108
40110
40112
40114
40116
40119
40122
40125
40128
40132
40135
40138
40142
40145
40149
40153
40156
40159
40162
40165
40168
40172
40175
40176
40180
40184
40185
40345
40347
40349
40350
40351
40353
40355
40357
40359
40361
40363
40365
40368
40370
40373
40376
40378
40380
40382
40384
40386
40388
40390
40392
40394
40396
40398
40399
40400
40401
40402
40403
40404
40405
Coefficient of the plane:
0.974755 0.0797819 -0.208539 -50.0521
Inliers Indices
Indices Size:
291
Data:
38973
38977
38982
38987
38991
38992
38997
38998
39002
39007
39012
39017
39021
39022
39026
39027
39031
39032
39036
39037
39041
39042
39047
39048
39055
39056
39061
39062
39068
39069
39075
39081
39087
39093
39097
39098
39102
39103
39107
39108
39113
39114
39120
39121
39126
39127
39131
39132
39136
39137
39141
39145
39149
39152
39153
39157
39158
39161
39162
39165
39166
39169
39170
39173
39174
39177
39178
39182
39183
39188
39189
39192
39193
39196
39199
39202
39204
39382
39384
39386
39388
39390
39393
39395
39397
39399
39400
39402
39403
39405
39406
39408
39410
39412
39414
39417
39420
39423
39425
39426
39428
39429
39431
39432
39436
39437
39439
39440
39442
39443
39445
39447
39449
39451
39454
39457
39459
39461
39462
39464
39465
39467
39468
39470
39471
39473
39474
39476
39477
39479
39480
39482
39484
39485
39487
39489
39492
39495
39497
39498
39693
39695
39697
39698
39700
39702
39703
39705
39706
39708
39709
39712
39715
39717
39719
39721
39723
39724
39726
39728
39730
39731
39734
39735
39737
39738
39741
39743
39745
39749
39753
39755
39756
39758
39759
39761
39762
39764
39765
39767
39768
39770
39771
39773
39775
39778
39780
39782
39784
39786
39788
39790
39791
39793
39794
39796
39797
39799
39801
39803
39805
39808
39810
39813
40025
40028
40029
40032
40035
40038
40042
40045
40049
40053
40058
40062
40065
40068
40071
40074
40077
40080
40084
40088
40092
40097
40100
40102
40103
40106
40108
40110
40112
40114
40116
40119
40122
40125
40128
40132
40135
40138
40142
40145
40149
40153
40156
40159
40162
40165
40168
40172
40175
40176
40180
40184
40185
40345
40347
40349
40350
40351
40353
40355
40357
40359
40361
40363
40365
40368
40370
40373
40376
40378
40380
40382
40384
40386
40388
40390
40392
40394
40396
40398
40399
40400
40401
40402
40403
40404
40405
