Sample Indices
Indices Size:
498
Data:
31168
31173
31174
31175
31176
31590
31591
31592
31593
31595
31597
31598
31599
31601
31603
31604
31606
31607
31609
31612
31613
31614
31615
31894
31940
31956
31969
31974
31976
31977
31978
31979
31980
31981
31982
31983
31984
31985
31986
31987
31989
31990
31992
31993
31994
31996
31998
31999
32002
32004
32005
32007
32009
32010
32011
32254
32255
32256
32258
32259
32261
32264
32265
32267
32269
32271
32272
32278
32293
32294
32295
32312
32324
32325
32328
32330
32332
32333
32334
32335
32336
32337
32338
32339
32340
32341
32342
32343
32345
32347
32348
32351
32353
32354
32356
32358
32360
32362
32363
32582
32583
32585
32586
32587
32588
32594
32617
32618
32626
32634
32662
32677
32697
32703
32708
32734
32737
32738
32739
32740
32741
32742
32743
32744
32745
32746
32747
32750
32752
32753
32759
32761
32762
32764
32765
32766
33000
33002
33004
33005
33006
33012
33034
33039
33044
33049
33057
33061
33072
33078
33088
33101
33112
33123
33130
33138
33139
33140
33151
33169
33180
33191
33192
33204
33215
33216
33229
33246
33252
33258
33259
33260
33261
33262
33263
33264
33268
33270
33272
33275
33279
33281
33547
33555
33556
33564
33576
33587
33636
33664
33665
33684
33685
33695
33711
33765
33766
33767
33768
33769
33773
33774
33778
33779
33785
33786
33787
33794
33795
33805
33816
33824
33836
33837
33846
33857
33858
33866
33885
33894
33901
33906
34298
34301
34304
34307
34308
34311
34312
34316
34317
34322
34326
34327
34341
34352
34368
34369
34382
34394
34405
34406
34421
34468
34470
34471
34474
34475
34480
34487
34488
34495
34496
34504
34505
34517
34518
34538
34539
34553
34554
34564
34565
34574
34575
34584
34585
34593
34594
34603
35428
35429
35443
35444
35455
35456
35466
35467
35479
35480
35494
35495
35508
35509
35521
35522
35536
35537
35552
35566
35567
35568
35584
35596
36432
36453
36473
36474
36492
36493
36514
36515
36533
36534
36551
36568
36582
36583
36597
36598
36612
36613
36627
36628
36640
36641
36653
36654
36891
36907
36911
36916
36917
36921
36922
36931
36940
36941
36948
36949
36959
36960
36970
36971
36983
36984
36994
36995
37005
37006
37007
37017
37018
37030
37031
37032
37043
37044
37057
37058
37071
37072
37085
37086
37099
37100
37114
37115
37128
37129
37142
37143
37156
37157
37173
37174
37187
37188
37189
37204
37219
37220
37235
37236
37251
37252
37267
37268
37282
37283
37296
37297
37312
37313
37327
37328
37341
37342
37355
37356
37372
37386
37399
37400
37413
37414
37426
37427
37439
37440
37452
37453
37465
37466
37477
37478
37489
37490
37500
37501
37512
37523
37533
37544
37545
37554
37555
37564
37565
37572
37573
37582
37583
37590
37591
37598
37599
37623
37624
37953
38057
38058
38476
38807
38808
39215
39216
39341
39512
39513
39825
39826
40207
40208
40410
40412
40546
40547
40560
40574
40575
40588
40589
40602
40603
40625
40626
40682
40698
40699
40715
40716
40717
40732
40749
40750
40765
40766
40767
40781
40793
40794
40795
40803
40804
40814
40822
40830
40831
40840
40841
40848
40849
40855
40856
40859
40860
40873
40874
40881
40882
40883
40890
40897
40898
40902
40903
40908
Coefficient of the plane:
0.963773 0.0776555 -0.255169 -23.1908
Inliers Indices
Indices Size:
498
Data:
31168
31173
31174
31175
31176
31590
31591
31592
31593
31595
31597
31598
31599
31601
31603
31604
31606
31607
31609
31612
31613
31614
31615
31894
31940
31956
31969
31974
31976
31977
31978
31979
31980
31981
31982
31983
31984
31985
31986
31987
31989
31990
31992
31993
31994
31996
31998
31999
32002
32004
32005
32007
32009
32010
32011
32254
32255
32256
32258
32259
32261
32264
32265
32267
32269
32271
32272
32278
32293
32294
32295
32312
32324
32325
32328
32330
32332
32333
32334
32335
32336
32337
32338
32339
32340
32341
32342
32343
32345
32347
32348
32351
32353
32354
32356
32358
32360
32362
32363
32582
32583
32585
32586
32587
32588
32594
32617
32618
32626
32634
32662
32677
32697
32703
32708
32734
32737
32738
32739
32740
32741
32742
32743
32744
32745
32746
32747
32750
32752
32753
32759
32761
32762
32764
32765
32766
33000
33002
33004
33005
33006
33012
33034
33039
33044
33049
33057
33061
33072
33078
33088
33101
33112
33123
33130
33138
33139
33140
33151
33169
33180
33191
33192
33204
33215
33216
33229
33246
33252
33258
33259
33260
33261
33262
33263
33264
33268
33270
33272
33275
33279
33281
33547
33555
33556
33564
33576
33587
33636
33664
33665
33684
33685
33695
33711
33765
33766
33767
33768
33769
33773
33774
33778
33779
33785
33786
33787
33794
33795
33805
33816
33824
33836
33837
33846
33857
33858
33866
33885
33894
33901
33906
34298
34301
34304
34307
34308
34311
34312
34316
34317
34322
34326
34327
34341
34352
34368
34369
34382
34394
34405
34406
34421
34468
34470
34471
34474
34475
34480
34487
34488
34495
34496
34504
34505
34517
34518
34538
34539
34553
34554
34564
34565
34574
34575
34584
34585
34593
34594
34603
35428
35429
35443
35444
35455
35456
35466
35467
35479
35480
35494
35495
35508
35509
35521
35522
35536
35537
35552
35566
35567
35568
35584
35596
36432
36453
36473
36474
36492
36493
36514
36515
36533
36534
36551
36568
36582
36583
36597
36598
36612
36613
36627
36628
36640
36641
36653
36654
36891
36907
36911
36916
36917
36921
36922
36931
36940
36941
36948
36949
36959
36960
36970
36971
36983
36984
36994
36995
37005
37006
37007
37017
37018
37030
37031
37032
37043
37044
37057
37058
37071
37072
37085
37086
37099
37100
37114
37115
37128
37129
37142
37143
37156
37157
37173
37174
37187
37188
37189
37204
37219
37220
37235
37236
37251
37252
37267
37268
37282
37283
37296
37297
37312
37313
37327
37328
37341
37342
37355
37356
37372
37386
37399
37400
37413
37414
37426
37427
37439
37440
37452
37453
37465
37466
37477
37478
37489
37490
37500
37501
37512
37523
37533
37544
37545
37554
37555
37564
37565
37572
37573
37582
37583
37590
37591
37598
37599
37623
37624
37953
38057
38058
38476
38807
38808
39215
39216
39341
39512
39513
39825
39826
40207
40208
40410
40412
40546
40547
40560
40574
40575
40588
40589
40602
40603
40625
40626
40682
40698
40699
40715
40716
40717
40732
40749
40750
40765
40766
40767
40781
40793
40794
40795
40803
40804
40814
40822
40830
40831
40840
40841
40848
40849
40855
40856
40859
40860
40873
40874
40881
40882
40883
40890
40897
40898
40902
40903
40908
