Sample Indices
Indices Size:
1582
Data:
30647
31204
31205
31216
31228
31240
31250
31251
31259
31260
31266
31270
31274
31278
31281
31283
31285
31290
31293
31294
31296
31298
31300
31302
31304
31305
31307
31309
31312
31314
31316
31318
31320
31322
31323
31325
31327
31329
31333
31336
31339
31342
31344
31346
31348
31351
31353
31354
31356
31358
31361
31362
31363
31364
31376
31380
31418
31425
31622
31623
31626
31634
31643
31649
31654
31660
31665
31671
31674
31676
31678
31680
31684
31687
31689
31691
31693
31695
31697
31699
31700
31702
31705
31707
31709
31711
31713
31715
31717
31718
31720
31722
31724
31727
31729
31731
31733
31735
31737
31739
31741
31742
31744
31745
31747
31749
31750
31752
31753
31755
31757
31759
31767
31774
31784
31793
31803
31814
31822
31831
31837
31838
31842
31843
31846
31847
31848
31849
31850
31851
31852
31853
31854
31855
31856
31857
31858
31860
31862
31865
31866
31867
31868
31869
31871
31874
31876
31878
31880
31884
31887
31890
32012
32019
32020
32021
32023
32025
32027
32029
32031
32032
32035
32040
32043
32045
32047
32049
32054
32058
32059
32061
32063
32065
32067
32069
32071
32072
32074
32077
32080
32082
32084
32086
32088
32090
32092
32093
32095
32096
32098
32100
32103
32106
32108
32110
32112
32114
32116
32118
32120
32121
32123
32124
32125
32126
32127
32129
32131
32133
32139
32144
32151
32162
32172
32180
32187
32190
32191
32192
32195
32196
32197
32198
32199
32200
32201
32202
32203
32204
32205
32206
32208
32209
32210
32212
32214
32219
32221
32222
32223
32224
32226
32228
32230
32232
32233
32235
32237
32239
32241
32242
32243
32244
32245
32246
32247
32248
32249
32250
32251
32252
32253
32276
32277
32291
32292
32364
32365
32374
32375
32377
32379
32381
32383
32385
32387
32388
32390
32391
32393
32395
32397
32398
32400
32402
32406
32408
32409
32412
32414
32416
32418
32420
32422
32424
32425
32427
32429
32432
32434
32436
32438
32440
32442
32444
32445
32447
32448
32450
32452
32455
32457
32459
32461
32463
32465
32467
32469
32471
32473
32474
32476
32477
32478
32481
32483
32485
32489
32493
32494
32496
32499
32502
32507
32511
32512
32513
32515
32516
32517
32519
32520
32521
32522
32523
32524
32525
32526
32527
32529
32530
32531
32533
32535
32540
32544
32545
32546
32547
32549
32551
32553
32555
32557
32558
32560
32562
32563
32565
32566
32567
32568
32569
32570
32571
32572
32573
32574
32575
32576
32577
32578
32579
32592
32593
32597
32614
32615
32616
32755
32757
32767
32768
32769
32770
32779
32780
32782
32783
32785
32787
32789
32791
32793
32795
32796
32798
32800
32802
32803
32807
32809
32810
32812
32813
32816
32818
32820
32822
32824
32826
32828
32829
32831
32832
32834
32837
32839
32841
32843
32845
32847
32849
32850
32852
32853
32855
32857
32860
32863
32865
32867
32869
32871
32873
32875
32877
32879
32880
32881
32882
32884
32886
32889
32896
32898
32899
32901
32903
32905
32909
32912
32914
32916
32918
32920
32922
32924
32925
32926
32927
32928
32929
32930
32931
32932
32934
32936
32938
32940
32942
32946
32949
32951
32953
32955
32957
32959
32961
32963
32965
32967
32968
32970
32972
32973
32974
32975
32976
32977
32978
32979
32980
32981
32982
32984
32986
32987
32988
32989
32990
32991
32993
32994
32997
32998
33001
33011
33013
33014
33031
33032
33037
33038
33043
33048
33055
33056
33070
33071
33077
33274
33277
33282
33284
33286
33287
33288
33289
33290
33299
33300
33301
33303
33305
33306
33308
33310
33313
33315
33317
33318
33320
33322
33324
33325
33330
33332
33333
33335
33337
33339
33341
33343
33345
33347
33349
33350
33352
33353
33355
33357
33360
33363
33365
33367
33369
33371
33373
33374
33376
33377
33379
33382
33385
33388
33390
33392
33394
33396
33398
33402
33405
33406
33408
33409
33411
33412
33414
33419
33422
33424
33427
33429
33431
33433
33436
33440
33444
33446
33448
33450
33451
33453
33454
33456
33457
33459
33460
33462
33463
33465
33468
33470
33472
33474
33476
33481
33485
33487
33488
33490
33491
33493
33495
33498
33500
33502
33504
33506
33508
33510
33511
33512
33513
33514
33515
33516
33517
33518
33519
33520
33522
33525
33528
33530
33532
33533
33534
33535
33536
33537
33542
33546
33554
33563
33574
33575
33585
33586
33635
33649
33650
33674
33693
33694
33702
33703
33710
33714
33715
33716
33804
33815
33835
33845
33877
33918
33919
33932
33940
33951
33962
33972
33981
33982
33988
33995
34017
34018
34020
34021
34024
34025
34027
34029
34031
34033
34035
34037
34041
34043
34044
34046
34051
34053
34055
34056
34058
34060
34062
34064
34066
34068
34070
34072
34074
34075
34077
34079
34082
34084
34086
34088
34091
34094
34096
34097
34099
34100
34102
34104
34107
34110
34112
34114
34116
34118
34122
34127
34128
34130
34132
34133
34138
34139
34147
34155
34159
34163
34165
34169
34173
34180
34185
34191
34196
34202
34211
34215
34219
34222
34226
34228
34229
34231
34232
34236
34239
34241
34243
34245
34248
34253
34256
34257
34259
34260
34262
34264
34266
34268
34270
34272
34274
34276
34278
34279
34280
34281
34282
34283
34284
34285
34286
34287
34288
34289
34290
34292
34295
34296
34297
34299
34300
34303
34306
34310
34315
34321
34325
34328
34333
34339
34340
34351
34366
34367
34381
34392
34393
34404
34413
34414
34420
34469
34473
34479
34486
34494
34503
34516
34537
34551
34552
34562
34563
34572
34573
34582
34583
34592
34602
34614
34625
34690
34706
34707
34724
34743
34756
34769
34781
34792
34804
34814
34825
34834
34835
34846
34855
34884
34892
34899
34900
34905
34910
34916
34919
34923
34926
34929
34932
34933
34936
34937
34939
34941
34943
34946
34949
34952
34955
34957
34959
34960
34963
34964
34966
34968
34970
34974
34977
34980
34983
34985
34990
34994
34996
35000
35002
35010
35011
35016
35017
35023
35028
35034
35040
35047
35056
35065
35073
35083
35091
35101
35114
35126
35138
35151
35164
35174
35186
35196
35197
35210
35222
35234
35248
35263
35276
35293
35305
35308
35310
35312
35314
35316
35319
35321
35323
35325
35326
35327
35328
35329
35330
35331
35332
35333
35334
35335
35336
35337
35338
35421
35422
35424
35425
35427
35430
35431
35453
35454
35464
35465
35477
35478
35492
35493
35506
35507
35519
35520
35533
35534
35535
35549
35550
35551
35564
35565
35581
35582
35583
35595
35606
35607
35613
35618
35680
35697
35713
35714
35732
35733
35748
35763
35779
35794
35810
35825
35839
35854
35855
35870
35871
35886
35901
35917
35931
35947
35961
35974
36003
36004
36019
36020
36035
36049
36062
36074
36090
36105
36119
36132
36147
36162
36174
36190
36205
36220
36221
36239
36240
36258
36274
36289
36305
36320
36338
36356
36374
36393
36412
36431
36451
36452
36471
36472
36490
36491
36511
36512
36513
36530
36531
36532
36548
36549
36550
36565
36566
36567
36580
36581
36595
36596
36610
36611
36625
36626
36638
36639
36651
36652
36663
36674
36678
36680
36682
36684
36686
36688
36691
36693
36695
36696
36697
36698
36699
36700
36701
36702
36703
36704
36705
36706
36707
36887
36899
36900
36902
36903
36905
36906
36909
36910
36914
36915
36919
36920
36925
36939
36945
36946
36947
36957
36958
36968
36969
36980
36981
36982
36991
36992
36993
37004
37015
37016
37028
37029
37041
37042
37055
37056
37069
37070
37083
37084
37097
37098
37112
37113
37126
37127
37140
37141
37154
37155
37171
37172
37186
37201
37202
37203
37218
37233
37234
37249
37250
37265
37266
37280
37281
37294
37295
37310
37311
37325
37326
37339
37340
37353
37354
37370
37371
37384
37385
37397
37398
37411
37412
37424
37425
37437
37438
37450
37451
37463
37464
37475
37476
37487
37488
37498
37499
37510
37511
37521
37522
37531
37532
37542
37543
37552
37553
37562
37563
37570
37571
37580
37581
37588
37589
37596
37597
37603
37604
37606
37607
37608
37610
37611
37621
37622
37631
37641
37645
37647
37649
37651
37653
37655
37657
37659
37661
37662
37663
37664
37665
37666
37667
37668
37669
37670
37671
37672
37673
37674
37675
37918
37921
37924
37952
37972
37977
37980
37981
37984
37985
37991
37992
37995
37996
37999
38000
38003
38006
38012
38023
38055
38056
38065
38074
38079
38081
38083
38085
38087
38089
38091
38093
38095
38096
38097
38098
38099
38100
38101
38102
38103
38104
38105
38106
38107
38108
38372
38401
38473
38474
38483
38492
38497
38499
38501
38503
38505
38507
38509
38511
38513
38515
38516
38517
38518
38519
38520
38521
38522
38523
38524
38525
38527
38528
38625
38663
38805
38806
38812
38823
38828
38829
38831
38833
38835
38837
38839
38841
38843
38844
38846
38848
38850
38852
38854
38856
38858
38860
38861
38862
38864
38866
38868
38870
38922
38923
39213
39214
39220
39230
39235
39236
39238
39239
39242
39244
39246
39248
39250
39252
39254
39256
39258
39260
39262
39264
39266
39268
39270
39271
39273
39275
39277
39279
39339
39340
39366
39367
39370
39510
39511
39517
39529
39536
39539
39540
39544
39545
39547
39548
39550
39552
39553
39555
39557
39559
39561
39563
39565
39567
39569
39572
39574
39576
39579
39581
39583
39638
39642
39643
39648
39649
39679
39683
39684
39685
39823
39824
39829
39842
39850
39854
39856
39859
39862
39865
39868
39871
39873
39875
39878
39881
39883
39886
39890
39894
39897
39898
39900
39903
39907
39909
40009
40014
40205
40206
40210
40220
40227
40229
40231
40234
40236
40237
40238
40239
40240
40241
40242
40243
40244
40245
40246
40247
40248
40249
40250
40251
40252
40253
40256
40259
40406
40407
40411
40421
40427
40428
40429
40431
40434
40438
40441
40442
40446
40450
40457
40467
40475
40485
40493
40500
40510
40521
40522
40533
40534
40544
40545
40558
40559
40571
40572
40573
40585
40586
40600
40601
40620
40621
40622
40624
40634
40648
40663
40681
40697
40714
40730
40746
40747
40763
40764
40778
40779
40780
40791
40792
40801
40802
40811
40812
40820
40821
40828
40837
40838
40845
40846
40852
40853
40857
40858
40861
40863
40866
40867
40870
40871
40879
40887
40895
40899
40900
40901
40905
40906
40910
40911
40913
Coefficient of the plane:
0.983395 0.0773075 -0.164191 -23.2708
Inliers Indices
Indices Size:
1582
Data:
30647
31204
31205
31216
31228
31240
31250
31251
31259
31260
31266
31270
31274
31278
31281
31283
31285
31290
31293
31294
31296
31298
31300
31302
31304
31305
31307
31309
31312
31314
31316
31318
31320
31322
31323
31325
31327
31329
31333
31336
31339
31342
31344
31346
31348
31351
31353
31354
31356
31358
31361
31362
31363
31364
31376
31380
31418
31425
31622
31623
31626
31634
31643
31649
31654
31660
31665
31671
31674
31676
31678
31680
31684
31687
31689
31691
31693
31695
31697
31699
31700
31702
31705
31707
31709
31711
31713
31715
31717
31718
31720
31722
31724
31727
31729
31731
31733
31735
31737
31739
31741
31742
31744
31745
31747
31749
31750
31752
31753
31755
31757
31759
31767
31774
31784
31793
31803
31814
31822
31831
31837
31838
31842
31843
31846
31847
31848
31849
31850
31851
31852
31853
31854
31855
31856
31857
31858
31860
31862
31865
31866
31867
31868
31869
31871
31874
31876
31878
31880
31884
31887
31890
32012
32019
32020
32021
32023
32025
32027
32029
32031
32032
32035
32040
32043
32045
32047
32049
32054
32058
32059
32061
32063
32065
32067
32069
32071
32072
32074
32077
32080
32082
32084
32086
32088
32090
32092
32093
32095
32096
32098
32100
32103
32106
32108
32110
32112
32114
32116
32118
32120
32121
32123
32124
32125
32126
32127
32129
32131
32133
32139
32144
32151
32162
32172
32180
32187
32190
32191
32192
32195
32196
32197
32198
32199
32200
32201
32202
32203
32204
32205
32206
32208
32209
32210
32212
32214
32219
32221
32222
32223
32224
32226
32228
32230
32232
32233
32235
32237
32239
32241
32242
32243
32244
32245
32246
32247
32248
32249
32250
32251
32252
32253
32276
32277
32291
32292
32364
32365
32374
32375
32377
32379
32381
32383
32385
32387
32388
32390
32391
32393
32395
32397
32398
32400
32402
32406
32408
32409
32412
32414
32416
32418
32420
32422
32424
32425
32427
32429
32432
32434
32436
32438
32440
32442
32444
32445
32447
32448
32450
32452
32455
32457
32459
32461
32463
32465
32467
32469
32471
32473
32474
32476
32477
32478
32481
32483
32485
32489
32493
32494
32496
32499
32502
32507
32511
32512
32513
32515
32516
32517
32519
32520
32521
32522
32523
32524
32525
32526
32527
32529
32530
32531
32533
32535
32540
32544
32545
32546
32547
32549
32551
32553
32555
32557
32558
32560
32562
32563
32565
32566
32567
32568
32569
32570
32571
32572
32573
32574
32575
32576
32577
32578
32579
32592
32593
32597
32614
32615
32616
32755
32757
32767
32768
32769
32770
32779
32780
32782
32783
32785
32787
32789
32791
32793
32795
32796
32798
32800
32802
32803
32807
32809
32810
32812
32813
32816
32818
32820
32822
32824
32826
32828
32829
32831
32832
32834
32837
32839
32841
32843
32845
32847
32849
32850
32852
32853
32855
32857
32860
32863
32865
32867
32869
32871
32873
32875
32877
32879
32880
32881
32882
32884
32886
32889
32896
32898
32899
32901
32903
32905
32909
32912
32914
32916
32918
32920
32922
32924
32925
32926
32927
32928
32929
32930
32931
32932
32934
32936
32938
32940
32942
32946
32949
32951
32953
32955
32957
32959
32961
32963
32965
32967
32968
32970
32972
32973
32974
32975
32976
32977
32978
32979
32980
32981
32982
32984
32986
32987
32988
32989
32990
32991
32993
32994
32997
32998
33001
33011
33013
33014
33031
33032
33037
33038
33043
33048
33055
33056
33070
33071
33077
33274
33277
33282
33284
33286
33287
33288
33289
33290
33299
33300
33301
33303
33305
33306
33308
33310
33313
33315
33317
33318
33320
33322
33324
33325
33330
33332
33333
33335
33337
33339
33341
33343
33345
33347
33349
33350
33352
33353
33355
33357
33360
33363
33365
33367
33369
33371
33373
33374
33376
33377
33379
33382
33385
33388
33390
33392
33394
33396
33398
33402
33405
33406
33408
33409
33411
33412
33414
33419
33422
33424
33427
33429
33431
33433
33436
33440
33444
33446
33448
33450
33451
33453
33454
33456
33457
33459
33460
33462
33463
33465
33468
33470
33472
33474
33476
33481
33485
33487
33488
33490
33491
33493
33495
33498
33500
33502
33504
33506
33508
33510
33511
33512
33513
33514
33515
33516
33517
33518
33519
33520
33522
33525
33528
33530
33532
33533
33534
33535
33536
33537
33542
33546
33554
33563
33574
33575
33585
33586
33635
33649
33650
33674
33693
33694
33702
33703
33710
33714
33715
33716
33804
33815
33835
33845
33877
33918
33919
33932
33940
33951
33962
33972
33981
33982
33988
33995
34017
34018
34020
34021
34024
34025
34027
34029
34031
34033
34035
34037
34041
34043
34044
34046
34051
34053
34055
34056
34058
34060
34062
34064
34066
34068
34070
34072
34074
34075
34077
34079
34082
34084
34086
34088
34091
34094
34096
34097
34099
34100
34102
34104
34107
34110
34112
34114
34116
34118
34122
34127
34128
34130
34132
34133
34138
34139
34147
34155
34159
34163
34165
34169
34173
34180
34185
34191
34196
34202
34211
34215
34219
34222
34226
34228
34229
34231
34232
34236
34239
34241
34243
34245
34248
34253
34256
34257
34259
34260
34262
34264
34266
34268
34270
34272
34274
34276
34278
34279
34280
34281
34282
34283
34284
34285
34286
34287
34288
34289
34290
34292
34295
34296
34297
34299
34300
34303
34306
34310
34315
34321
34325
34328
34333
34339
34340
34351
34366
34367
34381
34392
34393
34404
34413
34414
34420
34469
34473
34479
34486
34494
34503
34516
34537
34551
34552
34562
34563
34572
34573
34582
34583
34592
34602
34614
34625
34690
34706
34707
34724
34743
34756
34769
34781
34792
34804
34814
34825
34834
34835
34846
34855
34884
34892
34899
34900
34905
34910
34916
34919
34923
34926
34929
34932
34933
34936
34937
34939
34941
34943
34946
34949
34952
34955
34957
34959
34960
34963
34964
34966
34968
34970
34974
34977
34980
34983
34985
34990
34994
34996
35000
35002
35010
35011
35016
35017
35023
35028
35034
35040
35047
35056
35065
35073
35083
35091
35101
35114
35126
35138
35151
35164
35174
35186
35196
35197
35210
35222
35234
35248
35263
35276
35293
35305
35308
35310
35312
35314
35316
35319
35321
35323
35325
35326
35327
35328
35329
35330
35331
35332
35333
35334
35335
35336
35337
35338
35421
35422
35424
35425
35427
35430
35431
35453
35454
35464
35465
35477
35478
35492
35493
35506
35507
35519
35520
35533
35534
35535
35549
35550
35551
35564
35565
35581
35582
35583
35595
35606
35607
35613
35618
35680
35697
35713
35714
35732
35733
35748
35763
35779
35794
35810
35825
35839
35854
35855
35870
35871
35886
35901
35917
35931
35947
35961
35974
36003
36004
36019
36020
36035
36049
36062
36074
36090
36105
36119
36132
36147
36162
36174
36190
36205
36220
36221
36239
36240
36258
36274
36289
36305
36320
36338
36356
36374
36393
36412
36431
36451
36452
36471
36472
36490
36491
36511
36512
36513
36530
36531
36532
36548
36549
36550
36565
36566
36567
36580
36581
36595
36596
36610
36611
36625
36626
36638
36639
36651
36652
36663
36674
36678
36680
36682
36684
36686
36688
36691
36693
36695
36696
36697
36698
36699
36700
36701
36702
36703
36704
36705
36706
36707
36887
36899
36900
36902
36903
36905
36906
36909
36910
36914
36915
36919
36920
36925
36939
36945
36946
36947
36957
36958
36968
36969
36980
36981
36982
36991
36992
36993
37004
37015
37016
37028
37029
37041
37042
37055
37056
37069
37070
37083
37084
37097
37098
37112
37113
37126
37127
37140
37141
37154
37155
37171
37172
37186
37201
37202
37203
37218
37233
37234
37249
37250
37265
37266
37280
37281
37294
37295
37310
37311
37325
37326
37339
37340
37353
37354
37370
37371
37384
37385
37397
37398
37411
37412
37424
37425
37437
37438
37450
37451
37463
37464
37475
37476
37487
37488
37498
37499
37510
37511
37521
37522
37531
37532
37542
37543
37552
37553
37562
37563
37570
37571
37580
37581
37588
37589
37596
37597
37603
37604
37606
37607
37608
37610
37611
37621
37622
37631
37641
37645
37647
37649
37651
37653
37655
37657
37659
37661
37662
37663
37664
37665
37666
37667
37668
37669
37670
37671
37672
37673
37674
37675
37918
37921
37924
37952
37972
37977
37980
37981
37984
37985
37991
37992
37995
37996
37999
38000
38003
38006
38012
38023
38055
38056
38065
38074
38079
38081
38083
38085
38087
38089
38091
38093
38095
38096
38097
38098
38099
38100
38101
38102
38103
38104
38105
38106
38107
38108
38372
38401
38473
38474
38483
38492
38497
38499
38501
38503
38505
38507
38509
38511
38513
38515
38516
38517
38518
38519
38520
38521
38522
38523
38524
38525
38527
38528
38625
38663
38805
38806
38812
38823
38828
38829
38831
38833
38835
38837
38839
38841
38843
38844
38846
38848
38850
38852
38854
38856
38858
38860
38861
38862
38864
38866
38868
38870
38922
38923
39213
39214
39220
39230
39235
39236
39238
39239
39242
39244
39246
39248
39250
39252
39254
39256
39258
39260
39262
39264
39266
39268
39270
39271
39273
39275
39277
39279
39339
39340
39366
39367
39370
39510
39511
39517
39529
39536
39539
39540
39544
39545
39547
39548
39550
39552
39553
39555
39557
39559
39561
39563
39565
39567
39569
39572
39574
39576
39579
39581
39583
39638
39642
39643
39648
39649
39679
39683
39684
39685
39823
39824
39829
39842
39850
39854
39856
39859
39862
39865
39868
39871
39873
39875
39878
39881
39883
39886
39890
39894
39897
39898
39900
39903
39907
39909
40009
40014
40205
40206
40210
40220
40227
40229
40231
40234
40236
40237
40238
40239
40240
40241
40242
40243
40244
40245
40246
40247
40248
40249
40250
40251
40252
40253
40256
40259
40406
40407
40411
40421
40427
40428
40429
40431
40434
40438
40441
40442
40446
40450
40457
40467
40475
40485
40493
40500
40510
40521
40522
40533
40534
40544
40545
40558
40559
40571
40572
40573
40585
40586
40600
40601
40620
40621
40622
40624
40634
40648
40663
40681
40697
40714
40730
40746
40747
40763
40764
40778
40779
40780
40791
40792
40801
40802
40811
40812
40820
40821
40828
40837
40838
40845
40846
40852
40853
40857
40858
40861
40863
40866
40867
40870
40871
40879
40887
40895
40899
40900
40901
40905
40906
40910
40911
40913
