Sample Indices
Indices Size:
271
Data:
33602
33603
33606
33607
33612
33621
33630
33631
33644
33659
33660
33949
33960
33970
33979
33987
33993
33999
34007
34011
34580
34590
34722
34737
34738
34754
34755
34767
34779
34790
34801
34802
34812
34822
34823
34831
34842
34843
34852
34861
34872
34873
34882
34888
34889
34890
34895
34896
34897
34903
34906
34907
34908
34912
34913
34917
34920
34921
34924
34927
34930
34934
34961
35041
35048
35066
35074
35084
35092
35093
35102
35103
35116
35117
35127
35128
35140
35141
35154
35155
35167
35168
35178
35179
35190
35202
35215
35216
35227
35228
35240
35241
35255
35256
35269
35270
35285
35286
35297
35298
35415
35417
35419
35475
35489
35695
35711
35730
35792
35807
35808
35822
35823
35837
35850
35851
35852
35867
35868
35882
35883
35884
35897
35898
35899
35912
35913
35926
35927
35942
35943
35956
35957
35970
35971
35983
35984
35999
36000
36015
36016
36031
36032
36045
36046
36058
36070
36071
36084
36085
36100
36101
36115
36116
36127
36128
36129
36143
36144
36158
36171
36172
36185
36186
36201
36202
36216
36217
36232
36233
36234
36251
36252
36269
36270
36271
36285
36286
36301
36302
36317
36333
36334
36350
36351
36352
36369
36370
36388
36408
36669
36872
36874
36889
36892
36954
36977
36978
37638
37922
37925
37926
37947
37948
37950
37954
38071
38072
38075
38376
38377
38399
38402
38403
38405
38490
38493
38634
38664
38665
38669
38670
38671
38821
38824
38955
38962
39231
39372
39532
39845
40223
40266
40424
40439
40443
40447
40452
40453
40462
40463
40471
40480
40481
40490
40497
40506
40507
40517
40518
40528
40529
40542
40555
40569
40584
40598
40599
40613
40619
40644
40645
40660
40676
40677
40695
40696
40712
40713
40728
40744
Coefficient of the plane:
0.948301 0.146783 -0.28139 -31.293
Inliers Indices
Indices Size:
271
Data:
33602
33603
33606
33607
33612
33621
33630
33631
33644
33659
33660
33949
33960
33970
33979
33987
33993
33999
34007
34011
34580
34590
34722
34737
34738
34754
34755
34767
34779
34790
34801
34802
34812
34822
34823
34831
34842
34843
34852
34861
34872
34873
34882
34888
34889
34890
34895
34896
34897
34903
34906
34907
34908
34912
34913
34917
34920
34921
34924
34927
34930
34934
34961
35041
35048
35066
35074
35084
35092
35093
35102
35103
35116
35117
35127
35128
35140
35141
35154
35155
35167
35168
35178
35179
35190
35202
35215
35216
35227
35228
35240
35241
35255
35256
35269
35270
35285
35286
35297
35298
35415
35417
35419
35475
35489
35695
35711
35730
35792
35807
35808
35822
35823
35837
35850
35851
35852
35867
35868
35882
35883
35884
35897
35898
35899
35912
35913
35926
35927
35942
35943
35956
35957
35970
35971
35983
35984
35999
36000
36015
36016
36031
36032
36045
36046
36058
36070
36071
36084
36085
36100
36101
36115
36116
36127
36128
36129
36143
36144
36158
36171
36172
36185
36186
36201
36202
36216
36217
36232
36233
36234
36251
36252
36269
36270
36271
36285
36286
36301
36302
36317
36333
36334
36350
36351
36352
36369
36370
36388
36408
36669
36872
36874
36889
36892
36954
36977
36978
37638
37922
37925
37926
37947
37948
37950
37954
38071
38072
38075
38376
38377
38399
38402
38403
38405
38490
38493
38634
38664
38665
38669
38670
38671
38821
38824
38955
38962
39231
39372
39532
39845
40223
40266
40424
40439
40443
40447
40452
40453
40462
40463
40471
40480
40481
40490
40497
40506
40507
40517
40518
40528
40529
40542
40555
40569
40584
40598
40599
40613
40619
40644
40645
40660
40676
40677
40695
40696
40712
40713
40728
40744
