Sample Indices
Indices Size:
284
Data:
123
124
125
127
1111
1143
1170
1171
1196
1197
1222
1223
1243
1244
1267
1284
1285
1299
1300
1311
1318
1324
3543
3601
3602
3660
3661
3706
3749
3750
3792
3793
3827
3828
3861
3889
3890
3910
3928
3929
3944
3956
3957
3966
3967
3968
5886
5980
6034
6092
6158
6226
6227
6299
6354
6403
6449
6450
6496
6497
6537
6538
6577
6609
6610
6638
6639
6665
6666
6691
6692
6713
6714
6740
6741
6762
6763
6779
6780
6794
6795
8663
8714
8738
8761
8786
8794
8819
8856
9573
9620
9661
9662
9663
9700
9701
9702
9736
9737
9763
9764
9796
9797
9825
9826
9848
9849
9873
9874
9893
9894
9915
9916
9938
9939
9963
9964
9981
9982
10000
10001
12032
12064
12091
12124
12156
12625
12626
12682
12747
12822
12980
13040
13092
13142
13238
13239
13318
13351
13352
13383
13384
13417
13418
13455
13456
13487
13488
13519
13520
13541
13542
13566
13595
13619
13620
13647
13648
13674
13675
13697
13698
13720
13721
13745
13746
13747
13768
13784
15821
15845
15858
15870
15880
15901
15921
15922
16156
16165
16184
16212
16236
16273
16318
16366
16420
16480
16540
16541
16861
16920
16972
17025
17073
17074
17119
17168
17169
17214
17215
17398
17436
17437
17438
17470
17471
17503
17504
17534
17535
17559
17560
17581
17582
17599
17600
17619
17620
17638
17639
17659
17660
17683
17684
17706
17707
17728
17750
17751
17773
17774
17796
17797
17819
17820
17842
17843
17862
17863
17885
19986
19988
20002
20011
20015
20220
20231
20243
20259
20271
20284
20295
20306
20323
20341
20342
20366
20367
20460
20461
20496
20497
20534
20535
20582
20583
20634
20635
20694
20695
20760
20761
20828
20829
21183
21240
21295
21340
21388
21433
21475
24112
24150
24185
Coefficient of the plane:
0.973465 0.0864804 -0.211865 -20.1942
Inliers Indices
Indices Size:
284
Data:
123
124
125
127
1111
1143
1170
1171
1196
1197
1222
1223
1243
1244
1267
1284
1285
1299
1300
1311
1318
1324
3543
3601
3602
3660
3661
3706
3749
3750
3792
3793
3827
3828
3861
3889
3890
3910
3928
3929
3944
3956
3957
3966
3967
3968
5886
5980
6034
6092
6158
6226
6227
6299
6354
6403
6449
6450
6496
6497
6537
6538
6577
6609
6610
6638
6639
6665
6666
6691
6692
6713
6714
6740
6741
6762
6763
6779
6780
6794
6795
8663
8714
8738
8761
8786
8794
8819
8856
9573
9620
9661
9662
9663
9700
9701
9702
9736
9737
9763
9764
9796
9797
9825
9826
9848
9849
9873
9874
9893
9894
9915
9916
9938
9939
9963
9964
9981
9982
10000
10001
12032
12064
12091
12124
12156
12625
12626
12682
12747
12822
12980
13040
13092
13142
13238
13239
13318
13351
13352
13383
13384
13417
13418
13455
13456
13487
13488
13519
13520
13541
13542
13566
13595
13619
13620
13647
13648
13674
13675
13697
13698
13720
13721
13745
13746
13747
13768
13784
15821
15845
15858
15870
15880
15901
15921
15922
16156
16165
16184
16212
16236
16273
16318
16366
16420
16480
16540
16541
16861
16920
16972
17025
17073
17074
17119
17168
17169
17214
17215
17398
17436
17437
17438
17470
17471
17503
17504
17534
17535
17559
17560
17581
17582
17599
17600
17619
17620
17638
17639
17659
17660
17683
17684
17706
17707
17728
17750
17751
17773
17774
17796
17797
17819
17820
17842
17843
17862
17863
17885
19986
19988
20002
20011
20015
20220
20231
20243
20259
20271
20284
20295
20306
20323
20341
20342
20366
20367
20460
20461
20496
20497
20534
20535
20582
20583
20634
20635
20694
20695
20760
20761
20828
20829
21183
21240
21295
21340
21388
21433
21475
24112
24150
24185
