Sample Indices
Indices Size:
315
Data:
32694
32702
32707
32712
32729
32730
32736
33562
33569
33583
33584
33593
33594
33609
33618
33619
33640
33641
33657
33668
33679
33688
33689
33913
33914
33925
33926
33934
33935
33936
33944
33954
33955
33956
33965
33966
33974
33983
34347
34357
34358
34359
34375
34376
34399
34400
34410
34532
34612
34623
34638
34639
34651
34652
34653
34667
34668
34682
34683
34684
34700
34701
34716
34717
34718
34732
34733
34749
34750
34762
34773
34774
34775
34784
34785
34796
34797
34806
34807
34817
34818
34826
34827
34836
34837
34838
34847
34848
34856
35198
35211
35223
35235
35236
35250
35251
35264
35265
35280
35281
35294
35407
35627
35628
35629
35642
35643
35659
35660
35677
35678
35691
35692
35708
35709
35725
35726
35742
35743
35744
35757
35758
35771
35772
35787
35788
35802
35803
35817
35832
35833
35846
35861
35862
35863
35877
35878
35892
35893
35907
35908
35921
35922
35937
35938
35950
35951
35952
35965
35966
35978
35979
35994
35995
36010
36011
36026
36027
36040
36041
36052
36053
36065
36066
36079
36080
36095
36096
36110
36111
36123
36124
36137
36138
36152
36153
36166
36167
36180
36181
36196
36197
36211
36212
36228
36229
36246
36247
36264
36265
36266
36280
36281
36296
36297
36312
36313
36328
36329
36345
36346
36347
36364
36365
36383
36384
36403
36404
36422
36423
36441
36442
36443
36463
36464
36483
36484
36485
36502
36503
36524
36525
36543
36544
36561
36562
36578
36592
36593
36607
36608
36622
36623
36636
36666
36865
37634
37896
37897
38068
38345
38346
38487
38605
38606
38818
38819
38904
38905
39225
39226
39315
39523
39524
39525
39616
39838
39918
39924
39925
39932
39939
39945
39950
39954
39958
39962
39978
39979
40218
40299
40306
40314
40315
40316
40324
40335
40340
40341
40420
40468
40476
40486
40487
40495
40503
40515
40526
40551
40552
40565
40581
40596
40615
40616
40633
40640
40656
40657
40672
40691
40692
40708
40709
40724
40740
40741
40742
40757
40758
40773
40774
40788
40789
40800
Coefficient of the plane:
0.952744 0.141157 -0.268986 -29.0375
Inliers Indices
Indices Size:
315
Data:
32694
32702
32707
32712
32729
32730
32736
33562
33569
33583
33584
33593
33594
33609
33618
33619
33640
33641
33657
33668
33679
33688
33689
33913
33914
33925
33926
33934
33935
33936
33944
33954
33955
33956
33965
33966
33974
33983
34347
34357
34358
34359
34375
34376
34399
34400
34410
34532
34612
34623
34638
34639
34651
34652
34653
34667
34668
34682
34683
34684
34700
34701
34716
34717
34718
34732
34733
34749
34750
34762
34773
34774
34775
34784
34785
34796
34797
34806
34807
34817
34818
34826
34827
34836
34837
34838
34847
34848
34856
35198
35211
35223
35235
35236
35250
35251
35264
35265
35280
35281
35294
35407
35627
35628
35629
35642
35643
35659
35660
35677
35678
35691
35692
35708
35709
35725
35726
35742
35743
35744
35757
35758
35771
35772
35787
35788
35802
35803
35817
35832
35833
35846
35861
35862
35863
35877
35878
35892
35893
35907
35908
35921
35922
35937
35938
35950
35951
35952
35965
35966
35978
35979
35994
35995
36010
36011
36026
36027
36040
36041
36052
36053
36065
36066
36079
36080
36095
36096
36110
36111
36123
36124
36137
36138
36152
36153
36166
36167
36180
36181
36196
36197
36211
36212
36228
36229
36246
36247
36264
36265
36266
36280
36281
36296
36297
36312
36313
36328
36329
36345
36346
36347
36364
36365
36383
36384
36403
36404
36422
36423
36441
36442
36443
36463
36464
36483
36484
36485
36502
36503
36524
36525
36543
36544
36561
36562
36578
36592
36593
36607
36608
36622
36623
36636
36666
36865
37634
37896
37897
38068
38345
38346
38487
38605
38606
38818
38819
38904
38905
39225
39226
39315
39523
39524
39525
39616
39838
39918
39924
39925
39932
39939
39945
39950
39954
39958
39962
39978
39979
40218
40299
40306
40314
40315
40316
40324
40335
40340
40341
40420
40468
40476
40486
40487
40495
40503
40515
40526
40551
40552
40565
40581
40596
40615
40616
40633
40640
40656
40657
40672
40691
40692
40708
40709
40724
40740
40741
40742
40757
40758
40773
40774
40788
40789
40800
