Sample Indices
Indices Size:
512
Data:
1324
3377
3378
3379
3380
3381
3382
3383
3384
3385
3386
3387
3414
3415
3416
3417
3418
3419
3420
3421
3422
3423
3424
3425
3426
3427
3428
3429
3430
3431
3432
3435
3436
3466
3468
3469
3470
3471
3472
3473
3474
3475
3476
3477
3478
3527
3528
3529
3581
3582
3583
3584
3585
3586
3587
3588
3639
3640
3641
3642
3643
3644
3645
3646
3647
3648
3649
3650
3651
3652
3653
3654
3656
3695
3696
3697
3698
3699
3700
3701
3702
3703
3704
3705
3706
3743
3746
3747
3748
3749
3750
3751
5718
5728
5729
5744
5745
5746
5747
5748
5749
5765
5766
5768
5769
5770
5771
5772
5773
5774
5775
5776
5777
5778
5804
5886
8652
8676
8677
8678
8679
8680
8681
8694
8695
8696
8697
8698
8699
8701
8738
12050
12051
12052
12053
12054
12055
12056
12091
15859
15870
15871
15872
15873
15880
15881
15882
15883
23779
23780
23781
23782
23783
23789
26836
26838
26839
26840
26841
26842
26843
26844
26845
26846
26847
26848
26849
26850
26851
26852
28770
28774
28775
28776
28777
28778
28779
28780
28781
28782
28783
28784
28785
28786
28787
28788
28789
28790
28791
28792
28793
28794
28795
28797
28798
28799
31547
31551
31941
31942
31943
31944
31945
31946
31947
31948
31949
31950
31951
31952
31953
31954
31955
31957
31958
31959
31960
31961
32296
32297
32298
32299
32300
32301
32302
32303
32304
32305
32306
32307
32308
32309
32310
32311
32316
32317
32318
32319
32320
32651
32652
32653
32654
32655
32656
32657
32658
32659
32660
32661
32671
32672
32673
32674
32675
32676
32685
32686
32687
32710
32728
32729
32730
32735
32736
33087
33089
33090
33091
33092
33093
33094
33095
33096
33097
33098
33099
33100
33104
33105
33106
33107
33108
33109
33110
33111
33118
33119
33120
33121
33122
33143
33152
33153
33154
33155
33156
33157
33159
33173
33174
33175
33176
33178
33179
33188
33721
33722
33723
33724
33725
33726
33727
33728
33729
33730
33731
33732
33733
33734
33735
33736
33737
33738
33739
33740
33741
33742
33743
33744
33745
33747
33748
33749
33750
33751
33752
34424
34425
34426
34427
34428
34429
34430
34431
34432
34433
34434
34435
34436
34437
34438
34439
34440
34441
34442
34443
34444
34445
34446
34447
34448
34449
34450
34451
34452
34453
34454
34455
35355
35356
35357
35358
35359
35360
35361
35362
35363
35364
35365
35366
35367
35368
35369
35370
35371
35372
35373
35374
35375
35376
35377
35378
35379
35380
35381
35382
35383
36824
36825
36826
36827
36828
36829
36830
36831
36832
36833
36834
36835
36836
36837
36838
36839
36840
36841
37846
37847
37848
37849
37850
37851
37852
37853
37854
37855
37856
37857
37858
37859
37860
37861
37862
37863
37864
38227
38228
38229
38230
38231
38232
38233
38234
38235
38236
38237
38238
38239
38240
38241
38242
38243
38244
38245
38246
38248
38249
38250
38251
38252
38253
38254
38255
38256
38257
38258
38259
38260
38261
38262
38263
38264
38275
38276
38278
38551
38553
38554
38555
38556
38557
38558
38559
38560
38562
38563
38564
38565
38566
38567
38568
38569
38570
38571
38572
38573
38574
38575
38576
38577
38578
38579
38580
38581
38582
38583
38584
38585
38879
38880
39289
39290
Coefficient of the plane:
0.0958927 -0.989101 -0.111733 -38.2699
Inliers Indices
Indices Size:
512
Data:
1324
3377
3378
3379
3380
3381
3382
3383
3384
3385
3386
3387
3414
3415
3416
3417
3418
3419
3420
3421
3422
3423
3424
3425
3426
3427
3428
3429
3430
3431
3432
3435
3436
3466
3468
3469
3470
3471
3472
3473
3474
3475
3476
3477
3478
3527
3528
3529
3581
3582
3583
3584
3585
3586
3587
3588
3639
3640
3641
3642
3643
3644
3645
3646
3647
3648
3649
3650
3651
3652
3653
3654
3656
3695
3696
3697
3698
3699
3700
3701
3702
3703
3704
3705
3706
3743
3746
3747
3748
3749
3750
3751
5718
5728
5729
5744
5745
5746
5747
5748
5749
5765
5766
5768
5769
5770
5771
5772
5773
5774
5775
5776
5777
5778
5804
5886
8652
8676
8677
8678
8679
8680
8681
8694
8695
8696
8697
8698
8699
8701
8738
12050
12051
12052
12053
12054
12055
12056
12091
15859
15870
15871
15872
15873
15880
15881
15882
15883
23779
23780
23781
23782
23783
23789
26836
26838
26839
26840
26841
26842
26843
26844
26845
26846
26847
26848
26849
26850
26851
26852
28770
28774
28775
28776
28777
28778
28779
28780
28781
28782
28783
28784
28785
28786
28787
28788
28789
28790
28791
28792
28793
28794
28795
28797
28798
28799
31547
31551
31941
31942
31943
31944
31945
31946
31947
31948
31949
31950
31951
31952
31953
31954
31955
31957
31958
31959
31960
31961
32296
32297
32298
32299
32300
32301
32302
32303
32304
32305
32306
32307
32308
32309
32310
32311
32316
32317
32318
32319
32320
32651
32652
32653
32654
32655
32656
32657
32658
32659
32660
32661
32671
32672
32673
32674
32675
32676
32685
32686
32687
32710
32728
32729
32730
32735
32736
33087
33089
33090
33091
33092
33093
33094
33095
33096
33097
33098
33099
33100
33104
33105
33106
33107
33108
33109
33110
33111
33118
33119
33120
33121
33122
33143
33152
33153
33154
33155
33156
33157
33159
33173
33174
33175
33176
33178
33179
33188
33721
33722
33723
33724
33725
33726
33727
33728
33729
33730
33731
33732
33733
33734
33735
33736
33737
33738
33739
33740
33741
33742
33743
33744
33745
33747
33748
33749
33750
33751
33752
34424
34425
34426
34427
34428
34429
34430
34431
34432
34433
34434
34435
34436
34437
34438
34439
34440
34441
34442
34443
34444
34445
34446
34447
34448
34449
34450
34451
34452
34453
34454
34455
35355
35356
35357
35358
35359
35360
35361
35362
35363
35364
35365
35366
35367
35368
35369
35370
35371
35372
35373
35374
35375
35376
35377
35378
35379
35380
35381
35382
35383
36824
36825
36826
36827
36828
36829
36830
36831
36832
36833
36834
36835
36836
36837
36838
36839
36840
36841
37846
37847
37848
37849
37850
37851
37852
37853
37854
37855
37856
37857
37858
37859
37860
37861
37862
37863
37864
38227
38228
38229
38230
38231
38232
38233
38234
38235
38236
38237
38238
38239
38240
38241
38242
38243
38244
38245
38246
38248
38249
38250
38251
38252
38253
38254
38255
38256
38257
38258
38259
38260
38261
38262
38263
38264
38275
38276
38278
38551
38553
38554
38555
38556
38557
38558
38559
38560
38562
38563
38564
38565
38566
38567
38568
38569
38570
38571
38572
38573
38574
38575
38576
38577
38578
38579
38580
38581
38582
38583
38584
38585
38879
38880
39289
39290
