Sample Indices
Indices Size:
169
Data:
32650
32681
32692
32699
32700
32709
32710
33179
33190
33201
33213
33227
33238
33245
33622
33645
33910
33911
33922
33923
33941
33942
33952
33963
34530
34589
34598
34599
34600
34609
34610
34620
34621
34635
34636
34649
34650
34664
34665
34666
34680
34681
34698
34713
34714
34715
34730
34746
34747
34759
34760
34771
34772
34782
34783
34794
34805
34815
34816
35175
35187
35199
35212
35224
35237
35252
35266
35295
35579
35593
35602
35603
35609
35610
35614
35615
35625
35626
35640
35641
35657
35658
35675
35676
35689
35690
35706
35707
35723
35724
35740
35741
35756
35769
35770
35785
35786
35800
35801
35815
35816
35830
35831
35844
35845
35860
35876
35890
35891
35906
35919
35920
35935
35936
35949
35964
35977
35993
36009
36024
36025
36038
36039
36051
36064
36078
36094
36109
36122
36195
36210
36227
36366
36385
36405
36504
36526
36545
37635
38069
38341
38601
38898
38899
39309
39609
39973
40309
40418
40502
40525
40538
40564
40595
40631
40637
40638
40653
40669
40670
40688
40705
40722
40739
40755
40772
40786
40809
40827
Coefficient of the plane:
0.978952 0.0894599 0.183441 -31.8701
Inliers Indices
Indices Size:
169
Data:
32650
32681
32692
32699
32700
32709
32710
33179
33190
33201
33213
33227
33238
33245
33622
33645
33910
33911
33922
33923
33941
33942
33952
33963
34530
34589
34598
34599
34600
34609
34610
34620
34621
34635
34636
34649
34650
34664
34665
34666
34680
34681
34698
34713
34714
34715
34730
34746
34747
34759
34760
34771
34772
34782
34783
34794
34805
34815
34816
35175
35187
35199
35212
35224
35237
35252
35266
35295
35579
35593
35602
35603
35609
35610
35614
35615
35625
35626
35640
35641
35657
35658
35675
35676
35689
35690
35706
35707
35723
35724
35740
35741
35756
35769
35770
35785
35786
35800
35801
35815
35816
35830
35831
35844
35845
35860
35876
35890
35891
35906
35919
35920
35935
35936
35949
35964
35977
35993
36009
36024
36025
36038
36039
36051
36064
36078
36094
36109
36122
36195
36210
36227
36366
36385
36405
36504
36526
36545
37635
38069
38341
38601
38898
38899
39309
39609
39973
40309
40418
40502
40525
40538
40564
40595
40631
40637
40638
40653
40669
40670
40688
40705
40722
40739
40755
40772
40786
40809
40827
