Sample Indices
Indices Size:
320
Data:
3328
3370
3490
3603
3794
3862
3911
3930
3931
3948
3959
3960
3974
3981
3982
3989
3990
3995
3998
3999
4002
4007
5690
5702
5731
5779
5841
5930
6035
6159
6228
6355
6453
6502
6583
6617
6646
6673
6674
6699
6700
6721
6745
6746
6765
6815
6832
8633
8641
8654
8702
8723
8749
8772
8777
8778
8796
8858
8953
9001
9098
9149
9273
9341
9400
9517
9574
9703
9738
9765
9798
9827
9850
9875
9895
9917
9918
9945
9946
9970
9971
9988
9989
10007
10008
10025
10026
10038
10039
10040
10056
10057
10058
10071
12012
12013
12019
12044
12057
12075
12105
12125
12145
12161
12182
12191
12214
12257
12282
12338
12359
12380
12407
12456
12514
12515
12573
12627
12628
12683
12684
12748
12823
12901
12981
13041
13093
13143
13193
13244
13283
13319
13353
13385
13419
13420
13490
13726
13727
13748
13749
13769
13770
13785
13802
13819
13820
13834
13849
13864
13865
13880
13881
13896
13897
13910
13922
15804
15805
15812
15836
15837
15863
15874
15884
15894
15904
15905
15927
15944
15965
15976
15991
16005
16020
16065
16085
16095
16103
16124
16144
16149
16150
16160
16168
16169
16213
16237
16274
16319
16367
16422
16481
16546
16605
16666
16725
16788
16789
16863
16973
17028
17219
17220
17362
17400
17439
17473
17505
17506
17537
17561
17583
17601
17602
17622
17623
17644
17645
17665
17666
17689
17712
17733
17734
17756
17757
17779
17780
17802
17803
17825
17826
17848
17849
17868
17869
17890
17910
17911
17930
17931
17951
17952
17973
17974
17994
17995
18013
18014
18034
18035
18055
18056
19940
19941
19942
19959
19968
19980
19991
20007
20016
20017
20038
20050
20067
20084
20097
20098
20118
20144
20151
20192
20210
20212
20221
20233
20260
20272
20285
20296
20307
20308
20326
20345
20372
20388
20401
20416
20434
20536
20537
20585
20638
20697
20698
20764
20765
20834
20835
20908
20984
21062
21125
21187
21244
21298
21342
21343
21390
21434
21476
21516
21651
24061
24128
24138
24151
24210
Coefficient of the plane:
0.982543 0.128531 -0.134498 -23.0327
Inliers Indices
Indices Size:
320
Data:
3328
3370
3490
3603
3794
3862
3911
3930
3931
3948
3959
3960
3974
3981
3982
3989
3990
3995
3998
3999
4002
4007
5690
5702
5731
5779
5841
5930
6035
6159
6228
6355
6453
6502
6583
6617
6646
6673
6674
6699
6700
6721
6745
6746
6765
6815
6832
8633
8641
8654
8702
8723
8749
8772
8777
8778
8796
8858
8953
9001
9098
9149
9273
9341
9400
9517
9574
9703
9738
9765
9798
9827
9850
9875
9895
9917
9918
9945
9946
9970
9971
9988
9989
10007
10008
10025
10026
10038
10039
10040
10056
10057
10058
10071
12012
12013
12019
12044
12057
12075
12105
12125
12145
12161
12182
12191
12214
12257
12282
12338
12359
12380
12407
12456
12514
12515
12573
12627
12628
12683
12684
12748
12823
12901
12981
13041
13093
13143
13193
13244
13283
13319
13353
13385
13419
13420
13490
13726
13727
13748
13749
13769
13770
13785
13802
13819
13820
13834
13849
13864
13865
13880
13881
13896
13897
13910
13922
15804
15805
15812
15836
15837
15863
15874
15884
15894
15904
15905
15927
15944
15965
15976
15991
16005
16020
16065
16085
16095
16103
16124
16144
16149
16150
16160
16168
16169
16213
16237
16274
16319
16367
16422
16481
16546
16605
16666
16725
16788
16789
16863
16973
17028
17219
17220
17362
17400
17439
17473
17505
17506
17537
17561
17583
17601
17602
17622
17623
17644
17645
17665
17666
17689
17712
17733
17734
17756
17757
17779
17780
17802
17803
17825
17826
17848
17849
17868
17869
17890
17910
17911
17930
17931
17951
17952
17973
17974
17994
17995
18013
18014
18034
18035
18055
18056
19940
19941
19942
19959
19968
19980
19991
20007
20016
20017
20038
20050
20067
20084
20097
20098
20118
20144
20151
20192
20210
20212
20221
20233
20260
20272
20285
20296
20307
20308
20326
20345
20372
20388
20401
20416
20434
20536
20537
20585
20638
20697
20698
20764
20765
20834
20835
20908
20984
21062
21125
21187
21244
21298
21342
21343
21390
21434
21476
21516
21651
24061
24128
24138
24151
24210
