Sample Indices
Indices Size:
165
Data:
32619
32627
32636
32642
32643
33040
33045
33050
33058
33063
33073
33080
33103
33113
33124
33125
33131
33141
33152
33171
33181
33182
33193
33205
33217
33218
33230
33579
33615
33638
33667
33770
33771
33775
33780
33781
33788
33796
33806
33807
33817
33818
33825
33826
33838
33847
33848
33859
33867
33868
34476
34477
34481
34482
34489
34490
34497
34498
34506
34519
34520
34540
34541
34555
34566
34576
34586
34595
34596
34604
35436
35437
35445
35446
35457
35468
35481
35496
35510
35523
35538
35553
35554
35569
35585
35586
35597
35598
35608
35647
36413
36552
36569
36584
36614
36932
36933
36942
36950
36961
36972
36985
36996
37008
37019
37020
37045
37059
37073
37087
37101
37116
37130
37144
37158
37175
37205
37221
37237
37253
37269
37284
37298
37314
37329
37357
37373
37387
37401
37415
37428
37441
37454
37467
37479
37513
37524
37534
37546
37556
37566
37574
37584
38059
38477
40408
40409
40587
40623
40731
40748
40813
40829
40839
40847
40854
40862
40868
40872
40880
40888
40889
40896
40907
40912
Coefficient of the plane:
0.996186 0.0776019 0.0399006 -26.53
Inliers Indices
Indices Size:
165
Data:
32619
32627
32636
32642
32643
33040
33045
33050
33058
33063
33073
33080
33103
33113
33124
33125
33131
33141
33152
33171
33181
33182
33193
33205
33217
33218
33230
33579
33615
33638
33667
33770
33771
33775
33780
33781
33788
33796
33806
33807
33817
33818
33825
33826
33838
33847
33848
33859
33867
33868
34476
34477
34481
34482
34489
34490
34497
34498
34506
34519
34520
34540
34541
34555
34566
34576
34586
34595
34596
34604
35436
35437
35445
35446
35457
35468
35481
35496
35510
35523
35538
35553
35554
35569
35585
35586
35597
35598
35608
35647
36413
36552
36569
36584
36614
36932
36933
36942
36950
36961
36972
36985
36996
37008
37019
37020
37045
37059
37073
37087
37101
37116
37130
37144
37158
37175
37205
37221
37237
37253
37269
37284
37298
37314
37329
37357
37373
37387
37401
37415
37428
37441
37454
37467
37479
37513
37524
37534
37546
37556
37566
37574
37584
38059
38477
40408
40409
40587
40623
40731
40748
40813
40829
40839
40847
40854
40862
40868
40872
40880
40888
40889
40896
40907
40912
