Sample Indices
Indices Size:
1624
Data:
31995
31997
32000
32001
32003
32006
32008
32013
32014
32015
32017
32022
32024
32026
32028
32030
32033
32036
32041
32044
32046
32048
32052
32055
32056
32060
32062
32066
32068
32070
32073
32076
32079
32081
32083
32089
32102
32105
32349
32350
32352
32355
32357
32359
32361
32366
32367
32368
32370
32372
32376
32378
32380
32382
32384
32386
32389
32392
32394
32396
32399
32401
32404
32407
32410
32411
32413
32415
32417
32419
32421
32423
32426
32428
32430
32431
32433
32435
32437
32439
32441
32443
32446
32449
32451
32453
32454
32456
32458
32460
32462
32464
32466
32468
32470
32479
32480
32482
32484
32486
32495
32497
32500
32504
32509
32514
32518
32542
32543
32754
32756
32758
32760
32763
32771
32772
32774
32775
32777
32781
32784
32786
32788
32790
32792
32794
32797
32799
32801
32805
32808
32811
32814
32815
32817
32819
32821
32823
32825
32827
32830
32833
32835
32836
32838
32840
32842
32844
32846
32848
32851
32854
32856
32858
32859
32861
32862
32864
32866
32868
32870
32872
32874
32883
32885
32887
32888
32893
32894
32900
32902
32904
32908
32911
32917
32919
32921
32923
32935
32937
32939
32941
32945
32948
32950
32952
32954
32956
32958
32960
32962
32964
32966
32969
32971
33267
33269
33271
33273
33276
33278
33280
33283
33285
33291
33292
33294
33296
33297
33302
33304
33307
33309
33311
33312
33314
33316
33319
33321
33323
33327
33331
33334
33336
33338
33340
33342
33344
33346
33348
33351
33354
33356
33358
33359
33361
33362
33364
33366
33368
33370
33372
33375
33378
33380
33381
33383
33384
33386
33387
33389
33391
33393
33395
33397
33401
33404
33407
33410
33413
33418
33421
33423
33426
33428
33430
33432
33439
33443
33445
33447
33449
33452
33455
33458
33461
33464
33467
33469
33471
33473
33475
33480
33484
33486
33489
33492
33494
33496
33497
33499
33501
33503
33505
33507
33509
33876
33884
33892
33893
33900
33907
33917
33931
33950
33961
33971
33980
33994
34000
34004
34008
34012
34015
34019
34023
34026
34028
34030
34032
34034
34036
34038
34039
34042
34048
34052
34054
34057
34059
34061
34063
34065
34067
34069
34071
34073
34076
34078
34080
34081
34083
34085
34087
34089
34092
34095
34098
34101
34103
34105
34106
34108
34109
34111
34113
34115
34117
34121
34126
34129
34131
34137
34146
34153
34154
34162
34164
34166
34168
34179
34184
34190
34195
34201
34210
34214
34218
34221
34224
34225
34227
34230
34235
34238
34240
34242
34244
34247
34251
34255
34258
34261
34263
34265
34267
34269
34271
34273
34275
34277
34485
34493
34515
34536
34550
34571
34581
34591
34601
34613
34624
34640
34655
34672
34687
34705
34723
34741
34742
34768
34780
34791
34803
34813
34824
34832
34844
34845
34853
34862
34867
34874
34883
34891
34898
34904
34909
34914
34915
34918
34922
34925
34928
34931
34935
34938
34940
34942
34944
34945
34947
34950
34953
34956
34958
34962
34965
34967
34969
34972
34973
34976
34979
34982
34984
34989
34993
34995
34999
35001
35009
35015
35022
35025
35026
35031
35032
35038
35046
35055
35064
35072
35082
35090
35100
35113
35125
35137
35150
35163
35173
35184
35185
35195
35209
35221
35233
35247
35262
35275
35292
35304
35307
35309
35311
35313
35315
35317
35318
35320
35322
35324
35395
35397
35398
35401
35411
35412
35413
35416
35418
35420
35423
35426
35432
35435
35441
35450
35463
35476
35491
35504
35505
35532
35548
35563
35580
35594
35604
35605
35612
35617
35630
35645
35663
35679
35696
35712
35731
35747
35762
35777
35778
35793
35809
35824
35838
35853
35869
35885
35900
35915
35916
35929
35944
35958
35973
35986
36002
36018
36034
36048
36061
36073
36088
36089
36104
36118
36131
36146
36161
36173
36189
36204
36219
36237
36238
36256
36273
36288
36304
36319
36337
36355
36373
36392
36411
36430
36450
36470
36489
36510
36529
36547
36564
36579
36594
36609
36624
36637
36650
36662
36673
36677
36679
36681
36683
36685
36687
36689
36690
36692
36694
36852
36854
36856
36858
36859
36869
36870
36871
36873
36875
36876
36877
36878
36879
36880
36881
36884
36888
36890
36894
36895
36896
36897
36898
36901
36904
36908
36912
36913
36918
36923
36924
36926
36927
36928
36935
36944
36955
36966
36979
36990
37002
37013
37026
37027
37039
37053
37067
37081
37095
37110
37124
37138
37152
37167
37168
37183
37199
37214
37231
37247
37263
37278
37292
37306
37322
37337
37350
37364
37381
37395
37409
37422
37435
37448
37461
37473
37485
37496
37507
37508
37518
37519
37529
37541
37550
37560
37568
37578
37586
37594
37601
37605
37609
37612
37613
37614
37615
37616
37617
37618
37619
37620
37630
37640
37644
37646
37648
37650
37652
37654
37656
37658
37660
37880
37882
37884
37886
37888
37900
37901
37902
37905
37907
37908
37909
37910
37911
37912
37913
37915
37920
37923
37927
37928
37929
37930
37931
37932
37933
37934
37935
37936
37937
37938
37939
37940
37943
37949
37951
37955
37956
37957
37958
37959
37960
37961
37962
37963
37964
37965
37967
37968
37970
37973
37975
37978
37979
37982
37986
37988
37993
37997
38001
38004
38007
38009
38013
38016
38017
38018
38019
38022
38024
38025
38026
38027
38028
38029
38030
38031
38032
38033
38034
38035
38036
38037
38038
38039
38040
38041
38042
38043
38044
38045
38046
38047
38048
38049
38050
38051
38052
38053
38054
38064
38073
38078
38080
38082
38084
38086
38088
38090
38092
38094
38332
38336
38338
38340
38349
38350
38351
38355
38357
38358
38359
38360
38361
38362
38363
38365
38371
38374
38378
38379
38380
38381
38382
38383
38384
38385
38386
38387
38388
38389
38390
38391
38392
38393
38395
38400
38404
38406
38407
38408
38409
38410
38411
38412
38413
38414
38415
38416
38417
38418
38419
38420
38421
38422
38423
38424
38425
38426
38427
38428
38429
38430
38431
38432
38433
38434
38435
38436
38437
38438
38439
38440
38441
38442
38443
38444
38445
38446
38447
38448
38449
38450
38451
38452
38453
38454
38455
38456
38457
38458
38459
38460
38461
38462
38463
38464
38465
38466
38467
38468
38469
38470
38471
38472
38482
38491
38496
38498
38500
38502
38504
38506
38508
38510
38512
38514
38526
38529
38530
38531
38592
38595
38597
38599
38609
38610
38611
38612
38613
38614
38615
38616
38617
38618
38619
38621
38628
38630
38635
38636
38637
38638
38639
38640
38641
38642
38643
38645
38647
38649
38651
38654
38661
38666
38672
38675
38678
38680
38682
38684
38686
38688
38689
38691
38693
38695
38696
38697
38698
38699
38700
38701
38702
38703
38704
38705
38708
38711
38713
38715
38717
38719
38720
38722
38724
38726
38728
38729
38731
38733
38735
38737
38739
38741
38743
38745
38747
38749
38752
38755
38758
38759
38761
38762
38764
38766
38768
38771
38774
38777
38780
38783
38786
38789
38792
38795
38798
38800
38802
38803
38811
38822
38827
38830
38832
38834
38836
38838
38840
38842
38845
38847
38849
38851
38853
38855
38857
38859
38863
38865
38867
38869
38871
38872
38873
38874
38875
38887
38888
38889
38892
38894
38896
38908
38909
38910
38911
38912
38913
38914
38915
38916
38917
38919
38926
38930
38933
38934
38935
38936
38937
38938
38939
38940
38941
38942
38943
38944
38945
38947
38951
38956
38957
38963
38965
38967
38970
38974
38978
38983
38988
38993
38994
38999
39003
39008
39013
39018
39023
39028
39033
39038
39043
39049
39050
39057
39063
39070
39076
39082
39088
39089
39094
39099
39104
39109
39110
39115
39116
39122
39128
39133
39138
39142
39146
39150
39154
39159
39163
39167
39171
39175
39179
39180
39184
39185
39190
39194
39197
39200
39203
39205
39206
39207
39208
39209
39210
39211
39212
39219
39229
39234
39237
39240
39243
39245
39247
39249
39251
39253
39255
39257
39259
39261
39263
39265
39267
39269
39272
39274
39276
39278
39280
39281
39282
39283
39299
39300
39303
39305
39307
39318
39320
39321
39322
39323
39324
39325
39326
39327
39328
39329
39332
39335
39336
39342
39343
39344
39345
39346
39347
39348
39352
39353
39354
39355
39356
39357
39358
39359
39361
39363
39369
39373
39374
39377
39378
39379
39380
39381
39383
39385
39387
39389
39391
39392
39394
39396
39398
39401
39404
39407
39409
39411
39413
39415
39416
39418
39419
39421
39422
39424
39427
39430
39433
39438
39441
39444
39446
39448
39450
39452
39453
39455
39456
39458
39460
39463
39466
39469
39472
39475
39478
39481
39483
39486
39488
39490
39491
39493
39494
39496
39499
39500
39501
39502
39503
39504
39505
39506
39507
39508
39509
39515
39516
39527
39528
39535
39537
39541
39546
39549
39551
39554
39556
39558
39560
39562
39564
39566
39568
39570
39571
39573
39575
39577
39580
39582
39584
39586
39589
39590
39597
39600
39602
39605
39619
39620
39621
39623
39626
39628
39629
39630
39633
39635
39639
39644
39645
39650
39651
39653
39655
39657
39658
39661
39664
39665
39666
39667
39668
39670
39672
39673
39676
39680
39686
39687
39688
39689
39690
39691
39692
39694
39696
39699
39701
39704
39707
39710
39711
39713
39714
39716
39718
39720
39722
39725
39727
39729
39732
39733
39736
39739
39740
39742
39744
39746
39750
39754
39757
39760
39763
39766
39769
39772
39774
39776
39777
39779
39781
39783
39785
39787
39789
39792
39795
39798
39800
39802
39804
39806
39807
39809
39811
39812
39814
39815
39816
39817
39818
39819
39820
39821
39822
39827
39840
39848
39851
39855
39857
39860
39863
39866
39869
39870
39872
39874
39876
39879
39882
39884
39887
39888
39891
39895
39896
39899
39901
39904
39908
39910
39911
39981
39982
39983
39984
39985
39986
39987
39988
39989
39990
39991
39993
39994
39997
39998
39999
40001
40002
40006
40010
40015
40017
40019
40021
40022
40023
40024
40026
40030
40033
40036
40039
40043
40046
40050
40051
40054
40055
40059
40063
40066
40069
40072
40075
40078
40081
40085
40089
40090
40093
40094
40098
40101
40104
40107
40109
40111
40113
40115
40117
40120
40123
40126
40129
40130
40133
40136
40139
40143
40144
40146
40147
40150
40151
40154
40157
40160
40163
40166
40169
40170
40173
40174
40177
40178
40181
40186
40188
40190
40193
40194
40195
40197
40199
40201
40203
40209
40219
40226
40228
40232
40233
40235
40343
40344
40346
40348
40352
40354
40356
40358
40360
40362
40364
40366
40367
40369
40371
40372
40374
40375
40377
40379
40381
40383
40385
40387
40389
40391
40393
40395
40397
Coefficient of the plane:
0.991188 0.082809 -0.103383 -42.469
Inliers Indices
Indices Size:
1624
Data:
31995
31997
32000
32001
32003
32006
32008
32013
32014
32015
32017
32022
32024
32026
32028
32030
32033
32036
32041
32044
32046
32048
32052
32055
32056
32060
32062
32066
32068
32070
32073
32076
32079
32081
32083
32089
32102
32105
32349
32350
32352
32355
32357
32359
32361
32366
32367
32368
32370
32372
32376
32378
32380
32382
32384
32386
32389
32392
32394
32396
32399
32401
32404
32407
32410
32411
32413
32415
32417
32419
32421
32423
32426
32428
32430
32431
32433
32435
32437
32439
32441
32443
32446
32449
32451
32453
32454
32456
32458
32460
32462
32464
32466
32468
32470
32479
32480
32482
32484
32486
32495
32497
32500
32504
32509
32514
32518
32542
32543
32754
32756
32758
32760
32763
32771
32772
32774
32775
32777
32781
32784
32786
32788
32790
32792
32794
32797
32799
32801
32805
32808
32811
32814
32815
32817
32819
32821
32823
32825
32827
32830
32833
32835
32836
32838
32840
32842
32844
32846
32848
32851
32854
32856
32858
32859
32861
32862
32864
32866
32868
32870
32872
32874
32883
32885
32887
32888
32893
32894
32900
32902
32904
32908
32911
32917
32919
32921
32923
32935
32937
32939
32941
32945
32948
32950
32952
32954
32956
32958
32960
32962
32964
32966
32969
32971
33267
33269
33271
33273
33276
33278
33280
33283
33285
33291
33292
33294
33296
33297
33302
33304
33307
33309
33311
33312
33314
33316
33319
33321
33323
33327
33331
33334
33336
33338
33340
33342
33344
33346
33348
33351
33354
33356
33358
33359
33361
33362
33364
33366
33368
33370
33372
33375
33378
33380
33381
33383
33384
33386
33387
33389
33391
33393
33395
33397
33401
33404
33407
33410
33413
33418
33421
33423
33426
33428
33430
33432
33439
33443
33445
33447
33449
33452
33455
33458
33461
33464
33467
33469
33471
33473
33475
33480
33484
33486
33489
33492
33494
33496
33497
33499
33501
33503
33505
33507
33509
33876
33884
33892
33893
33900
33907
33917
33931
33950
33961
33971
33980
33994
34000
34004
34008
34012
34015
34019
34023
34026
34028
34030
34032
34034
34036
34038
34039
34042
34048
34052
34054
34057
34059
34061
34063
34065
34067
34069
34071
34073
34076
34078
34080
34081
34083
34085
34087
34089
34092
34095
34098
34101
34103
34105
34106
34108
34109
34111
34113
34115
34117
34121
34126
34129
34131
34137
34146
34153
34154
34162
34164
34166
34168
34179
34184
34190
34195
34201
34210
34214
34218
34221
34224
34225
34227
34230
34235
34238
34240
34242
34244
34247
34251
34255
34258
34261
34263
34265
34267
34269
34271
34273
34275
34277
34485
34493
34515
34536
34550
34571
34581
34591
34601
34613
34624
34640
34655
34672
34687
34705
34723
34741
34742
34768
34780
34791
34803
34813
34824
34832
34844
34845
34853
34862
34867
34874
34883
34891
34898
34904
34909
34914
34915
34918
34922
34925
34928
34931
34935
34938
34940
34942
34944
34945
34947
34950
34953
34956
34958
34962
34965
34967
34969
34972
34973
34976
34979
34982
34984
34989
34993
34995
34999
35001
35009
35015
35022
35025
35026
35031
35032
35038
35046
35055
35064
35072
35082
35090
35100
35113
35125
35137
35150
35163
35173
35184
35185
35195
35209
35221
35233
35247
35262
35275
35292
35304
35307
35309
35311
35313
35315
35317
35318
35320
35322
35324
35395
35397
35398
35401
35411
35412
35413
35416
35418
35420
35423
35426
35432
35435
35441
35450
35463
35476
35491
35504
35505
35532
35548
35563
35580
35594
35604
35605
35612
35617
35630
35645
35663
35679
35696
35712
35731
35747
35762
35777
35778
35793
35809
35824
35838
35853
35869
35885
35900
35915
35916
35929
35944
35958
35973
35986
36002
36018
36034
36048
36061
36073
36088
36089
36104
36118
36131
36146
36161
36173
36189
36204
36219
36237
36238
36256
36273
36288
36304
36319
36337
36355
36373
36392
36411
36430
36450
36470
36489
36510
36529
36547
36564
36579
36594
36609
36624
36637
36650
36662
36673
36677
36679
36681
36683
36685
36687
36689
36690
36692
36694
36852
36854
36856
36858
36859
36869
36870
36871
36873
36875
36876
36877
36878
36879
36880
36881
36884
36888
36890
36894
36895
36896
36897
36898
36901
36904
36908
36912
36913
36918
36923
36924
36926
36927
36928
36935
36944
36955
36966
36979
36990
37002
37013
37026
37027
37039
37053
37067
37081
37095
37110
37124
37138
37152
37167
37168
37183
37199
37214
37231
37247
37263
37278
37292
37306
37322
37337
37350
37364
37381
37395
37409
37422
37435
37448
37461
37473
37485
37496
37507
37508
37518
37519
37529
37541
37550
37560
37568
37578
37586
37594
37601
37605
37609
37612
37613
37614
37615
37616
37617
37618
37619
37620
37630
37640
37644
37646
37648
37650
37652
37654
37656
37658
37660
37880
37882
37884
37886
37888
37900
37901
37902
37905
37907
37908
37909
37910
37911
37912
37913
37915
37920
37923
37927
37928
37929
37930
37931
37932
37933
37934
37935
37936
37937
37938
37939
37940
37943
37949
37951
37955
37956
37957
37958
37959
37960
37961
37962
37963
37964
37965
37967
37968
37970
37973
37975
37978
37979
37982
37986
37988
37993
37997
38001
38004
38007
38009
38013
38016
38017
38018
38019
38022
38024
38025
38026
38027
38028
38029
38030
38031
38032
38033
38034
38035
38036
38037
38038
38039
38040
38041
38042
38043
38044
38045
38046
38047
38048
38049
38050
38051
38052
38053
38054
38064
38073
38078
38080
38082
38084
38086
38088
38090
38092
38094
38332
38336
38338
38340
38349
38350
38351
38355
38357
38358
38359
38360
38361
38362
38363
38365
38371
38374
38378
38379
38380
38381
38382
38383
38384
38385
38386
38387
38388
38389
38390
38391
38392
38393
38395
38400
38404
38406
38407
38408
38409
38410
38411
38412
38413
38414
38415
38416
38417
38418
38419
38420
38421
38422
38423
38424
38425
38426
38427
38428
38429
38430
38431
38432
38433
38434
38435
38436
38437
38438
38439
38440
38441
38442
38443
38444
38445
38446
38447
38448
38449
38450
38451
38452
38453
38454
38455
38456
38457
38458
38459
38460
38461
38462
38463
38464
38465
38466
38467
38468
38469
38470
38471
38472
38482
38491
38496
38498
38500
38502
38504
38506
38508
38510
38512
38514
38526
38529
38530
38531
38592
38595
38597
38599
38609
38610
38611
38612
38613
38614
38615
38616
38617
38618
38619
38621
38628
38630
38635
38636
38637
38638
38639
38640
38641
38642
38643
38645
38647
38649
38651
38654
38661
38666
38672
38675
38678
38680
38682
38684
38686
38688
38689
38691
38693
38695
38696
38697
38698
38699
38700
38701
38702
38703
38704
38705
38708
38711
38713
38715
38717
38719
38720
38722
38724
38726
38728
38729
38731
38733
38735
38737
38739
38741
38743
38745
38747
38749
38752
38755
38758
38759
38761
38762
38764
38766
38768
38771
38774
38777
38780
38783
38786
38789
38792
38795
38798
38800
38802
38803
38811
38822
38827
38830
38832
38834
38836
38838
38840
38842
38845
38847
38849
38851
38853
38855
38857
38859
38863
38865
38867
38869
38871
38872
38873
38874
38875
38887
38888
38889
38892
38894
38896
38908
38909
38910
38911
38912
38913
38914
38915
38916
38917
38919
38926
38930
38933
38934
38935
38936
38937
38938
38939
38940
38941
38942
38943
38944
38945
38947
38951
38956
38957
38963
38965
38967
38970
38974
38978
38983
38988
38993
38994
38999
39003
39008
39013
39018
39023
39028
39033
39038
39043
39049
39050
39057
39063
39070
39076
39082
39088
39089
39094
39099
39104
39109
39110
39115
39116
39122
39128
39133
39138
39142
39146
39150
39154
39159
39163
39167
39171
39175
39179
39180
39184
39185
39190
39194
39197
39200
39203
39205
39206
39207
39208
39209
39210
39211
39212
39219
39229
39234
39237
39240
39243
39245
39247
39249
39251
39253
39255
39257
39259
39261
39263
39265
39267
39269
39272
39274
39276
39278
39280
39281
39282
39283
39299
39300
39303
39305
39307
39318
39320
39321
39322
39323
39324
39325
39326
39327
39328
39329
39332
39335
39336
39342
39343
39344
39345
39346
39347
39348
39352
39353
39354
39355
39356
39357
39358
39359
39361
39363
39369
39373
39374
39377
39378
39379
39380
39381
39383
39385
39387
39389
39391
39392
39394
39396
39398
39401
39404
39407
39409
39411
39413
39415
39416
39418
39419
39421
39422
39424
39427
39430
39433
39438
39441
39444
39446
39448
39450
39452
39453
39455
39456
39458
39460
39463
39466
39469
39472
39475
39478
39481
39483
39486
39488
39490
39491
39493
39494
39496
39499
39500
39501
39502
39503
39504
39505
39506
39507
39508
39509
39515
39516
39527
39528
39535
39537
39541
39546
39549
39551
39554
39556
39558
39560
39562
39564
39566
39568
39570
39571
39573
39575
39577
39580
39582
39584
39586
39589
39590
39597
39600
39602
39605
39619
39620
39621
39623
39626
39628
39629
39630
39633
39635
39639
39644
39645
39650
39651
39653
39655
39657
39658
39661
39664
39665
39666
39667
39668
39670
39672
39673
39676
39680
39686
39687
39688
39689
39690
39691
39692
39694
39696
39699
39701
39704
39707
39710
39711
39713
39714
39716
39718
39720
39722
39725
39727
39729
39732
39733
39736
39739
39740
39742
39744
39746
39750
39754
39757
39760
39763
39766
39769
39772
39774
39776
39777
39779
39781
39783
39785
39787
39789
39792
39795
39798
39800
39802
39804
39806
39807
39809
39811
39812
39814
39815
39816
39817
39818
39819
39820
39821
39822
39827
39840
39848
39851
39855
39857
39860
39863
39866
39869
39870
39872
39874
39876
39879
39882
39884
39887
39888
39891
39895
39896
39899
39901
39904
39908
39910
39911
39981
39982
39983
39984
39985
39986
39987
39988
39989
39990
39991
39993
39994
39997
39998
39999
40001
40002
40006
40010
40015
40017
40019
40021
40022
40023
40024
40026
40030
40033
40036
40039
40043
40046
40050
40051
40054
40055
40059
40063
40066
40069
40072
40075
40078
40081
40085
40089
40090
40093
40094
40098
40101
40104
40107
40109
40111
40113
40115
40117
40120
40123
40126
40129
40130
40133
40136
40139
40143
40144
40146
40147
40150
40151
40154
40157
40160
40163
40166
40169
40170
40173
40174
40177
40178
40181
40186
40188
40190
40193
40194
40195
40197
40199
40201
40203
40209
40219
40226
40228
40232
40233
40235
40343
40344
40346
40348
40352
40354
40356
40358
40360
40362
40364
40366
40367
40369
40371
40372
40374
40375
40377
40379
40381
40383
40385
40387
40389
40391
40393
40395
40397
