Sample Indices
Indices Size:
244
Data:
30685
31286
31288
31289
31618
31620
31681
31683
32016
32050
32053
32057
32273
32279
32280
32281
32282
32283
32284
32285
32286
32287
32288
32289
32290
32369
32371
32403
32405
32589
32596
32599
32601
32602
32603
32604
32605
32606
32607
32608
32610
32612
32613
32773
32776
32778
32804
32806
33007
33008
33015
33016
33017
33018
33019
33020
33021
33022
33023
33024
33025
33026
33028
33030
33033
33036
33042
33047
33054
33060
33069
33293
33295
33298
33326
33328
33329
33570
33571
33572
33597
33600
33601
33604
33614
33633
33647
33648
33661
33672
33673
33681
33691
33699
33700
33713
33719
33720
34009
34013
34016
34040
34047
34049
34050
34090
34330
34331
34336
34337
34349
34363
34364
34380
34389
34390
34402
34411
34412
34418
34422
34423
34673
34688
34689
34833
34854
34868
34875
34876
34877
34948
34951
34954
35027
35033
35039
35442
35451
35452
35665
35666
35930
35945
35946
35959
35960
36257
36882
36885
36886
36937
36938
36956
36967
37003
37014
37040
37054
37068
37082
37096
37111
37125
37139
37153
37169
37170
37184
37185
37200
37216
37217
37232
37248
37264
37279
37293
37309
37324
37338
37351
37352
37368
37369
37382
37383
37396
37410
37423
37436
37449
37462
37474
37486
37497
37551
37561
37914
37917
37946
37966
37969
37971
37974
37976
37983
37987
37990
37994
37998
38002
38005
38008
38015
38367
38368
38398
38624
38658
38921
38949
38953
39331
39338
39365
39637
39641
39647
40005
40008
40013
40680
40729
40745
40762
40865
40869
40878
40886
40893
40894
40904
40909
Coefficient of the plane:
0.951719 0.0848449 -0.295011 -20.7356
Inliers Indices
Indices Size:
244
Data:
30685
31286
31288
31289
31618
31620
31681
31683
32016
32050
32053
32057
32273
32279
32280
32281
32282
32283
32284
32285
32286
32287
32288
32289
32290
32369
32371
32403
32405
32589
32596
32599
32601
32602
32603
32604
32605
32606
32607
32608
32610
32612
32613
32773
32776
32778
32804
32806
33007
33008
33015
33016
33017
33018
33019
33020
33021
33022
33023
33024
33025
33026
33028
33030
33033
33036
33042
33047
33054
33060
33069
33293
33295
33298
33326
33328
33329
33570
33571
33572
33597
33600
33601
33604
33614
33633
33647
33648
33661
33672
33673
33681
33691
33699
33700
33713
33719
33720
34009
34013
34016
34040
34047
34049
34050
34090
34330
34331
34336
34337
34349
34363
34364
34380
34389
34390
34402
34411
34412
34418
34422
34423
34673
34688
34689
34833
34854
34868
34875
34876
34877
34948
34951
34954
35027
35033
35039
35442
35451
35452
35665
35666
35930
35945
35946
35959
35960
36257
36882
36885
36886
36937
36938
36956
36967
37003
37014
37040
37054
37068
37082
37096
37111
37125
37139
37153
37169
37170
37184
37185
37200
37216
37217
37232
37248
37264
37279
37293
37309
37324
37338
37351
37352
37368
37369
37382
37383
37396
37410
37423
37436
37449
37462
37474
37486
37497
37551
37561
37914
37917
37946
37966
37969
37971
37974
37976
37983
37987
37990
37994
37998
38002
38005
38008
38015
38367
38368
38398
38624
38658
38921
38949
38953
39331
39338
39365
39637
39641
39647
40005
40008
40013
40680
40729
40745
40762
40865
40869
40878
40886
40893
40894
40904
40909
