Sample Indices
Indices Size:
4050
Data:
356
357
358
359
360
361
362
363
364
365
366
367
368
369
370
371
1017
1018
1019
1020
1021
1022
1023
1024
1025
1026
1027
1028
1029
1030
1031
1032
1033
1034
1035
1036
1037
1678
1679
1680
1681
1682
1683
1684
1685
1686
1687
1688
1689
1690
1691
1692
1693
1694
1695
1696
1697
1698
1699
1700
1701
1702
1703
1704
2340
2341
2342
2343
2344
2345
2346
2347
2348
2349
2350
2351
2352
2353
2354
2355
2356
2357
2358
2359
2360
2361
2362
2363
2364
2365
2366
2367
2368
2369
2370
3002
3003
3004
3005
3006
3007
3008
3009
3010
3011
3012
3013
3014
3015
3016
3017
3018
3019
3020
3021
3022
3023
3024
3025
3026
3027
3028
3029
3030
3031
3032
3033
3034
3035
3664
3665
3666
3667
3668
3669
3670
3671
3672
3673
3674
3675
3676
3677
3678
3679
3680
3681
3682
3683
3684
3685
3686
3687
3688
3689
3690
3691
3692
3693
3694
3695
3696
3697
4328
4329
4330
4331
4332
4333
4334
4335
4336
4337
4338
4339
4340
4341
4342
4343
4344
4345
4346
4347
4348
4349
4350
4351
4352
4353
4354
4355
4356
4357
4358
4359
4360
4361
4990
4991
4992
4993
4994
4995
4996
4997
4998
4999
5000
5001
5002
5003
5004
5005
5006
5007
5008
5009
5010
5011
5012
5013
5014
5015
5016
5017
5018
5019
5020
5021
5022
5023
5024
5025
5026
5652
5653
5654
5655
5656
5657
5658
5659
5660
5661
5662
5663
5664
5665
5666
5667
5668
5669
5670
5671
5672
5673
5674
5675
5676
5677
5678
5679
5680
5681
5682
5683
5684
5685
5686
5687
5688
6312
6313
6314
6315
6316
6317
6318
6319
6320
6321
6322
6323
6324
6325
6326
6327
6328
6329
6330
6331
6332
6333
6334
6335
6336
6337
6338
6339
6340
6341
6342
6343
6344
6345
6346
6347
6348
6974
6975
6976
6977
6978
6979
6980
6981
6982
6983
6984
6985
6986
6987
6988
6989
6990
6991
6992
6993
6994
6995
6996
6997
6998
6999
7000
7001
7002
7003
7004
7005
7006
7007
7008
7009
7010
7011
7632
7633
7634
7635
7636
7637
7638
7639
7640
7641
7642
7643
7644
7645
7646
7647
7648
7649
7650
7651
7652
7653
7654
7655
7656
7657
7658
7659
7660
7661
7662
7663
7664
7665
7666
7667
7668
7669
7670
8292
8293
8294
8295
8296
8297
8298
8299
8300
8301
8302
8303
8304
8305
8306
8307
8308
8309
8310
8311
8312
8313
8314
8315
8316
8317
8318
8319
8320
8321
8322
8323
8324
8325
8326
8327
8328
8329
8949
8950
8951
8952
8953
8954
8955
8956
8957
8958
8959
8960
8961
8962
8963
8964
8965
8966
8967
8968
8969
8970
8971
8972
8973
8974
8975
8976
8977
8978
8979
8980
8981
8982
8983
8984
8985
8986
8987
9608
9609
9610
9611
9612
9613
9614
9615
9616
9617
9618
9619
9620
9621
9622
9623
9624
9625
9626
9627
9628
9629
9630
9631
9632
9633
9634
9635
9636
9637
9638
9639
9640
9641
9642
9643
9644
9645
10266
10267
10268
10269
10270
10271
10272
10273
10274
10275
10276
10277
10278
10279
10280
10281
10282
10283
10284
10285
10286
10287
10288
10289
10290
10291
10292
10293
10294
10295
10296
10297
10298
10299
10300
10301
10302
10303
10304
10305
10924
10925
10926
10927
10928
10929
10930
10931
10932
10933
10934
10935
10936
10937
10938
10939
10940
10941
10942
10943
10944
10945
10946
10947
10948
10949
10950
10951
10952
10953
10954
10955
10956
10957
10958
10959
10960
10961
10962
10963
11582
11583
11584
11585
11586
11587
11588
11589
11590
11591
11592
11593
11594
11595
11596
11597
11598
11599
11600
11601
11602
11603
11604
11605
11606
11607
11608
11609
11610
11611
11612
11613
11614
11615
11616
11617
11618
11619
11620
11622
12238
12239
12240
12241
12242
12243
12244
12245
12246
12247
12248
12249
12250
12251
12252
12253
12254
12255
12256
12257
12258
12259
12260
12261
12262
12263
12264
12265
12266
12267
12268
12269
12270
12271
12272
12273
12274
12275
12276
12277
12278
12894
12895
12896
12897
12898
12899
12900
12901
12902
12903
12904
12905
12906
12907
12908
12909
12910
12911
12912
12913
12914
12915
12916
12917
12918
12919
12920
12921
12922
12923
12924
12925
12926
12927
12928
12929
12930
12931
12932
12933
12934
13550
13551
13552
13553
13554
13555
13556
13557
13558
13559
13560
13561
13562
13563
13564
13565
13566
13567
13568
13569
13570
13571
13572
13573
13574
13575
13576
13577
13578
13579
13580
13581
13582
13583
13584
13585
13586
13587
13588
13589
13590
14206
14207
14208
14209
14210
14211
14212
14213
14214
14215
14216
14217
14218
14219
14220
14221
14222
14223
14224
14225
14226
14227
14228
14229
14230
14231
14232
14233
14234
14235
14236
14237
14238
14239
14240
14241
14242
14243
14244
14245
14246
14862
14863
14864
14865
14866
14867
14868
14869
14870
14871
14872
14873
14874
14875
14876
14877
14878
14879
14880
14881
14882
14883
14884
14885
14886
14887
14888
14889
14890
14891
14892
14893
14894
14895
14896
14897
14898
14899
14900
14901
14902
15518
15519
15520
15521
15522
15523
15524
15525
15526
15527
15528
15529
15530
15531
15532
15533
15534
15535
15536
15537
15538
15539
15540
15541
15542
15543
15544
15545
15546
15547
15548
15549
15550
15551
15552
15553
15554
15555
15556
15557
16173
16174
16175
16176
16177
16178
16179
16180
16181
16182
16183
16184
16185
16186
16187
16188
16189
16190
16191
16192
16193
16194
16195
16196
16197
16198
16199
16200
16201
16202
16203
16204
16205
16206
16207
16208
16209
16210
16211
16212
16828
16829
16830
16831
16832
16833
16834
16835
16836
16837
16838
16839
16840
16841
16842
16843
16844
16845
16846
16847
16848
16849
16850
16851
16852
16853
16854
16855
16856
16857
16858
16859
16860
16861
16862
16863
16864
16865
16866
16867
17484
17485
17486
17487
17488
17489
17490
17491
17492
17493
17494
17495
17496
17497
17498
17499
17500
17501
17502
17503
17504
17505
17506
17507
17508
17509
17510
17511
17512
17513
17514
17515
17516
17517
17518
17519
17520
17521
17522
17523
18138
18139
18140
18141
18142
18143
18144
18145
18146
18147
18148
18149
18150
18151
18152
18153
18154
18155
18156
18157
18158
18159
18160
18161
18162
18163
18164
18165
18166
18167
18168
18169
18170
18171
18172
18173
18174
18175
18176
18177
18178
18794
18795
18796
18797
18798
18799
18800
18801
18802
18803
18804
18805
18806
18807
18808
18809
18810
18811
18812
18813
18814
18815
18816
18817
18818
18819
18820
18821
18822
18823
18824
18825
18826
18827
18828
18829
18830
18831
18832
18833
19449
19450
19451
19452
19453
19454
19455
19456
19457
19458
19459
19460
19461
19462
19463
19464
19465
19466
19467
19468
19469
19470
19471
19472
19473
19474
19475
19476
19477
19478
19479
19480
19481
19482
19483
19484
19485
19486
19487
19488
20104
20105
20106
20107
20108
20109
20110
20111
20112
20113
20114
20115
20116
20117
20118
20119
20120
20121
20122
20123
20124
20125
20126
20127
20128
20129
20130
20131
20132
20133
20134
20135
20136
20137
20138
20139
20140
20141
20142
20143
20758
20759
20760
20761
20762
20763
20764
20765
20766
20767
20768
20769
20770
20771
20772
20773
20774
20775
20776
20777
20778
20779
20780
20781
20782
20783
20784
20785
20786
20787
20788
20789
20790
20791
20792
20793
20794
20795
20796
20797
21411
21412
21413
21414
21415
21416
21417
21418
21419
21420
21421
21422
21423
21424
21425
21426
21427
21428
21429
21430
21431
21432
21433
21434
21435
21436
21437
21438
21439
21440
21441
21442
21443
21444
21445
21446
21447
21448
21449
21450
21451
22064
22065
22066
22067
22068
22069
22070
22071
22072
22073
22074
22075
22076
22077
22078
22079
22080
22081
22082
22083
22084
22085
22086
22087
22088
22089
22090
22091
22092
22093
22094
22095
22096
22097
22098
22099
22100
22101
22102
22103
22104
22717
22718
22719
22720
22721
22722
22723
22724
22725
22726
22727
22728
22729
22730
22731
22732
22733
22734
22735
22736
22737
22738
22739
22740
22741
22742
22743
22744
22745
22746
22747
22748
22749
22750
22751
22752
22753
22754
22755
22756
23371
23372
23373
23374
23375
23376
23377
23378
23379
23380
23381
23382
23383
23384
23385
23386
23387
23388
23389
23390
23391
23392
23393
23394
23395
23396
23397
23398
23399
23400
23401
23402
23403
23404
23405
23406
23407
23408
23409
23410
24024
24025
24026
24027
24028
24029
24030
24031
24032
24033
24034
24035
24036
24037
24038
24039
24040
24041
24042
24043
24044
24045
24046
24047
24048
24049
24050
24051
24052
24053
24054
24055
24056
24057
24058
24059
24060
24061
24676
24677
24678
24679
24680
24681
24682
24683
24684
24685
24686
24687
24688
24689
24690
24691
24692
24693
24694
24695
24696
24697
24698
24699
24700
24701
24702
24703
24704
24705
24706
24707
24708
24709
24710
24711
24712
24713
24714
25329
25330
25331
25332
25333
25334
25335
25336
25337
25338
25339
25340
25341
25342
25343
25344
25345
25346
25347
25348
25349
25350
25351
25352
25353
25354
25355
25356
25357
25358
25359
25360
25361
25362
25363
25364
25365
25366
25367
25981
25982
25983
25984
25985
25986
25987
25988
25989
25990
25991
25992
25993
25994
25995
25996
25997
25998
25999
26000
26001
26002
26003
26004
26005
26006
26007
26008
26009
26010
26011
26012
26013
26014
26015
26016
26017
26018
26632
26633
26634
26635
26636
26637
26638
26639
26640
26641
26642
26643
26644
26645
26646
26647
26648
26649
26650
26651
26652
26653
26654
26655
26656
26657
26658
26659
26660
26661
26662
26663
26664
26665
26666
26667
26668
27283
27284
27285
27286
27287
27288
27289
27290
27291
27292
27293
27294
27295
27296
27297
27298
27299
27300
27301
27302
27303
27304
27305
27306
27307
27308
27309
27310
27311
27312
27313
27314
27315
27316
27317
27318
27319
27320
27934
27935
27936
27937
27938
27939
27940
27941
27942
27943
27944
27945
27946
27947
27948
27949
27950
27951
27952
27953
27954
27955
27956
27957
27958
27959
27960
27961
27962
27963
27964
27965
27966
27967
27968
27969
27970
28585
28586
28587
28588
28589
28590
28591
28592
28593
28594
28595
28596
28597
28598
28599
28600
28601
28602
28603
28604
28605
28606
28607
28608
28609
28610
28611
28612
28613
28614
28615
28616
28617
28618
28619
28620
29236
29237
29238
29239
29240
29241
29242
29243
29244
29245
29246
29247
29248
29249
29250
29251
29252
29253
29254
29255
29256
29257
29258
29259
29260
29261
29262
29263
29264
29265
29266
29267
29268
29269
29270
29887
29888
29889
29890
29891
29892
29893
29894
29895
29896
29897
29898
29899
29900
29901
29902
29903
29904
29905
29906
29907
29908
29909
29910
29911
29912
29913
29914
29915
29916
29917
29918
29919
29920
29921
30537
30538
30539
30540
30541
30542
30543
30544
30545
30546
30547
30548
30549
30550
30551
30552
30553
30554
30555
30556
30557
30558
30559
30560
30561
30562
30563
30564
30565
30566
30567
30568
30569
31187
31188
31189
31190
31191
31192
31193
31194
31195
31196
31197
31198
31199
31200
31201
31202
31203
31204
31205
31206
31207
31208
31209
31210
31211
31212
31213
31214
31215
31216
31217
31218
31219
31836
31837
31838
31839
31840
31841
31842
31843
31844
31845
31846
31847
31848
31849
31850
31851
31852
31853
31854
31855
31856
31857
31858
31859
31860
31861
31862
31863
31864
31865
31866
31867
31868
32486
32487
32488
32489
32490
32491
32492
32493
32494
32495
32496
32497
32498
32499
32500
32501
32502
32503
32504
32505
32506
32507
32508
32509
32510
32511
32512
32513
32514
32515
32516
32517
33137
33138
33139
33140
33141
33142
33143
33144
33145
33146
33147
33148
33149
33150
33151
33152
33153
33154
33155
33156
33157
33158
33159
33160
33161
33162
33163
33164
33165
33166
33790
33791
33792
33793
33794
33795
33796
33797
33798
33799
33800
33801
33802
33803
33804
33805
33806
33807
33808
33809
33810
33811
33812
33813
33814
33815
33816
34444
34445
34446
34447
34448
34449
34450
34451
34452
34453
34454
34455
34456
34457
34458
34459
34460
34461
34462
34463
34464
34465
34466
35098
35099
35100
35101
35102
35103
35104
35105
35106
35107
35108
35109
35110
35111
35112
35113
35114
35115
35116
35117
35751
35752
35753
35754
35755
35756
35757
35758
35759
35760
35761
35762
35763
35764
35765
35766
36405
36406
36407
36408
36409
36410
36411
36412
36413
36414
36415
36416
37060
37061
37062
37063
37064
37065
37066
37067
37715
37716
37717
37718
1830403
1830404
1830405
1830406
1831054
1831055
1831056
1831057
1831058
1831059
1831060
1831061
1831062
1831063
1831706
1831707
1831708
1831709
1831710
1831711
1831712
1831713
1831714
1831715
1831716
1831717
1831718
1831719
1831720
1832359
1832360
1832361
1832362
1832363
1832364
1832365
1832366
1832367
1832368
1832369
1832370
1832371
1832372
1832373
1832374
1832375
1832376
1832377
1832378
1833011
1833012
1833013
1833014
1833015
1833016
1833017
1833018
1833019
1833020
1833021
1833022
1833023
1833024
1833025
1833026
1833027
1833028
1833029
1833030
1833031
1833032
1833033
1833034
1833035
1833663
1833664
1833665
1833666
1833667
1833668
1833669
1833670
1833671
1833672
1833673
1833674
1833675
1833676
1833677
1833678
1833679
1833680
1833681
1833682
1833683
1833684
1833685
1833686
1833687
1833688
1833689
1833690
1833691
1833692
1834316
1834317
1834318
1834319
1834320
1834321
1834322
1834323
1834324
1834325
1834326
1834327
1834328
1834329
1834330
1834331
1834332
1834333
1834334
1834335
1834336
1834337
1834338
1834339
1834340
1834341
1834342
1834343
1834344
1834345
1834346
1834969
1834970
1834971
1834972
1834973
1834974
1834975
1834976
1834977
1834978
1834979
1834980
1834981
1834982
1834983
1834984
1834985
1834986
1834987
1834988
1834989
1834990
1834991
1834992
1834993
1834994
1834995
1834996
1834997
1834998
1834999
1835000
1835621
1835622
1835623
1835624
1835625
1835626
1835627
1835628
1835629
1835630
1835631
1835632
1835633
1835634
1835635
1835636
1835637
1835638
1835639
1835640
1835641
1835642
1835643
1835644
1835645
1835646
1835647
1835648
1835649
1835650
1835651
1835652
1835653
1835654
1836272
1836273
1836274
1836275
1836276
1836277
1836278
1836279
1836280
1836281
1836282
1836283
1836284
1836285
1836286
1836287
1836288
1836289
1836290
1836291
1836292
1836293
1836294
1836295
1836296
1836297
1836298
1836299
1836300
1836301
1836302
1836303
1836304
1836305
1836306
1836924
1836925
1836926
1836927
1836928
1836929
1836930
1836931
1836932
1836933
1836934
1836935
1836936
1836937
1836938
1836939
1836940
1836941
1836942
1836943
1836944
1836945
1836946
1836947
1836948
1836949
1836950
1836951
1836952
1836953
1836954
1836955
1836956
1836957
1836958
1836959
1836960
1837577
1837578
1837579
1837580
1837581
1837582
1837583
1837584
1837585
1837586
1837587
1837588
1837589
1837590
1837591
1837592
1837593
1837594
1837595
1837596
1837597
1837598
1837599
1837600
1837601
1837602
1837603
1837604
1837605
1837606
1837607
1837608
1837609
1837610
1837611
1837612
1837613
1838230
1838231
1838232
1838233
1838234
1838235
1838236
1838237
1838238
1838239
1838240
1838241
1838242
1838243
1838244
1838245
1838246
1838247
1838248
1838249
1838250
1838251
1838252
1838253
1838254
1838255
1838256
1838257
1838258
1838259
1838260
1838261
1838262
1838263
1838264
1838265
1838266
1838267
1838268
1838269
1838883
1838884
1838885
1838886
1838887
1838888
1838889
1838890
1838891
1838892
1838893
1838894
1838895
1838896
1838897
1838898
1838899
1838900
1838901
1838902
1838903
1838904
1838905
1838906
1838907
1838908
1838909
1838910
1838911
1838912
1838913
1838914
1838915
1838916
1838917
1838918
1838919
1838920
1838921
1839537
1839538
1839539
1839540
1839541
1839542
1839543
1839544
1839545
1839546
1839547
1839548
1839549
1839550
1839551
1839552
1839553
1839554
1839555
1839556
1839557
1839558
1839559
1839560
1839561
1839562
1839563
1839564
1839565
1839566
1839567
1839568
1839569
1839570
1839571
1839572
1839573
1839574
1839575
1839576
1840193
1840194
1840195
1840196
1840197
1840198
1840199
1840200
1840201
1840202
1840203
1840204
1840205
1840206
1840207
1840208
1840209
1840210
1840211
1840212
1840213
1840214
1840215
1840216
1840217
1840218
1840219
1840220
1840221
1840222
1840223
1840224
1840225
1840226
1840227
1840228
1840229
1840230
1840231
1840850
1840851
1840852
1840853
1840854
1840855
1840856
1840857
1840858
1840859
1840860
1840861
1840862
1840863
1840864
1840865
1840866
1840867
1840868
1840869
1840870
1840871
1840872
1840873
1840874
1840875
1840876
1840877
1840878
1840879
1840880
1840881
1840882
1840883
1840884
1840885
1840886
1840887
1840888
1840889
1840890
1841509
1841510
1841511
1841512
1841513
1841514
1841515
1841516
1841517
1841518
1841519
1841520
1841521
1841522
1841523
1841524
1841525
1841526
1841527
1841528
1841529
1841530
1841531
1841532
1841533
1841534
1841535
1841536
1841537
1841538
1841539
1841540
1841541
1841542
1841543
1841544
1841545
1841546
1841547
1841548
1842167
1842168
1842169
1842170
1842171
1842172
1842173
1842174
1842175
1842176
1842177
1842178
1842179
1842180
1842181
1842182
1842183
1842184
1842185
1842186
1842187
1842188
1842189
1842190
1842191
1842192
1842193
1842194
1842195
1842196
1842197
1842198
1842199
1842200
1842201
1842202
1842203
1842204
1842205
1842206
1842825
1842826
1842827
1842828
1842829
1842830
1842831
1842832
1842833
1842834
1842835
1842836
1842837
1842838
1842839
1842840
1842841
1842842
1842843
1842844
1842845
1842846
1842847
1842848
1842849
1842850
1842851
1842852
1842853
1842854
1842855
1842856
1842857
1842858
1842859
1842860
1842861
1842862
1842863
1842864
1843483
1843484
1843485
1843486
1843487
1843488
1843489
1843490
1843491
1843492
1843493
1843494
1843495
1843496
1843497
1843498
1843499
1843500
1843501
1843502
1843503
1843504
1843505
1843506
1843507
1843508
1843509
1843510
1843511
1843512
1843513
1843514
1843515
1843516
1843517
1843518
1843519
1843520
1843521
1843522
1844141
1844142
1844143
1844144
1844145
1844146
1844147
1844148
1844149
1844150
1844151
1844152
1844153
1844154
1844155
1844156
1844157
1844158
1844159
1844160
1844161
1844162
1844163
1844164
1844165
1844166
1844167
1844168
1844169
1844170
1844171
1844172
1844173
1844174
1844175
1844176
1844177
1844178
1844179
1844180
1844181
1844799
1844800
1844801
1844802
1844803
1844804
1844805
1844806
1844807
1844808
1844809
1844810
1844811
1844812
1844813
1844814
1844815
1844816
1844817
1844818
1844819
1844820
1844821
1844822
1844823
1844824
1844825
1844826
1844827
1844828
1844829
1844830
1844831
1844832
1844833
1844834
1844835
1844836
1844837
1844838
1844839
1845456
1845457
1845458
1845459
1845460
1845461
1845462
1845463
1845464
1845465
1845466
1845467
1845468
1845469
1845470
1845471
1845472
1845473
1845474
1845475
1845476
1845477
1845478
1845479
1845480
1845481
1845482
1845483
1845484
1845485
1845486
1845487
1845488
1845489
1845490
1845491
1845492
1845493
1845494
1845495
1845496
1846113
1846114
1846115
1846116
1846117
1846118
1846119
1846120
1846121
1846122
1846123
1846124
1846125
1846126
1846127
1846128
1846129
1846130
1846131
1846132
1846133
1846134
1846135
1846136
1846137
1846138
1846139
1846140
1846141
1846142
1846143
1846144
1846145
1846146
1846147
1846148
1846149
1846150
1846151
1846152
1846153
1846154
1846770
1846771
1846772
1846773
1846774
1846775
1846776
1846777
1846778
1846779
1846780
1846781
1846782
1846783
1846784
1846785
1846786
1846787
1846788
1846789
1846790
1846791
1846792
1846793
1846794
1846795
1846796
1846797
1846798
1846799
1846800
1846801
1846802
1846803
1846804
1846805
1846806
1846807
1846808
1846809
1846810
1847427
1847428
1847429
1847430
1847431
1847432
1847433
1847434
1847435
1847436
1847437
1847438
1847439
1847440
1847441
1847442
1847443
1847444
1847445
1847446
1847447
1847448
1847449
1847450
1847451
1847452
1847453
1847454
1847455
1847456
1847457
1847458
1847459
1847460
1847461
1847462
1847463
1847464
1847465
1847466
1847467
1848084
1848085
1848086
1848087
1848088
1848089
1848090
1848091
1848092
1848093
1848094
1848095
1848096
1848097
1848098
1848099
1848100
1848101
1848102
1848103
1848104
1848105
1848106
1848107
1848108
1848109
1848110
1848111
1848112
1848113
1848114
1848115
1848116
1848117
1848118
1848119
1848120
1848121
1848122
1848123
1848124
1848740
1848741
1848742
1848743
1848744
1848745
1848746
1848747
1848748
1848749
1848750
1848751
1848752
1848753
1848754
1848755
1848756
1848757
1848758
1848759
1848760
1848761
1848762
1848763
1848764
1848765
1848766
1848767
1848768
1848769
1848770
1848771
1848772
1848773
1848774
1848775
1848776
1848777
1848778
1848779
1848780
1848781
1849397
1849398
1849399
1849400
1849401
1849402
1849403
1849404
1849405
1849406
1849407
1849408
1849409
1849410
1849411
1849412
1849413
1849414
1849415
1849416
1849417
1849418
1849419
1849420
1849421
1849422
1849423
1849424
1849425
1849426
1849427
1849428
1849429
1849430
1849431
1849432
1849433
1849434
1849435
1849436
1849437
1849438
1849439
1850057
1850058
1850059
1850060
1850061
1850062
1850063
1850064
1850065
1850066
1850067
1850068
1850069
1850070
1850071
1850072
1850073
1850074
1850075
1850076
1850077
1850078
1850079
1850080
1850081
1850082
1850083
1850084
1850085
1850086
1850087
1850088
1850089
1850090
1850091
1850092
1850093
1850094
1850095
1850096
1850714
1850715
1850716
1850717
1850718
1850719
1850720
1850721
1850722
1850723
1850724
1850725
1850726
1850727
1850728
1850729
1850730
1850731
1850732
1850733
1850734
1850735
1850736
1850737
1850738
1850739
1850740
1850741
1850742
1850743
1850744
1850745
1850746
1850747
1850748
1850749
1850750
1850751
1850752
1850753
1851372
1851373
1851374
1851375
1851376
1851377
1851378
1851379
1851380
1851381
1851382
1851383
1851384
1851385
1851386
1851387
1851388
1851389
1851390
1851391
1851392
1851393
1851394
1851395
1851396
1851397
1851398
1851399
1851400
1851401
1851402
1851403
1851404
1851405
1851406
1851407
1851408
1851409
1851410
1851411
1852030
1852031
1852032
1852033
1852034
1852035
1852036
1852037
1852038
1852039
1852040
1852041
1852042
1852043
1852044
1852045
1852046
1852047
1852048
1852049
1852050
1852051
1852052
1852053
1852054
1852055
1852056
1852057
1852058
1852059
1852060
1852061
1852062
1852063
1852064
1852065
1852066
1852067
1852068
1852069
1852689
1852690
1852691
1852692
1852693
1852694
1852695
1852696
1852697
1852698
1852699
1852700
1852701
1852702
1852703
1852704
1852705
1852706
1852707
1852708
1852709
1852710
1852711
1852712
1852713
1852714
1852715
1852716
1852717
1852718
1852719
1852720
1852721
1852722
1852723
1852724
1852725
1852726
1852727
1852728
1853348
1853349
1853350
1853351
1853352
1853353
1853354
1853355
1853356
1853357
1853358
1853359
1853360
1853361
1853362
1853363
1853364
1853365
1853366
1853367
1853368
1853369
1853370
1853371
1853372
1853373
1853374
1853375
1853376
1853377
1853378
1853379
1853380
1853381
1853382
1853383
1853384
1853385
1853386
1853387
1854010
1854011
1854012
1854013
1854014
1854015
1854016
1854017
1854018
1854019
1854020
1854021
1854022
1854023
1854024
1854025
1854026
1854027
1854028
1854029
1854030
1854031
1854032
1854033
1854034
1854035
1854036
1854037
1854038
1854039
1854040
1854041
1854042
1854043
1854044
1854045
1854046
1854047
1854048
1854669
1854670
1854671
1854672
1854673
1854674
1854675
1854676
1854677
1854678
1854679
1854680
1854681
1854682
1854683
1854684
1854685
1854686
1854687
1854688
1854689
1854690
1854691
1854692
1854693
1854694
1854695
1854696
1854697
1854698
1854699
1854700
1854701
1854702
1854703
1854704
1854705
1854706
1854707
1855327
1855328
1855329
1855330
1855331
1855332
1855333
1855334
1855335
1855336
1855337
1855338
1855339
1855340
1855341
1855342
1855343
1855344
1855345
1855346
1855347
1855348
1855349
1855350
1855351
1855352
1855353
1855354
1855355
1855356
1855357
1855358
1855359
1855360
1855361
1855362
1855363
1855364
1855365
1855366
1855988
1855989
1855990
1855991
1855992
1855993
1855994
1855995
1855996
1855997
1855998
1855999
1856000
1856001
1856002
1856003
1856004
1856005
1856006
1856007
1856008
1856009
1856010
1856011
1856012
1856013
1856014
1856015
1856016
1856017
1856018
1856019
1856020
1856021
1856022
1856023
1856024
1856025
1856026
1856027
1856650
1856651
1856652
1856653
1856654
1856655
1856656
1856657
1856658
1856659
1856660
1856661
1856662
1856663
1856664
1856665
1856666
1856667
1856668
1856669
1856670
1856671
1856672
1856673
1856674
1856675
1856676
1856677
1856678
1856679
1856680
1856681
1856682
1856683
1856684
1856685
1856686
1856687
1857307
1857308
1857309
1857310
1857311
1857312
1857313
1857314
1857315
1857316
1857317
1857318
1857319
1857320
1857321
1857322
1857323
1857324
1857325
1857326
1857327
1857328
1857329
1857330
1857331
1857332
1857333
1857334
1857335
1857336
1857337
1857338
1857339
1857340
1857341
1857342
1857343
1857344
1857345
1857346
1857969
1857970
1857971
1857972
1857973
1857974
1857975
1857976
1857977
1857978
1857979
1857980
1857981
1857982
1857983
1857984
1857985
1857986
1857987
1857988
1857989
1857990
1857991
1857992
1857993
1857994
1857995
1857996
1857997
1857998
1857999
1858000
1858001
1858002
1858003
1858004
1858005
1858006
1858007
1858630
1858631
1858632
1858633
1858634
1858635
1858636
1858637
1858638
1858639
1858640
1858641
1858642
1858643
1858644
1858645
1858646
1858647
1858648
1858649
1858650
1858651
1858652
1858653
1858654
1858655
1858656
1858657
1858658
1858659
1858660
1858661
1858662
1858663
1858664
1858665
1858666
1858667
1859290
1859291
1859292
1859293
1859294
1859295
1859296
1859297
1859298
1859299
1859300
1859301
1859302
1859303
1859304
1859305
1859306
1859307
1859308
1859309
1859310
1859311
1859312
1859313
1859314
1859315
1859316
1859317
1859318
1859319
1859320
1859321
1859322
1859323
1859324
1859325
1859326
1859327
1859949
1859950
1859951
1859952
1859953
1859954
1859955
1859956
1859957
1859958
1859959
1859960
1859961
1859962
1859963
1859964
1859965
1859966
1859967
1859968
1859969
1859970
1859971
1859972
1859973
1859974
1859975
1859976
1859977
1859978
1859979
1859980
1859981
1859982
1859983
1859984
1859985
1859986
1860611
1860612
1860613
1860614
1860615
1860616
1860617
1860618
1860619
1860620
1860621
1860622
1860623
1860624
1860625
1860626
1860627
1860628
1860629
1860630
1860631
1860632
1860633
1860634
1860635
1860636
1860637
1860638
1860639
1860640
1860641
1860642
1860643
1860644
1860645
1860646
1861266
1861267
1861268
1861269
1861270
1861271
1861272
1861273
1861274
1861275
1861276
1861277
1861278
1861279
1861280
1861281
1861282
1861283
1861284
1861285
1861286
1861287
1861288
1861289
1861290
1861291
1861292
1861293
1861294
1861295
1861296
1861297
1861298
1861299
1861300
1861919
1861920
1861921
1861922
1861923
1861924
1861925
1861926
1861927
1861928
1861929
1861930
1861931
1861932
1861933
1861934
1861935
1861936
1861937
1861938
1861939
1861940
1861941
1861942
1861943
1861944
1861945
1861946
1861947
1861948
1861949
1861950
1861951
1861952
1861953
1862574
1862575
1862576
1862577
1862578
1862579
1862580
1862581
1862582
1862583
1862584
1862585
1862586
1862587
1862588
1862589
1862590
1862591
1862592
1862593
1862594
1862595
1862596
1862597
1862598
1862599
1862600
1862601
1862602
1862603
1862604
1862605
1862606
1862607
1863226
1863227
1863228
1863229
1863230
1863231
1863232
1863233
1863234
1863235
1863236
1863237
1863238
1863239
1863240
1863241
1863242
1863243
1863244
1863245
1863246
1863247
1863248
1863249
1863250
1863251
1863252
1863253
1863254
1863255
1863256
1863257
1863258
1863259
1863260
1863882
1863883
1863884
1863885
1863886
1863887
1863888
1863889
1863890
1863891
1863892
1863893
1863894
1863895
1863896
1863897
1863898
1863899
1863900
1863901
1863902
1863903
1863904
1863905
1863906
1863907
1863908
1863909
1863910
1863911
1863912
1863913
1863914
1864537
1864538
1864539
1864540
1864541
1864542
1864543
1864544
1864545
1864546
1864547
1864548
1864549
1864550
1864551
1864552
1864553
1864554
1864555
1864556
1864557
1864558
1864559
1864560
1864561
1864562
1864563
1864564
1864565
1864566
1864567
1864568
1865192
1865193
1865194
1865195
1865196
1865197
1865198
1865199
1865200
1865201
1865202
1865203
1865204
1865205
1865206
1865207
1865208
1865209
1865210
1865211
1865212
1865213
1865214
1865215
1865216
1865217
1865218
1865219
1865220
1865221
1865222
1865845
1865846
1865847
1865848
1865849
1865850
1865851
1865852
1865853
1865854
1865855
1865856
1865857
1865858
1865859
1865860
1865861
1865862
1865863
1865864
1865865
1865866
1865867
1865868
1865869
1865870
1865871
1865872
1865873
1866499
1866500
1866501
1866502
1866503
1866504
1866505
1866506
1866507
1866508
1866509
1866510
1866511
1866512
1866513
1866514
1866515
1866516
1866517
1866518
1866519
1866520
1866521
1866522
1866523
1866524
1867157
1867158
1867159
1867160
1867161
1867162
1867163
1867164
1867165
1867166
1867167
1867168
1867169
1867170
1867171
1867172
1867173
1867174
1867175
1867176
1867177
1867811
1867812
1867813
1867814
1867815
1867816
1867817
1867818
1867819
1867820
1867821
1867822
1867823
1867824
1867825
1867826
1867827
1867828
1868468
1868469
1868470
1868471
1868472
1868473
1868474
1868475
1868476
1868477
1868478
1868479
1869124
1869125
1869126
1869127
1869128
1869129
1869130
1869131
1869779
1869780
1869781
Coefficient of the plane:
0.0816681 0.000863345 0.996659 1.08047
Inliers Indices
Indices Size:
4050
Data:
356
357
358
359
360
361
362
363
364
365
366
367
368
369
370
371
1017
1018
1019
1020
1021
1022
1023
1024
1025
1026
1027
1028
1029
1030
1031
1032
1033
1034
1035
1036
1037
1678
1679
1680
1681
1682
1683
1684
1685
1686
1687
1688
1689
1690
1691
1692
1693
1694
1695
1696
1697
1698
1699
1700
1701
1702
1703
1704
2340
2341
2342
2343
2344
2345
2346
2347
2348
2349
2350
2351
2352
2353
2354
2355
2356
2357
2358
2359
2360
2361
2362
2363
2364
2365
2366
2367
2368
2369
2370
3002
3003
3004
3005
3006
3007
3008
3009
3010
3011
3012
3013
3014
3015
3016
3017
3018
3019
3020
3021
3022
3023
3024
3025
3026
3027
3028
3029
3030
3031
3032
3033
3034
3035
3664
3665
3666
3667
3668
3669
3670
3671
3672
3673
3674
3675
3676
3677
3678
3679
3680
3681
3682
3683
3684
3685
3686
3687
3688
3689
3690
3691
3692
3693
3694
3695
3696
3697
4328
4329
4330
4331
4332
4333
4334
4335
4336
4337
4338
4339
4340
4341
4342
4343
4344
4345
4346
4347
4348
4349
4350
4351
4352
4353
4354
4355
4356
4357
4358
4359
4360
4361
4990
4991
4992
4993
4994
4995
4996
4997
4998
4999
5000
5001
5002
5003
5004
5005
5006
5007
5008
5009
5010
5011
5012
5013
5014
5015
5016
5017
5018
5019
5020
5021
5022
5023
5024
5025
5026
5652
5653
5654
5655
5656
5657
5658
5659
5660
5661
5662
5663
5664
5665
5666
5667
5668
5669
5670
5671
5672
5673
5674
5675
5676
5677
5678
5679
5680
5681
5682
5683
5684
5685
5686
5687
5688
6312
6313
6314
6315
6316
6317
6318
6319
6320
6321
6322
6323
6324
6325
6326
6327
6328
6329
6330
6331
6332
6333
6334
6335
6336
6337
6338
6339
6340
6341
6342
6343
6344
6345
6346
6347
6348
6974
6975
6976
6977
6978
6979
6980
6981
6982
6983
6984
6985
6986
6987
6988
6989
6990
6991
6992
6993
6994
6995
6996
6997
6998
6999
7000
7001
7002
7003
7004
7005
7006
7007
7008
7009
7010
7011
7632
7633
7634
7635
7636
7637
7638
7639
7640
7641
7642
7643
7644
7645
7646
7647
7648
7649
7650
7651
7652
7653
7654
7655
7656
7657
7658
7659
7660
7661
7662
7663
7664
7665
7666
7667
7668
7669
7670
8292
8293
8294
8295
8296
8297
8298
8299
8300
8301
8302
8303
8304
8305
8306
8307
8308
8309
8310
8311
8312
8313
8314
8315
8316
8317
8318
8319
8320
8321
8322
8323
8324
8325
8326
8327
8328
8329
8949
8950
8951
8952
8953
8954
8955
8956
8957
8958
8959
8960
8961
8962
8963
8964
8965
8966
8967
8968
8969
8970
8971
8972
8973
8974
8975
8976
8977
8978
8979
8980
8981
8982
8983
8984
8985
8986
8987
9608
9609
9610
9611
9612
9613
9614
9615
9616
9617
9618
9619
9620
9621
9622
9623
9624
9625
9626
9627
9628
9629
9630
9631
9632
9633
9634
9635
9636
9637
9638
9639
9640
9641
9642
9643
9644
9645
10266
10267
10268
10269
10270
10271
10272
10273
10274
10275
10276
10277
10278
10279
10280
10281
10282
10283
10284
10285
10286
10287
10288
10289
10290
10291
10292
10293
10294
10295
10296
10297
10298
10299
10300
10301
10302
10303
10304
10305
10924
10925
10926
10927
10928
10929
10930
10931
10932
10933
10934
10935
10936
10937
10938
10939
10940
10941
10942
10943
10944
10945
10946
10947
10948
10949
10950
10951
10952
10953
10954
10955
10956
10957
10958
10959
10960
10961
10962
10963
11582
11583
11584
11585
11586
11587
11588
11589
11590
11591
11592
11593
11594
11595
11596
11597
11598
11599
11600
11601
11602
11603
11604
11605
11606
11607
11608
11609
11610
11611
11612
11613
11614
11615
11616
11617
11618
11619
11620
11622
12238
12239
12240
12241
12242
12243
12244
12245
12246
12247
12248
12249
12250
12251
12252
12253
12254
12255
12256
12257
12258
12259
12260
12261
12262
12263
12264
12265
12266
12267
12268
12269
12270
12271
12272
12273
12274
12275
12276
12277
12278
12894
12895
12896
12897
12898
12899
12900
12901
12902
12903
12904
12905
12906
12907
12908
12909
12910
12911
12912
12913
12914
12915
12916
12917
12918
12919
12920
12921
12922
12923
12924
12925
12926
12927
12928
12929
12930
12931
12932
12933
12934
13550
13551
13552
13553
13554
13555
13556
13557
13558
13559
13560
13561
13562
13563
13564
13565
13566
13567
13568
13569
13570
13571
13572
13573
13574
13575
13576
13577
13578
13579
13580
13581
13582
13583
13584
13585
13586
13587
13588
13589
13590
14206
14207
14208
14209
14210
14211
14212
14213
14214
14215
14216
14217
14218
14219
14220
14221
14222
14223
14224
14225
14226
14227
14228
14229
14230
14231
14232
14233
14234
14235
14236
14237
14238
14239
14240
14241
14242
14243
14244
14245
14246
14862
14863
14864
14865
14866
14867
14868
14869
14870
14871
14872
14873
14874
14875
14876
14877
14878
14879
14880
14881
14882
14883
14884
14885
14886
14887
14888
14889
14890
14891
14892
14893
14894
14895
14896
14897
14898
14899
14900
14901
14902
15518
15519
15520
15521
15522
15523
15524
15525
15526
15527
15528
15529
15530
15531
15532
15533
15534
15535
15536
15537
15538
15539
15540
15541
15542
15543
15544
15545
15546
15547
15548
15549
15550
15551
15552
15553
15554
15555
15556
15557
16173
16174
16175
16176
16177
16178
16179
16180
16181
16182
16183
16184
16185
16186
16187
16188
16189
16190
16191
16192
16193
16194
16195
16196
16197
16198
16199
16200
16201
16202
16203
16204
16205
16206
16207
16208
16209
16210
16211
16212
16828
16829
16830
16831
16832
16833
16834
16835
16836
16837
16838
16839
16840
16841
16842
16843
16844
16845
16846
16847
16848
16849
16850
16851
16852
16853
16854
16855
16856
16857
16858
16859
16860
16861
16862
16863
16864
16865
16866
16867
17484
17485
17486
17487
17488
17489
17490
17491
17492
17493
17494
17495
17496
17497
17498
17499
17500
17501
17502
17503
17504
17505
17506
17507
17508
17509
17510
17511
17512
17513
17514
17515
17516
17517
17518
17519
17520
17521
17522
17523
18138
18139
18140
18141
18142
18143
18144
18145
18146
18147
18148
18149
18150
18151
18152
18153
18154
18155
18156
18157
18158
18159
18160
18161
18162
18163
18164
18165
18166
18167
18168
18169
18170
18171
18172
18173
18174
18175
18176
18177
18178
18794
18795
18796
18797
18798
18799
18800
18801
18802
18803
18804
18805
18806
18807
18808
18809
18810
18811
18812
18813
18814
18815
18816
18817
18818
18819
18820
18821
18822
18823
18824
18825
18826
18827
18828
18829
18830
18831
18832
18833
19449
19450
19451
19452
19453
19454
19455
19456
19457
19458
19459
19460
19461
19462
19463
19464
19465
19466
19467
19468
19469
19470
19471
19472
19473
19474
19475
19476
19477
19478
19479
19480
19481
19482
19483
19484
19485
19486
19487
19488
20104
20105
20106
20107
20108
20109
20110
20111
20112
20113
20114
20115
20116
20117
20118
20119
20120
20121
20122
20123
20124
20125
20126
20127
20128
20129
20130
20131
20132
20133
20134
20135
20136
20137
20138
20139
20140
20141
20142
20143
20758
20759
20760
20761
20762
20763
20764
20765
20766
20767
20768
20769
20770
20771
20772
20773
20774
20775
20776
20777
20778
20779
20780
20781
20782
20783
20784
20785
20786
20787
20788
20789
20790
20791
20792
20793
20794
20795
20796
20797
21411
21412
21413
21414
21415
21416
21417
21418
21419
21420
21421
21422
21423
21424
21425
21426
21427
21428
21429
21430
21431
21432
21433
21434
21435
21436
21437
21438
21439
21440
21441
21442
21443
21444
21445
21446
21447
21448
21449
21450
21451
22064
22065
22066
22067
22068
22069
22070
22071
22072
22073
22074
22075
22076
22077
22078
22079
22080
22081
22082
22083
22084
22085
22086
22087
22088
22089
22090
22091
22092
22093
22094
22095
22096
22097
22098
22099
22100
22101
22102
22103
22104
22717
22718
22719
22720
22721
22722
22723
22724
22725
22726
22727
22728
22729
22730
22731
22732
22733
22734
22735
22736
22737
22738
22739
22740
22741
22742
22743
22744
22745
22746
22747
22748
22749
22750
22751
22752
22753
22754
22755
22756
23371
23372
23373
23374
23375
23376
23377
23378
23379
23380
23381
23382
23383
23384
23385
23386
23387
23388
23389
23390
23391
23392
23393
23394
23395
23396
23397
23398
23399
23400
23401
23402
23403
23404
23405
23406
23407
23408
23409
23410
24024
24025
24026
24027
24028
24029
24030
24031
24032
24033
24034
24035
24036
24037
24038
24039
24040
24041
24042
24043
24044
24045
24046
24047
24048
24049
24050
24051
24052
24053
24054
24055
24056
24057
24058
24059
24060
24061
24676
24677
24678
24679
24680
24681
24682
24683
24684
24685
24686
24687
24688
24689
24690
24691
24692
24693
24694
24695
24696
24697
24698
24699
24700
24701
24702
24703
24704
24705
24706
24707
24708
24709
24710
24711
24712
24713
24714
25329
25330
25331
25332
25333
25334
25335
25336
25337
25338
25339
25340
25341
25342
25343
25344
25345
25346
25347
25348
25349
25350
25351
25352
25353
25354
25355
25356
25357
25358
25359
25360
25361
25362
25363
25364
25365
25366
25367
25981
25982
25983
25984
25985
25986
25987
25988
25989
25990
25991
25992
25993
25994
25995
25996
25997
25998
25999
26000
26001
26002
26003
26004
26005
26006
26007
26008
26009
26010
26011
26012
26013
26014
26015
26016
26017
26018
26632
26633
26634
26635
26636
26637
26638
26639
26640
26641
26642
26643
26644
26645
26646
26647
26648
26649
26650
26651
26652
26653
26654
26655
26656
26657
26658
26659
26660
26661
26662
26663
26664
26665
26666
26667
26668
27283
27284
27285
27286
27287
27288
27289
27290
27291
27292
27293
27294
27295
27296
27297
27298
27299
27300
27301
27302
27303
27304
27305
27306
27307
27308
27309
27310
27311
27312
27313
27314
27315
27316
27317
27318
27319
27320
27934
27935
27936
27937
27938
27939
27940
27941
27942
27943
27944
27945
27946
27947
27948
27949
27950
27951
27952
27953
27954
27955
27956
27957
27958
27959
27960
27961
27962
27963
27964
27965
27966
27967
27968
27969
27970
28585
28586
28587
28588
28589
28590
28591
28592
28593
28594
28595
28596
28597
28598
28599
28600
28601
28602
28603
28604
28605
28606
28607
28608
28609
28610
28611
28612
28613
28614
28615
28616
28617
28618
28619
28620
29236
29237
29238
29239
29240
29241
29242
29243
29244
29245
29246
29247
29248
29249
29250
29251
29252
29253
29254
29255
29256
29257
29258
29259
29260
29261
29262
29263
29264
29265
29266
29267
29268
29269
29270
29887
29888
29889
29890
29891
29892
29893
29894
29895
29896
29897
29898
29899
29900
29901
29902
29903
29904
29905
29906
29907
29908
29909
29910
29911
29912
29913
29914
29915
29916
29917
29918
29919
29920
29921
30537
30538
30539
30540
30541
30542
30543
30544
30545
30546
30547
30548
30549
30550
30551
30552
30553
30554
30555
30556
30557
30558
30559
30560
30561
30562
30563
30564
30565
30566
30567
30568
30569
31187
31188
31189
31190
31191
31192
31193
31194
31195
31196
31197
31198
31199
31200
31201
31202
31203
31204
31205
31206
31207
31208
31209
31210
31211
31212
31213
31214
31215
31216
31217
31218
31219
31836
31837
31838
31839
31840
31841
31842
31843
31844
31845
31846
31847
31848
31849
31850
31851
31852
31853
31854
31855
31856
31857
31858
31859
31860
31861
31862
31863
31864
31865
31866
31867
31868
32486
32487
32488
32489
32490
32491
32492
32493
32494
32495
32496
32497
32498
32499
32500
32501
32502
32503
32504
32505
32506
32507
32508
32509
32510
32511
32512
32513
32514
32515
32516
32517
33137
33138
33139
33140
33141
33142
33143
33144
33145
33146
33147
33148
33149
33150
33151
33152
33153
33154
33155
33156
33157
33158
33159
33160
33161
33162
33163
33164
33165
33166
33790
33791
33792
33793
33794
33795
33796
33797
33798
33799
33800
33801
33802
33803
33804
33805
33806
33807
33808
33809
33810
33811
33812
33813
33814
33815
33816
34444
34445
34446
34447
34448
34449
34450
34451
34452
34453
34454
34455
34456
34457
34458
34459
34460
34461
34462
34463
34464
34465
34466
35098
35099
35100
35101
35102
35103
35104
35105
35106
35107
35108
35109
35110
35111
35112
35113
35114
35115
35116
35117
35751
35752
35753
35754
35755
35756
35757
35758
35759
35760
35761
35762
35763
35764
35765
35766
36405
36406
36407
36408
36409
36410
36411
36412
36413
36414
36415
36416
37060
37061
37062
37063
37064
37065
37066
37067
37715
37716
37717
37718
1830403
1830404
1830405
1830406
1831054
1831055
1831056
1831057
1831058
1831059
1831060
1831061
1831062
1831063
1831706
1831707
1831708
1831709
1831710
1831711
1831712
1831713
1831714
1831715
1831716
1831717
1831718
1831719
1831720
1832359
1832360
1832361
1832362
1832363
1832364
1832365
1832366
1832367
1832368
1832369
1832370
1832371
1832372
1832373
1832374
1832375
1832376
1832377
1832378
1833011
1833012
1833013
1833014
1833015
1833016
1833017
1833018
1833019
1833020
1833021
1833022
1833023
1833024
1833025
1833026
1833027
1833028
1833029
1833030
1833031
1833032
1833033
1833034
1833035
1833663
1833664
1833665
1833666
1833667
1833668
1833669
1833670
1833671
1833672
1833673
1833674
1833675
1833676
1833677
1833678
1833679
1833680
1833681
1833682
1833683
1833684
1833685
1833686
1833687
1833688
1833689
1833690
1833691
1833692
1834316
1834317
1834318
1834319
1834320
1834321
1834322
1834323
1834324
1834325
1834326
1834327
1834328
1834329
1834330
1834331
1834332
1834333
1834334
1834335
1834336
1834337
1834338
1834339
1834340
1834341
1834342
1834343
1834344
1834345
1834346
1834969
1834970
1834971
1834972
1834973
1834974
1834975
1834976
1834977
1834978
1834979
1834980
1834981
1834982
1834983
1834984
1834985
1834986
1834987
1834988
1834989
1834990
1834991
1834992
1834993
1834994
1834995
1834996
1834997
1834998
1834999
1835000
1835621
1835622
1835623
1835624
1835625
1835626
1835627
1835628
1835629
1835630
1835631
1835632
1835633
1835634
1835635
1835636
1835637
1835638
1835639
1835640
1835641
1835642
1835643
1835644
1835645
1835646
1835647
1835648
1835649
1835650
1835651
1835652
1835653
1835654
1836272
1836273
1836274
1836275
1836276
1836277
1836278
1836279
1836280
1836281
1836282
1836283
1836284
1836285
1836286
1836287
1836288
1836289
1836290
1836291
1836292
1836293
1836294
1836295
1836296
1836297
1836298
1836299
1836300
1836301
1836302
1836303
1836304
1836305
1836306
1836924
1836925
1836926
1836927
1836928
1836929
1836930
1836931
1836932
1836933
1836934
1836935
1836936
1836937
1836938
1836939
1836940
1836941
1836942
1836943
1836944
1836945
1836946
1836947
1836948
1836949
1836950
1836951
1836952
1836953
1836954
1836955
1836956
1836957
1836958
1836959
1836960
1837577
1837578
1837579
1837580
1837581
1837582
1837583
1837584
1837585
1837586
1837587
1837588
1837589
1837590
1837591
1837592
1837593
1837594
1837595
1837596
1837597
1837598
1837599
1837600
1837601
1837602
1837603
1837604
1837605
1837606
1837607
1837608
1837609
1837610
1837611
1837612
1837613
1838230
1838231
1838232
1838233
1838234
1838235
1838236
1838237
1838238
1838239
1838240
1838241
1838242
1838243
1838244
1838245
1838246
1838247
1838248
1838249
1838250
1838251
1838252
1838253
1838254
1838255
1838256
1838257
1838258
1838259
1838260
1838261
1838262
1838263
1838264
1838265
1838266
1838267
1838268
1838269
1838883
1838884
1838885
1838886
1838887
1838888
1838889
1838890
1838891
1838892
1838893
1838894
1838895
1838896
1838897
1838898
1838899
1838900
1838901
1838902
1838903
1838904
1838905
1838906
1838907
1838908
1838909
1838910
1838911
1838912
1838913
1838914
1838915
1838916
1838917
1838918
1838919
1838920
1838921
1839537
1839538
1839539
1839540
1839541
1839542
1839543
1839544
1839545
1839546
1839547
1839548
1839549
1839550
1839551
1839552
1839553
1839554
1839555
1839556
1839557
1839558
1839559
1839560
1839561
1839562
1839563
1839564
1839565
1839566
1839567
1839568
1839569
1839570
1839571
1839572
1839573
1839574
1839575
1839576
1840193
1840194
1840195
1840196
1840197
1840198
1840199
1840200
1840201
1840202
1840203
1840204
1840205
1840206
1840207
1840208
1840209
1840210
1840211
1840212
1840213
1840214
1840215
1840216
1840217
1840218
1840219
1840220
1840221
1840222
1840223
1840224
1840225
1840226
1840227
1840228
1840229
1840230
1840231
1840850
1840851
1840852
1840853
1840854
1840855
1840856
1840857
1840858
1840859
1840860
1840861
1840862
1840863
1840864
1840865
1840866
1840867
1840868
1840869
1840870
1840871
1840872
1840873
1840874
1840875
1840876
1840877
1840878
1840879
1840880
1840881
1840882
1840883
1840884
1840885
1840886
1840887
1840888
1840889
1840890
1841509
1841510
1841511
1841512
1841513
1841514
1841515
1841516
1841517
1841518
1841519
1841520
1841521
1841522
1841523
1841524
1841525
1841526
1841527
1841528
1841529
1841530
1841531
1841532
1841533
1841534
1841535
1841536
1841537
1841538
1841539
1841540
1841541
1841542
1841543
1841544
1841545
1841546
1841547
1841548
1842167
1842168
1842169
1842170
1842171
1842172
1842173
1842174
1842175
1842176
1842177
1842178
1842179
1842180
1842181
1842182
1842183
1842184
1842185
1842186
1842187
1842188
1842189
1842190
1842191
1842192
1842193
1842194
1842195
1842196
1842197
1842198
1842199
1842200
1842201
1842202
1842203
1842204
1842205
1842206
1842825
1842826
1842827
1842828
1842829
1842830
1842831
1842832
1842833
1842834
1842835
1842836
1842837
1842838
1842839
1842840
1842841
1842842
1842843
1842844
1842845
1842846
1842847
1842848
1842849
1842850
1842851
1842852
1842853
1842854
1842855
1842856
1842857
1842858
1842859
1842860
1842861
1842862
1842863
1842864
1843483
1843484
1843485
1843486
1843487
1843488
1843489
1843490
1843491
1843492
1843493
1843494
1843495
1843496
1843497
1843498
1843499
1843500
1843501
1843502
1843503
1843504
1843505
1843506
1843507
1843508
1843509
1843510
1843511
1843512
1843513
1843514
1843515
1843516
1843517
1843518
1843519
1843520
1843521
1843522
1844141
1844142
1844143
1844144
1844145
1844146
1844147
1844148
1844149
1844150
1844151
1844152
1844153
1844154
1844155
1844156
1844157
1844158
1844159
1844160
1844161
1844162
1844163
1844164
1844165
1844166
1844167
1844168
1844169
1844170
1844171
1844172
1844173
1844174
1844175
1844176
1844177
1844178
1844179
1844180
1844181
1844799
1844800
1844801
1844802
1844803
1844804
1844805
1844806
1844807
1844808
1844809
1844810
1844811
1844812
1844813
1844814
1844815
1844816
1844817
1844818
1844819
1844820
1844821
1844822
1844823
1844824
1844825
1844826
1844827
1844828
1844829
1844830
1844831
1844832
1844833
1844834
1844835
1844836
1844837
1844838
1844839
1845456
1845457
1845458
1845459
1845460
1845461
1845462
1845463
1845464
1845465
1845466
1845467
1845468
1845469
1845470
1845471
1845472
1845473
1845474
1845475
1845476
1845477
1845478
1845479
1845480
1845481
1845482
1845483
1845484
1845485
1845486
1845487
1845488
1845489
1845490
1845491
1845492
1845493
1845494
1845495
1845496
1846113
1846114
1846115
1846116
1846117
1846118
1846119
1846120
1846121
1846122
1846123
1846124
1846125
1846126
1846127
1846128
1846129
1846130
1846131
1846132
1846133
1846134
1846135
1846136
1846137
1846138
1846139
1846140
1846141
1846142
1846143
1846144
1846145
1846146
1846147
1846148
1846149
1846150
1846151
1846152
1846153
1846154
1846770
1846771
1846772
1846773
1846774
1846775
1846776
1846777
1846778
1846779
1846780
1846781
1846782
1846783
1846784
1846785
1846786
1846787
1846788
1846789
1846790
1846791
1846792
1846793
1846794
1846795
1846796
1846797
1846798
1846799
1846800
1846801
1846802
1846803
1846804
1846805
1846806
1846807
1846808
1846809
1846810
1847427
1847428
1847429
1847430
1847431
1847432
1847433
1847434
1847435
1847436
1847437
1847438
1847439
1847440
1847441
1847442
1847443
1847444
1847445
1847446
1847447
1847448
1847449
1847450
1847451
1847452
1847453
1847454
1847455
1847456
1847457
1847458
1847459
1847460
1847461
1847462
1847463
1847464
1847465
1847466
1847467
1848084
1848085
1848086
1848087
1848088
1848089
1848090
1848091
1848092
1848093
1848094
1848095
1848096
1848097
1848098
1848099
1848100
1848101
1848102
1848103
1848104
1848105
1848106
1848107
1848108
1848109
1848110
1848111
1848112
1848113
1848114
1848115
1848116
1848117
1848118
1848119
1848120
1848121
1848122
1848123
1848124
1848740
1848741
1848742
1848743
1848744
1848745
1848746
1848747
1848748
1848749
1848750
1848751
1848752
1848753
1848754
1848755
1848756
1848757
1848758
1848759
1848760
1848761
1848762
1848763
1848764
1848765
1848766
1848767
1848768
1848769
1848770
1848771
1848772
1848773
1848774
1848775
1848776
1848777
1848778
1848779
1848780
1848781
1849397
1849398
1849399
1849400
1849401
1849402
1849403
1849404
1849405
1849406
1849407
1849408
1849409
1849410
1849411
1849412
1849413
1849414
1849415
1849416
1849417
1849418
1849419
1849420
1849421
1849422
1849423
1849424
1849425
1849426
1849427
1849428
1849429
1849430
1849431
1849432
1849433
1849434
1849435
1849436
1849437
1849438
1849439
1850057
1850058
1850059
1850060
1850061
1850062
1850063
1850064
1850065
1850066
1850067
1850068
1850069
1850070
1850071
1850072
1850073
1850074
1850075
1850076
1850077
1850078
1850079
1850080
1850081
1850082
1850083
1850084
1850085
1850086
1850087
1850088
1850089
1850090
1850091
1850092
1850093
1850094
1850095
1850096
1850714
1850715
1850716
1850717
1850718
1850719
1850720
1850721
1850722
1850723
1850724
1850725
1850726
1850727
1850728
1850729
1850730
1850731
1850732
1850733
1850734
1850735
1850736
1850737
1850738
1850739
1850740
1850741
1850742
1850743
1850744
1850745
1850746
1850747
1850748
1850749
1850750
1850751
1850752
1850753
1851372
1851373
1851374
1851375
1851376
1851377
1851378
1851379
1851380
1851381
1851382
1851383
1851384
1851385
1851386
1851387
1851388
1851389
1851390
1851391
1851392
1851393
1851394
1851395
1851396
1851397
1851398
1851399
1851400
1851401
1851402
1851403
1851404
1851405
1851406
1851407
1851408
1851409
1851410
1851411
1852030
1852031
1852032
1852033
1852034
1852035
1852036
1852037
1852038
1852039
1852040
1852041
1852042
1852043
1852044
1852045
1852046
1852047
1852048
1852049
1852050
1852051
1852052
1852053
1852054
1852055
1852056
1852057
1852058
1852059
1852060
1852061
1852062
1852063
1852064
1852065
1852066
1852067
1852068
1852069
1852689
1852690
1852691
1852692
1852693
1852694
1852695
1852696
1852697
1852698
1852699
1852700
1852701
1852702
1852703
1852704
1852705
1852706
1852707
1852708
1852709
1852710
1852711
1852712
1852713
1852714
1852715
1852716
1852717
1852718
1852719
1852720
1852721
1852722
1852723
1852724
1852725
1852726
1852727
1852728
1853348
1853349
1853350
1853351
1853352
1853353
1853354
1853355
1853356
1853357
1853358
1853359
1853360
1853361
1853362
1853363
1853364
1853365
1853366
1853367
1853368
1853369
1853370
1853371
1853372
1853373
1853374
1853375
1853376
1853377
1853378
1853379
1853380
1853381
1853382
1853383
1853384
1853385
1853386
1853387
1854010
1854011
1854012
1854013
1854014
1854015
1854016
1854017
1854018
1854019
1854020
1854021
1854022
1854023
1854024
1854025
1854026
1854027
1854028
1854029
1854030
1854031
1854032
1854033
1854034
1854035
1854036
1854037
1854038
1854039
1854040
1854041
1854042
1854043
1854044
1854045
1854046
1854047
1854048
1854669
1854670
1854671
1854672
1854673
1854674
1854675
1854676
1854677
1854678
1854679
1854680
1854681
1854682
1854683
1854684
1854685
1854686
1854687
1854688
1854689
1854690
1854691
1854692
1854693
1854694
1854695
1854696
1854697
1854698
1854699
1854700
1854701
1854702
1854703
1854704
1854705
1854706
1854707
1855327
1855328
1855329
1855330
1855331
1855332
1855333
1855334
1855335
1855336
1855337
1855338
1855339
1855340
1855341
1855342
1855343
1855344
1855345
1855346
1855347
1855348
1855349
1855350
1855351
1855352
1855353
1855354
1855355
1855356
1855357
1855358
1855359
1855360
1855361
1855362
1855363
1855364
1855365
1855366
1855988
1855989
1855990
1855991
1855992
1855993
1855994
1855995
1855996
1855997
1855998
1855999
1856000
1856001
1856002
1856003
1856004
1856005
1856006
1856007
1856008
1856009
1856010
1856011
1856012
1856013
1856014
1856015
1856016
1856017
1856018
1856019
1856020
1856021
1856022
1856023
1856024
1856025
1856026
1856027
1856650
1856651
1856652
1856653
1856654
1856655
1856656
1856657
1856658
1856659
1856660
1856661
1856662
1856663
1856664
1856665
1856666
1856667
1856668
1856669
1856670
1856671
1856672
1856673
1856674
1856675
1856676
1856677
1856678
1856679
1856680
1856681
1856682
1856683
1856684
1856685
1856686
1856687
1857307
1857308
1857309
1857310
1857311
1857312
1857313
1857314
1857315
1857316
1857317
1857318
1857319
1857320
1857321
1857322
1857323
1857324
1857325
1857326
1857327
1857328
1857329
1857330
1857331
1857332
1857333
1857334
1857335
1857336
1857337
1857338
1857339
1857340
1857341
1857342
1857343
1857344
1857345
1857346
1857969
1857970
1857971
1857972
1857973
1857974
1857975
1857976
1857977
1857978
1857979
1857980
1857981
1857982
1857983
1857984
1857985
1857986
1857987
1857988
1857989
1857990
1857991
1857992
1857993
1857994
1857995
1857996
1857997
1857998
1857999
1858000
1858001
1858002
1858003
1858004
1858005
1858006
1858007
1858630
1858631
1858632
1858633
1858634
1858635
1858636
1858637
1858638
1858639
1858640
1858641
1858642
1858643
1858644
1858645
1858646
1858647
1858648
1858649
1858650
1858651
1858652
1858653
1858654
1858655
1858656
1858657
1858658
1858659
1858660
1858661
1858662
1858663
1858664
1858665
1858666
1858667
1859290
1859291
1859292
1859293
1859294
1859295
1859296
1859297
1859298
1859299
1859300
1859301
1859302
1859303
1859304
1859305
1859306
1859307
1859308
1859309
1859310
1859311
1859312
1859313
1859314
1859315
1859316
1859317
1859318
1859319
1859320
1859321
1859322
1859323
1859324
1859325
1859326
1859327
1859949
1859950
1859951
1859952
1859953
1859954
1859955
1859956
1859957
1859958
1859959
1859960
1859961
1859962
1859963
1859964
1859965
1859966
1859967
1859968
1859969
1859970
1859971
1859972
1859973
1859974
1859975
1859976
1859977
1859978
1859979
1859980
1859981
1859982
1859983
1859984
1859985
1859986
1860611
1860612
1860613
1860614
1860615
1860616
1860617
1860618
1860619
1860620
1860621
1860622
1860623
1860624
1860625
1860626
1860627
1860628
1860629
1860630
1860631
1860632
1860633
1860634
1860635
1860636
1860637
1860638
1860639
1860640
1860641
1860642
1860643
1860644
1860645
1860646
1861266
1861267
1861268
1861269
1861270
1861271
1861272
1861273
1861274
1861275
1861276
1861277
1861278
1861279
1861280
1861281
1861282
1861283
1861284
1861285
1861286
1861287
1861288
1861289
1861290
1861291
1861292
1861293
1861294
1861295
1861296
1861297
1861298
1861299
1861300
1861919
1861920
1861921
1861922
1861923
1861924
1861925
1861926
1861927
1861928
1861929
1861930
1861931
1861932
1861933
1861934
1861935
1861936
1861937
1861938
1861939
1861940
1861941
1861942
1861943
1861944
1861945
1861946
1861947
1861948
1861949
1861950
1861951
1861952
1861953
1862574
1862575
1862576
1862577
1862578
1862579
1862580
1862581
1862582
1862583
1862584
1862585
1862586
1862587
1862588
1862589
1862590
1862591
1862592
1862593
1862594
1862595
1862596
1862597
1862598
1862599
1862600
1862601
1862602
1862603
1862604
1862605
1862606
1862607
1863226
1863227
1863228
1863229
1863230
1863231
1863232
1863233
1863234
1863235
1863236
1863237
1863238
1863239
1863240
1863241
1863242
1863243
1863244
1863245
1863246
1863247
1863248
1863249
1863250
1863251
1863252
1863253
1863254
1863255
1863256
1863257
1863258
1863259
1863260
1863882
1863883
1863884
1863885
1863886
1863887
1863888
1863889
1863890
1863891
1863892
1863893
1863894
1863895
1863896
1863897
1863898
1863899
1863900
1863901
1863902
1863903
1863904
1863905
1863906
1863907
1863908
1863909
1863910
1863911
1863912
1863913
1863914
1864537
1864538
1864539
1864540
1864541
1864542
1864543
1864544
1864545
1864546
1864547
1864548
1864549
1864550
1864551
1864552
1864553
1864554
1864555
1864556
1864557
1864558
1864559
1864560
1864561
1864562
1864563
1864564
1864565
1864566
1864567
1864568
1865192
1865193
1865194
1865195
1865196
1865197
1865198
1865199
1865200
1865201
1865202
1865203
1865204
1865205
1865206
1865207
1865208
1865209
1865210
1865211
1865212
1865213
1865214
1865215
1865216
1865217
1865218
1865219
1865220
1865221
1865222
1865845
1865846
1865847
1865848
1865849
1865850
1865851
1865852
1865853
1865854
1865855
1865856
1865857
1865858
1865859
1865860
1865861
1865862
1865863
1865864
1865865
1865866
1865867
1865868
1865869
1865870
1865871
1865872
1865873
1866499
1866500
1866501
1866502
1866503
1866504
1866505
1866506
1866507
1866508
1866509
1866510
1866511
1866512
1866513
1866514
1866515
1866516
1866517
1866518
1866519
1866520
1866521
1866522
1866523
1866524
1867157
1867158
1867159
1867160
1867161
1867162
1867163
1867164
1867165
1867166
1867167
1867168
1867169
1867170
1867171
1867172
1867173
1867174
1867175
1867176
1867177
1867811
1867812
1867813
1867814
1867815
1867816
1867817
1867818
1867819
1867820
1867821
1867822
1867823
1867824
1867825
1867826
1867827
1867828
1868468
1868469
1868470
1868471
1868472
1868473
1868474
1868475
1868476
1868477
1868478
1868479
1869124
1869125
1869126
1869127
1869128
1869129
1869130
1869131
1869779
1869780
1869781
