stamp 1509348901 49452000
estimate
  -0.988071 -0.00560962    0.153899     8.00551
 0.00430559   -0.999952 -0.00880529     17.0567
   0.153941 -0.00803763    0.988047     1.79594
          0           0           0           1
odom
   -0.984078   -0.0063465     0.177621      7.99402
-0.000156738    -0.999331    -0.036575      17.0676
    0.177735   -0.0360205     0.983419    -0.623571
           0            0            0            1
accum_distance 130.311
floor_coeffs    0.144433 -0.00810216    0.989481      1.7964
id 64
