Sample Indices
Indices Size:
1900
Data:
362
363
389
390
391
392
393
394
395
396
397
398
399
400
401
402
403
404
408
783
784
805
806
807
808
809
810
811
812
813
814
815
816
817
818
819
820
824
1196
1197
1198
1219
1220
1221
1222
1223
1224
1225
1226
1227
1228
1229
1230
1231
1232
1233
1234
1235
1609
1610
1631
1632
1633
1634
1635
1636
1637
1638
1639
1640
1641
1642
1643
1644
1645
1646
1647
2020
2021
2043
2044
2045
2046
2047
2048
2049
2050
2051
2052
2053
2054
2055
2056
2057
2058
2059
2062
2435
2436
2462
2463
2464
2465
2466
2467
2468
2469
2470
2471
2472
2473
2474
2475
2476
2477
2853
2854
2855
2880
2881
2882
2883
2884
2885
2886
2887
2888
2889
2890
2891
2892
2893
2894
2895
2896
3272
3273
3299
3300
3301
3302
3303
3304
3305
3306
3307
3308
3309
3310
3311
3312
3313
3314
3315
3318
81727
81728
81732
81733
82111
82112
82113
82118
82119
82120
82121
82122
82123
82124
82137
82138
82139
82140
82141
82142
82143
82144
82145
82146
82147
82148
82149
82150
82151
82152
82504
82505
82510
82511
82512
82513
82514
82515
82516
82529
82530
82531
82532
82533
82534
82535
82536
82537
82538
82539
82540
82541
82542
82543
82544
82545
82899
82900
82905
82926
82927
82928
82929
82930
82931
82932
82933
82934
82935
82936
82937
82938
82939
82940
82941
82942
82943
83294
83295
83301
83320
83321
83322
83323
83324
83325
83326
83327
83328
83329
83330
83331
83332
83333
83334
83335
83688
83689
83690
83714
83715
83716
83717
83718
83719
83720
83721
83722
83723
83724
83725
83726
83727
83728
83729
84083
84084
84085
84086
84087
84088
84108
84109
84110
84111
84112
84113
84114
84115
84116
84117
84118
84119
84120
84121
84122
84123
84479
84480
84481
84482
84483
84484
84504
84505
84506
84507
84508
84509
84510
84511
84512
84513
84514
84515
84516
84517
84518
84519
84520
84874
84875
84898
84899
84900
84901
84902
84903
84904
84905
84906
84907
84908
84909
84910
84911
84912
84913
85266
85290
85291
85292
85293
85294
85295
85296
85297
85298
85299
85300
85301
85302
85303
85304
85305
85658
85659
85683
85684
85685
85686
85687
85688
85689
85690
85691
85692
85693
85694
85695
85696
85697
85698
86055
86056
86080
86081
86082
86083
86084
86085
86086
86087
86088
86089
86090
86091
86092
86093
86094
86095
86096
86451
86452
86476
86477
86478
86479
86480
86481
86482
86483
86484
86485
86486
86487
86488
86489
86490
86491
86492
86847
86848
86873
86874
86875
86876
86877
86878
86879
86880
86881
86882
86883
86884
86885
86886
86887
86888
87244
87245
87246
87270
87271
87272
87273
87274
87275
87276
87277
87278
87279
87280
87281
87282
87283
87284
87285
87289
87641
87642
87650
87666
87667
87668
87669
87670
87671
87672
87673
87674
87675
87676
87677
87678
87679
87680
87681
87685
88040
88041
88042
88043
88044
88045
88046
88048
88049
88050
88051
88052
88053
88054
88055
88056
88057
88058
88061
88062
88063
88064
88065
88066
88067
88068
88069
88070
88071
88072
88073
88074
88075
88076
88077
88445
88446
88447
88448
88449
88450
88451
88452
88453
88454
88455
88456
88460
88461
88462
88463
88464
88465
88466
88467
88468
88469
88470
88471
88472
88473
88474
88475
88834
88858
88859
88860
88861
88862
88863
88864
88865
88866
88867
88868
88869
88870
88871
88872
88873
89229
89230
89254
89255
89256
89257
89258
89259
89260
89261
89262
89263
89264
89265
89266
89267
89268
89269
89273
89626
89627
89628
89649
89650
89651
89652
89653
89654
89655
89656
89657
89658
89659
89660
89661
89662
89663
89664
89665
89668
90023
90024
90025
90026
90047
90048
90049
90050
90051
90052
90053
90054
90055
90056
90057
90058
90059
90060
90061
90062
90420
90421
90442
90443
90444
90445
90446
90447
90448
90449
90450
90451
90452
90453
90454
90455
90456
90457
90815
90816
90817
90818
90819
90820
90821
90822
90839
90840
90841
90842
90843
90844
90845
90846
90847
90848
90849
90850
90851
90852
90853
90854
91213
91214
91215
91216
91217
91219
91238
91239
91240
91241
91242
91243
91244
91245
91246
91247
91248
91249
91250
91251
91252
91609
91610
91611
91612
91613
91614
91615
91632
91633
91634
91635
91636
91637
91638
91639
91640
91641
91642
91643
91644
91645
91646
91647
91648
92005
92006
92007
92008
92009
92029
92030
92031
92032
92033
92034
92035
92036
92037
92038
92039
92040
92041
92042
92043
92044
92405
92406
92430
92431
92432
92433
92434
92435
92436
92437
92438
92439
92440
92441
92442
92443
92444
92445
92805
92806
92828
92829
92830
92831
92832
92833
92834
92835
92836
92837
92838
92839
92840
92841
92842
92843
93204
93205
93226
93227
93228
93229
93230
93231
93232
93233
93234
93235
93236
93237
93238
93239
93240
93241
93604
93626
93627
93628
93629
93630
93631
93632
93633
93634
93635
93636
93637
93638
93639
93640
93641
94027
94028
94029
94030
94031
94032
94033
94034
94035
94036
94037
94038
94039
94040
94041
94042
94426
94427
94428
94429
94430
94431
94432
94433
94434
94435
94436
94437
94438
94439
94440
94441
94828
94829
94830
94831
94832
94833
94834
94835
94836
94837
94838
94839
94840
94841
94842
94843
94844
94845
94846
95226
95227
95228
95229
95230
95231
95232
95233
95234
95235
95236
95237
95238
95239
95240
95241
95624
95625
95626
95627
95628
95629
95630
95631
95632
95633
95634
95635
95636
95637
95638
95639
96027
96028
96029
96030
96031
96032
96033
96034
96035
96036
96037
96038
96039
96040
96041
96042
96431
96432
96433
96434
96435
96436
96437
96438
96439
96440
96441
96442
96443
96444
96445
96446
96834
96835
96836
96837
96838
96839
96840
96841
96842
96843
96844
96845
96846
96847
96848
96849
97237
97238
97239
97240
97241
97242
97243
97244
97245
97246
97247
97248
97249
97250
97251
97252
97642
97643
97644
97645
97646
97647
97648
97649
97650
97651
97652
97653
97654
97655
97656
97657
98046
98047
98048
98049
98050
98051
98052
98053
98054
98055
98056
98057
98058
98059
98060
98061
98450
98451
98452
98453
98454
98455
98456
98457
98458
98459
98460
98461
98462
98463
98464
98465
98855
98856
98857
98858
98859
98860
98861
98862
98863
98864
98865
98866
98867
98868
98869
99259
99260
99261
99262
99263
99264
99265
99266
99267
99268
99269
99270
99271
99272
99273
99274
99275
99276
99277
99664
99665
99666
99667
99668
99669
99670
99671
99672
99673
99674
99675
99676
99677
99678
100068
100069
100070
100071
100072
100073
100074
100075
100076
100077
100078
100079
100080
100081
100082
100472
100473
100474
100475
100476
100477
100478
100479
100480
100481
100482
100483
100484
100485
100486
100487
100876
100877
100878
100879
100880
100881
100882
100883
100884
100885
100886
100887
100888
100889
100890
100891
101281
101282
101283
101284
101285
101286
101287
101288
101289
101290
101291
101292
101293
101294
101295
101298
101678
101679
101680
101681
101682
101683
101686
101687
101688
101689
101690
101691
101692
101693
101694
101695
101696
101697
101698
101699
101700
101703
102083
102084
102085
102086
102087
102088
102091
102092
102093
102094
102095
102096
102097
102098
102099
102100
102101
102102
102103
102104
102105
102106
102497
102498
102499
102500
102501
102502
102503
102504
102505
102506
102507
102508
102509
102510
102511
102902
102903
102904
102905
102906
102907
102908
102909
102910
102911
102912
102913
102914
102915
102916
103307
103308
103309
103310
103311
103312
103313
103314
103315
103316
103317
103318
103319
103320
103321
103325
103713
103714
103715
103716
103717
103718
103719
103720
103721
103722
103723
103724
103725
103726
103727
103728
104120
104121
104122
104123
104124
104125
104126
104127
104128
104129
104130
104131
104132
104133
104134
104526
104527
104528
104529
104530
104531
104532
104533
104534
104535
104536
104537
104538
104539
104540
104932
104933
104934
104935
104936
104937
104938
104939
104940
104941
104942
104943
104944
104945
104946
104947
105341
105342
105343
105344
105345
105346
105347
105348
105349
105350
105351
105352
105353
105354
105355
105749
105750
105751
105752
105753
105754
105755
105756
105757
105758
105759
105760
105761
105762
105763
106154
106155
106156
106157
106158
106159
106160
106161
106162
106163
106164
106165
106166
106167
106168
106561
106562
106563
106564
106565
106566
106567
106568
106569
106570
106571
106572
106573
106574
106575
106970
106971
106972
106973
106974
106975
106976
106977
106978
106979
106980
106981
106982
106983
106984
107379
107380
107381
107382
107383
107384
107385
107386
107387
107388
107389
107390
107391
107392
107393
107788
107789
107790
107791
107792
107793
107794
107795
107796
107797
107798
107799
107800
107801
107802
108196
108197
108198
108199
108200
108201
108202
108203
108204
108205
108206
108207
108208
108209
108210
108604
108605
108606
108607
108608
108609
108610
108611
108612
108613
108614
108615
108616
108617
108618
109014
109015
109016
109017
109018
109019
109020
109021
109022
109023
109024
109025
109026
109027
109424
109425
109426
109427
109428
109429
109430
109431
109432
109433
109434
109435
109438
109834
109835
109836
109837
109838
109839
109840
109841
109842
109843
109844
109845
109848
110245
110246
110247
110248
110249
110250
110251
110252
110253
110254
110258
110653
110654
110655
110656
110657
110658
110659
110660
110661
110662
110667
111062
111063
111064
111065
111066
111067
111068
111069
111070
111071
111076
111473
111474
111475
111476
111477
111478
111479
111480
111481
111486
111882
111883
111884
111885
111886
111887
111888
111889
111890
112291
112292
112293
112294
112295
112296
112297
112298
112299
112300
112305
112695
112696
112698
112701
112702
112703
112704
112705
112706
112707
112708
112709
112710
112714
113106
113107
113108
113109
113111
113112
113113
113114
113115
113116
113117
113118
113119
113120
113121
113122
113522
113523
113524
113525
113526
113527
113528
113529
113530
113531
113532
113533
113534
113535
113931
113932
113933
113934
113935
113936
113937
113938
113939
113940
113941
113942
113943
113944
114340
114341
114342
114343
114344
114345
114346
114347
114348
114349
114350
114351
114352
114353
114750
114751
114752
114753
114754
114755
114756
114757
114758
114759
114760
114761
114762
114763
115159
115160
115161
115162
115163
115164
115165
115166
115167
115168
115169
115170
115171
115172
115566
115567
115568
115569
115570
115571
115572
115573
115574
115575
115576
115577
115578
115972
115973
115974
115975
115976
115977
115978
115979
115980
115981
115982
115983
115984
115985
116380
116381
116382
116383
116384
116385
116386
116387
116388
116389
116390
116391
116392
116785
116786
116787
116788
116789
116790
116791
116792
116793
116794
116795
116796
116797
117193
117194
117195
117196
117197
117198
117199
117200
117201
117202
117203
117204
117205
117599
117600
117601
117602
117603
117604
117605
117606
117607
117608
117609
117610
117611
118005
118006
118007
118008
118009
118010
118011
118012
118013
118014
118015
118016
118017
118413
118414
118415
118416
118417
118418
118419
118420
118421
118422
118423
118424
118425
118822
118823
118824
118825
118826
118827
118828
118829
118830
118831
118832
118833
118834
119228
119229
119230
119231
119232
119233
119234
119235
119236
119237
119238
119239
119240
119640
119641
119642
119643
119644
119645
119646
119647
119648
119649
119650
119651
119652
119653
119654
120050
120051
120052
120053
120054
120055
120056
120057
120058
120059
120060
120061
120062
120462
120463
120464
120465
120466
120467
120468
120469
120470
120471
120472
120473
120872
120873
120874
120875
120876
120877
120878
120879
120880
120881
120882
120883
120884
121281
121282
121283
121284
121285
121286
121287
121288
121289
121290
121291
121292
121690
121691
121692
121693
121694
121695
121696
121697
121698
121699
121700
121701
121702
122099
122100
122101
122102
122103
122104
122105
122106
122107
122108
122109
122110
122111
122509
122510
122511
122512
122513
122514
122515
122516
122517
122518
122519
122520
122521
122918
122919
122920
122921
122922
122923
122924
122925
122926
122927
122928
122929
123328
123329
123330
123331
123332
123333
123334
123335
123336
123337
123338
123339
123736
123737
123738
123739
123740
123741
123742
123743
123744
123745
123746
123747
123748
124147
124148
124149
124150
124151
124152
124153
124154
124155
124156
124157
124158
124557
124558
124559
124560
124561
124562
124563
124564
124565
124566
124567
124568
124569
124966
124967
124968
124969
124970
124971
124972
124973
124974
124975
124976
124977
124978
125376
125386
125786
125791
126190
126191
126192
126193
127012
128241
Coefficient of the plane:
0.98127 0.0918681 -0.169323 61.8985
Inliers Indices
Indices Size:
1900
Data:
362
363
389
390
391
392
393
394
395
396
397
398
399
400
401
402
403
404
408
783
784
805
806
807
808
809
810
811
812
813
814
815
816
817
818
819
820
824
1196
1197
1198
1219
1220
1221
1222
1223
1224
1225
1226
1227
1228
1229
1230
1231
1232
1233
1234
1235
1609
1610
1631
1632
1633
1634
1635
1636
1637
1638
1639
1640
1641
1642
1643
1644
1645
1646
1647
2020
2021
2043
2044
2045
2046
2047
2048
2049
2050
2051
2052
2053
2054
2055
2056
2057
2058
2059
2062
2435
2436
2462
2463
2464
2465
2466
2467
2468
2469
2470
2471
2472
2473
2474
2475
2476
2477
2853
2854
2855
2880
2881
2882
2883
2884
2885
2886
2887
2888
2889
2890
2891
2892
2893
2894
2895
2896
3272
3273
3299
3300
3301
3302
3303
3304
3305
3306
3307
3308
3309
3310
3311
3312
3313
3314
3315
3318
81727
81728
81732
81733
82111
82112
82113
82118
82119
82120
82121
82122
82123
82124
82137
82138
82139
82140
82141
82142
82143
82144
82145
82146
82147
82148
82149
82150
82151
82152
82504
82505
82510
82511
82512
82513
82514
82515
82516
82529
82530
82531
82532
82533
82534
82535
82536
82537
82538
82539
82540
82541
82542
82543
82544
82545
82899
82900
82905
82926
82927
82928
82929
82930
82931
82932
82933
82934
82935
82936
82937
82938
82939
82940
82941
82942
82943
83294
83295
83301
83320
83321
83322
83323
83324
83325
83326
83327
83328
83329
83330
83331
83332
83333
83334
83335
83688
83689
83690
83714
83715
83716
83717
83718
83719
83720
83721
83722
83723
83724
83725
83726
83727
83728
83729
84083
84084
84085
84086
84087
84088
84108
84109
84110
84111
84112
84113
84114
84115
84116
84117
84118
84119
84120
84121
84122
84123
84479
84480
84481
84482
84483
84484
84504
84505
84506
84507
84508
84509
84510
84511
84512
84513
84514
84515
84516
84517
84518
84519
84520
84874
84875
84898
84899
84900
84901
84902
84903
84904
84905
84906
84907
84908
84909
84910
84911
84912
84913
85266
85290
85291
85292
85293
85294
85295
85296
85297
85298
85299
85300
85301
85302
85303
85304
85305
85658
85659
85683
85684
85685
85686
85687
85688
85689
85690
85691
85692
85693
85694
85695
85696
85697
85698
86055
86056
86080
86081
86082
86083
86084
86085
86086
86087
86088
86089
86090
86091
86092
86093
86094
86095
86096
86451
86452
86476
86477
86478
86479
86480
86481
86482
86483
86484
86485
86486
86487
86488
86489
86490
86491
86492
86847
86848
86873
86874
86875
86876
86877
86878
86879
86880
86881
86882
86883
86884
86885
86886
86887
86888
87244
87245
87246
87270
87271
87272
87273
87274
87275
87276
87277
87278
87279
87280
87281
87282
87283
87284
87285
87289
87641
87642
87650
87666
87667
87668
87669
87670
87671
87672
87673
87674
87675
87676
87677
87678
87679
87680
87681
87685
88040
88041
88042
88043
88044
88045
88046
88048
88049
88050
88051
88052
88053
88054
88055
88056
88057
88058
88061
88062
88063
88064
88065
88066
88067
88068
88069
88070
88071
88072
88073
88074
88075
88076
88077
88445
88446
88447
88448
88449
88450
88451
88452
88453
88454
88455
88456
88460
88461
88462
88463
88464
88465
88466
88467
88468
88469
88470
88471
88472
88473
88474
88475
88834
88858
88859
88860
88861
88862
88863
88864
88865
88866
88867
88868
88869
88870
88871
88872
88873
89229
89230
89254
89255
89256
89257
89258
89259
89260
89261
89262
89263
89264
89265
89266
89267
89268
89269
89273
89626
89627
89628
89649
89650
89651
89652
89653
89654
89655
89656
89657
89658
89659
89660
89661
89662
89663
89664
89665
89668
90023
90024
90025
90026
90047
90048
90049
90050
90051
90052
90053
90054
90055
90056
90057
90058
90059
90060
90061
90062
90420
90421
90442
90443
90444
90445
90446
90447
90448
90449
90450
90451
90452
90453
90454
90455
90456
90457
90815
90816
90817
90818
90819
90820
90821
90822
90839
90840
90841
90842
90843
90844
90845
90846
90847
90848
90849
90850
90851
90852
90853
90854
91213
91214
91215
91216
91217
91219
91238
91239
91240
91241
91242
91243
91244
91245
91246
91247
91248
91249
91250
91251
91252
91609
91610
91611
91612
91613
91614
91615
91632
91633
91634
91635
91636
91637
91638
91639
91640
91641
91642
91643
91644
91645
91646
91647
91648
92005
92006
92007
92008
92009
92029
92030
92031
92032
92033
92034
92035
92036
92037
92038
92039
92040
92041
92042
92043
92044
92405
92406
92430
92431
92432
92433
92434
92435
92436
92437
92438
92439
92440
92441
92442
92443
92444
92445
92805
92806
92828
92829
92830
92831
92832
92833
92834
92835
92836
92837
92838
92839
92840
92841
92842
92843
93204
93205
93226
93227
93228
93229
93230
93231
93232
93233
93234
93235
93236
93237
93238
93239
93240
93241
93604
93626
93627
93628
93629
93630
93631
93632
93633
93634
93635
93636
93637
93638
93639
93640
93641
94027
94028
94029
94030
94031
94032
94033
94034
94035
94036
94037
94038
94039
94040
94041
94042
94426
94427
94428
94429
94430
94431
94432
94433
94434
94435
94436
94437
94438
94439
94440
94441
94828
94829
94830
94831
94832
94833
94834
94835
94836
94837
94838
94839
94840
94841
94842
94843
94844
94845
94846
95226
95227
95228
95229
95230
95231
95232
95233
95234
95235
95236
95237
95238
95239
95240
95241
95624
95625
95626
95627
95628
95629
95630
95631
95632
95633
95634
95635
95636
95637
95638
95639
96027
96028
96029
96030
96031
96032
96033
96034
96035
96036
96037
96038
96039
96040
96041
96042
96431
96432
96433
96434
96435
96436
96437
96438
96439
96440
96441
96442
96443
96444
96445
96446
96834
96835
96836
96837
96838
96839
96840
96841
96842
96843
96844
96845
96846
96847
96848
96849
97237
97238
97239
97240
97241
97242
97243
97244
97245
97246
97247
97248
97249
97250
97251
97252
97642
97643
97644
97645
97646
97647
97648
97649
97650
97651
97652
97653
97654
97655
97656
97657
98046
98047
98048
98049
98050
98051
98052
98053
98054
98055
98056
98057
98058
98059
98060
98061
98450
98451
98452
98453
98454
98455
98456
98457
98458
98459
98460
98461
98462
98463
98464
98465
98855
98856
98857
98858
98859
98860
98861
98862
98863
98864
98865
98866
98867
98868
98869
99259
99260
99261
99262
99263
99264
99265
99266
99267
99268
99269
99270
99271
99272
99273
99274
99275
99276
99277
99664
99665
99666
99667
99668
99669
99670
99671
99672
99673
99674
99675
99676
99677
99678
100068
100069
100070
100071
100072
100073
100074
100075
100076
100077
100078
100079
100080
100081
100082
100472
100473
100474
100475
100476
100477
100478
100479
100480
100481
100482
100483
100484
100485
100486
100487
100876
100877
100878
100879
100880
100881
100882
100883
100884
100885
100886
100887
100888
100889
100890
100891
101281
101282
101283
101284
101285
101286
101287
101288
101289
101290
101291
101292
101293
101294
101295
101298
101678
101679
101680
101681
101682
101683
101686
101687
101688
101689
101690
101691
101692
101693
101694
101695
101696
101697
101698
101699
101700
101703
102083
102084
102085
102086
102087
102088
102091
102092
102093
102094
102095
102096
102097
102098
102099
102100
102101
102102
102103
102104
102105
102106
102497
102498
102499
102500
102501
102502
102503
102504
102505
102506
102507
102508
102509
102510
102511
102902
102903
102904
102905
102906
102907
102908
102909
102910
102911
102912
102913
102914
102915
102916
103307
103308
103309
103310
103311
103312
103313
103314
103315
103316
103317
103318
103319
103320
103321
103325
103713
103714
103715
103716
103717
103718
103719
103720
103721
103722
103723
103724
103725
103726
103727
103728
104120
104121
104122
104123
104124
104125
104126
104127
104128
104129
104130
104131
104132
104133
104134
104526
104527
104528
104529
104530
104531
104532
104533
104534
104535
104536
104537
104538
104539
104540
104932
104933
104934
104935
104936
104937
104938
104939
104940
104941
104942
104943
104944
104945
104946
104947
105341
105342
105343
105344
105345
105346
105347
105348
105349
105350
105351
105352
105353
105354
105355
105749
105750
105751
105752
105753
105754
105755
105756
105757
105758
105759
105760
105761
105762
105763
106154
106155
106156
106157
106158
106159
106160
106161
106162
106163
106164
106165
106166
106167
106168
106561
106562
106563
106564
106565
106566
106567
106568
106569
106570
106571
106572
106573
106574
106575
106970
106971
106972
106973
106974
106975
106976
106977
106978
106979
106980
106981
106982
106983
106984
107379
107380
107381
107382
107383
107384
107385
107386
107387
107388
107389
107390
107391
107392
107393
107788
107789
107790
107791
107792
107793
107794
107795
107796
107797
107798
107799
107800
107801
107802
108196
108197
108198
108199
108200
108201
108202
108203
108204
108205
108206
108207
108208
108209
108210
108604
108605
108606
108607
108608
108609
108610
108611
108612
108613
108614
108615
108616
108617
108618
109014
109015
109016
109017
109018
109019
109020
109021
109022
109023
109024
109025
109026
109027
109424
109425
109426
109427
109428
109429
109430
109431
109432
109433
109434
109435
109438
109834
109835
109836
109837
109838
109839
109840
109841
109842
109843
109844
109845
109848
110245
110246
110247
110248
110249
110250
110251
110252
110253
110254
110258
110653
110654
110655
110656
110657
110658
110659
110660
110661
110662
110667
111062
111063
111064
111065
111066
111067
111068
111069
111070
111071
111076
111473
111474
111475
111476
111477
111478
111479
111480
111481
111486
111882
111883
111884
111885
111886
111887
111888
111889
111890
112291
112292
112293
112294
112295
112296
112297
112298
112299
112300
112305
112695
112696
112698
112701
112702
112703
112704
112705
112706
112707
112708
112709
112710
112714
113106
113107
113108
113109
113111
113112
113113
113114
113115
113116
113117
113118
113119
113120
113121
113122
113522
113523
113524
113525
113526
113527
113528
113529
113530
113531
113532
113533
113534
113535
113931
113932
113933
113934
113935
113936
113937
113938
113939
113940
113941
113942
113943
113944
114340
114341
114342
114343
114344
114345
114346
114347
114348
114349
114350
114351
114352
114353
114750
114751
114752
114753
114754
114755
114756
114757
114758
114759
114760
114761
114762
114763
115159
115160
115161
115162
115163
115164
115165
115166
115167
115168
115169
115170
115171
115172
115566
115567
115568
115569
115570
115571
115572
115573
115574
115575
115576
115577
115578
115972
115973
115974
115975
115976
115977
115978
115979
115980
115981
115982
115983
115984
115985
116380
116381
116382
116383
116384
116385
116386
116387
116388
116389
116390
116391
116392
116785
116786
116787
116788
116789
116790
116791
116792
116793
116794
116795
116796
116797
117193
117194
117195
117196
117197
117198
117199
117200
117201
117202
117203
117204
117205
117599
117600
117601
117602
117603
117604
117605
117606
117607
117608
117609
117610
117611
118005
118006
118007
118008
118009
118010
118011
118012
118013
118014
118015
118016
118017
118413
118414
118415
118416
118417
118418
118419
118420
118421
118422
118423
118424
118425
118822
118823
118824
118825
118826
118827
118828
118829
118830
118831
118832
118833
118834
119228
119229
119230
119231
119232
119233
119234
119235
119236
119237
119238
119239
119240
119640
119641
119642
119643
119644
119645
119646
119647
119648
119649
119650
119651
119652
119653
119654
120050
120051
120052
120053
120054
120055
120056
120057
120058
120059
120060
120061
120062
120462
120463
120464
120465
120466
120467
120468
120469
120470
120471
120472
120473
120872
120873
120874
120875
120876
120877
120878
120879
120880
120881
120882
120883
120884
121281
121282
121283
121284
121285
121286
121287
121288
121289
121290
121291
121292
121690
121691
121692
121693
121694
121695
121696
121697
121698
121699
121700
121701
121702
122099
122100
122101
122102
122103
122104
122105
122106
122107
122108
122109
122110
122111
122509
122510
122511
122512
122513
122514
122515
122516
122517
122518
122519
122520
122521
122918
122919
122920
122921
122922
122923
122924
122925
122926
122927
122928
122929
123328
123329
123330
123331
123332
123333
123334
123335
123336
123337
123338
123339
123736
123737
123738
123739
123740
123741
123742
123743
123744
123745
123746
123747
123748
124147
124148
124149
124150
124151
124152
124153
124154
124155
124156
124157
124158
124557
124558
124559
124560
124561
124562
124563
124564
124565
124566
124567
124568
124569
124966
124967
124968
124969
124970
124971
124972
124973
124974
124975
124976
124977
124978
125376
125386
125786
125791
126190
126191
126192
126193
127012
128241
