Sample Indices
Indices Size:
1259
Data:
163181
163182
163183
163184
163611
163613
163614
163615
163616
163617
163619
164050
164051
164052
164053
164054
164055
164056
164057
164058
164059
164060
164061
164062
164063
164064
164065
164066
164067
164495
164496
164497
164498
164499
164500
164501
164502
164503
164504
164505
164506
164507
164508
164509
164937
164938
164939
164940
164941
164942
164943
164944
164945
164946
164947
164948
164949
164950
164951
165379
165380
165381
165382
165383
165384
165385
165386
165387
165388
165389
165390
165391
165392
165819
165820
165821
165822
165823
165824
165825
165826
165827
165828
165829
165830
165831
165832
165833
166259
166260
166261
166262
166263
166264
166265
166266
166267
166268
166269
166270
166271
166272
166273
166274
166701
166702
166703
166704
166705
166706
166707
166708
166709
166710
166711
166712
166713
166714
167141
167142
167143
167144
167145
167146
167147
167148
167149
167150
167151
167152
167153
167154
167581
167582
167583
167584
167585
167586
167587
167588
167589
167590
167591
167592
167593
167594
168021
168022
168023
168024
168025
168026
168027
168028
168029
168030
168031
168032
168033
168034
168461
168462
168463
168464
168465
168466
168467
168468
168469
168470
168471
168472
168473
168474
168475
168476
168477
168478
168479
168906
168907
168908
168909
168910
168911
168912
168913
168914
168915
168916
168917
168918
168919
168920
168921
168922
168923
168924
169350
169351
169352
169353
169354
169355
169356
169357
169358
169359
169360
169361
169362
169363
169364
169365
169366
169367
169368
169369
169795
169796
169797
169798
169799
169800
169801
169802
169803
169804
169805
169806
169807
169808
169809
169810
169811
169812
169813
169814
170239
170240
170241
170242
170243
170244
170245
170246
170247
170248
170249
170250
170251
170252
170253
170254
170255
170256
170257
170258
170683
170684
170685
170686
170687
170688
170689
170690
170691
170692
170693
170694
170695
170696
170701
171127
171128
171129
171130
171131
171132
171133
171134
171135
171136
171137
171138
171139
171140
171567
171568
171569
171570
171571
171572
171573
171574
171575
171576
171577
171578
171579
171580
172007
172008
172009
172010
172011
172012
172013
172014
172015
172016
172017
172018
172019
172020
172446
172447
172448
172449
172450
172451
172452
172453
172454
172455
172456
172457
172458
172459
172884
172885
172886
172887
172888
172889
172890
172891
172892
172893
172894
172895
172896
172897
173323
173324
173325
173326
173327
173328
173329
173330
173331
173332
173333
173334
173335
173336
173760
173761
173762
173763
173764
173765
173766
173767
173768
173769
173770
173771
173772
173773
174198
174199
174200
174201
174202
174203
174204
174205
174206
174207
174208
174209
174210
174211
174636
174637
174638
174639
174640
174641
174642
174643
174644
174645
174646
174647
174648
174649
175074
175075
175076
175077
175078
175079
175080
175081
175082
175083
175084
175085
175086
175087
175088
175089
175090
175091
175092
175093
175515
175516
175517
175518
175519
175520
175521
175522
175523
175524
175525
175526
175527
175528
175529
175530
175531
175532
175533
175534
175956
175957
175958
175959
175960
175961
175962
175963
175964
175965
175966
175967
175968
175969
175970
175971
175972
175973
175974
175975
176397
176398
176399
176400
176401
176402
176403
176404
176405
176406
176407
176408
176409
176410
176411
176412
176413
176414
176415
176416
176838
176839
176840
176841
176842
176843
176844
176845
176846
176847
176848
176849
176850
176851
176852
176853
176854
176855
176856
176857
177278
177279
177280
177281
177282
177283
177284
177285
177286
177287
177288
177289
177290
177291
177714
177715
177716
177717
177718
177719
177720
177721
177722
177723
177724
177725
177726
177727
178149
178150
178151
178152
178153
178154
178155
178156
178157
178158
178159
178160
178161
178162
178163
178584
178585
178586
178587
178588
178589
178590
178591
178592
178593
178594
178595
178596
178597
179019
179020
179021
179022
179023
179024
179025
179026
179027
179028
179029
179030
179031
179032
179454
179455
179456
179457
179458
179459
179460
179461
179462
179463
179464
179465
179466
179467
179888
179889
179890
179891
179892
179893
179894
179895
179896
179897
179898
179899
179900
179901
179902
180323
180324
180325
180326
180327
180328
180329
180330
180331
180332
180333
180334
180335
180336
180337
180338
180339
180340
180341
180342
180761
180762
180763
180764
180765
180766
180767
180768
180769
180770
180771
180772
180773
180774
180775
180776
180777
180778
180779
180780
181198
181199
181200
181201
181202
181203
181204
181205
181206
181207
181208
181209
181210
181211
181212
181213
181214
181215
181216
181217
181218
181636
181637
181638
181639
181640
181641
181642
181643
181644
181645
181646
181647
181648
181649
182069
182070
182071
182072
182073
182074
182075
182076
182077
182078
182079
182080
182081
182082
182501
182502
182503
182504
182505
182506
182507
182508
182509
182510
182511
182512
182513
182514
182515
182934
182935
182936
182937
182938
182939
182940
182941
182942
182943
182944
182945
182946
182947
182948
183366
183367
183368
183369
183370
183371
183372
183373
183374
183375
183376
183377
183378
183379
183798
183799
183800
183801
183802
183803
183804
183805
183806
183807
183808
183809
183810
183811
183812
183813
183814
183815
183816
183817
184233
184234
184235
184236
184237
184238
184239
184240
184241
184242
184243
184244
184245
184246
184247
184248
184249
184250
184251
184252
184253
184669
184670
184671
184672
184673
184674
184675
184676
184677
184678
184679
184680
184681
184682
184683
184684
184685
184686
184687
184688
185104
185105
185106
185107
185108
185109
185110
185111
185112
185113
185114
185115
185116
185117
185534
185535
185536
185537
185538
185539
185540
185541
185542
185543
185544
185545
185546
185547
185548
185964
185965
185966
185967
185968
185969
185970
185971
185972
185973
185974
185975
185976
185977
186394
186395
186396
186397
186398
186399
186400
186401
186402
186403
186404
186405
186406
186407
186823
186824
186825
186826
186827
186828
186829
186830
186831
186832
186833
186834
186835
186836
186837
187253
187254
187255
187256
187257
187258
187259
187260
187261
187262
187263
187264
187265
187266
187267
187268
187269
187270
187271
187272
187273
187687
187688
187689
187690
187691
187692
187693
187694
187695
187696
187697
187698
187699
187700
187701
187702
187703
187704
187705
187706
188120
188121
188122
188123
188124
188125
188126
188127
188128
188129
188130
188131
188132
188133
188548
188549
188550
188551
188552
188553
188554
188555
188556
188557
188558
188559
188560
188561
188562
188976
188977
188978
188979
188980
188981
188982
188983
188984
188985
188986
188987
188988
188989
189404
189405
189406
189407
189408
189409
189410
189411
189412
189413
189414
189415
189416
189417
189831
189832
189833
189834
189835
189836
189837
189838
189839
189840
189841
189842
189843
189844
189845
189846
189847
189848
189849
189850
190262
190263
190264
190265
190266
190267
190268
190269
190270
190271
190272
190273
190274
190275
190276
190277
190278
190279
190280
190281
190693
190694
190695
190696
190697
190698
190699
190700
190701
190702
190703
190704
190705
190706
190707
190708
190709
190710
190711
190712
191124
191125
191126
191127
191128
191129
191130
191131
191132
191133
191134
191135
191136
191137
191550
191551
191552
191553
191554
191555
191556
191557
191558
191559
191560
191561
191562
191563
191564
191976
191977
191978
191979
191980
191981
191982
191983
191984
191985
191986
191987
191988
191989
192402
192403
192404
192405
192406
192407
192408
192409
192410
192411
192412
192413
192414
192415
192827
192828
192829
192830
192831
192832
192833
192834
192835
192836
192837
192838
192839
192840
192841
192842
192843
192844
192845
192846
193256
193257
193258
193259
193260
193261
193262
193263
193264
193265
193266
193267
193268
193269
193270
193271
193272
193273
193274
193275
193685
193686
193687
193688
193689
193690
193691
193692
193693
193694
193695
193696
193697
193698
194110
194111
194112
194113
194114
194115
194116
194117
194118
194119
194120
194121
194122
194123
194533
194534
194535
194536
194537
194538
194539
194540
194541
194542
194543
194544
194545
194546
194957
194958
194959
194960
194961
194962
194963
194964
194965
194966
194967
194968
194969
194970
195381
195382
195383
195384
195385
195386
195387
195388
195389
195390
195391
195392
195393
195394
195395
195808
195809
195810
195811
195812
195813
195814
195815
195816
195817
195818
195819
195820
195821
195822
195823
195824
195825
195826
196234
196235
196236
196237
196238
196239
196240
196241
196242
196243
196244
196245
196246
196247
196248
196249
196250
196251
196252
196253
196661
196662
196663
196664
196665
196666
196667
196668
196669
196670
196671
196672
196673
196674
197083
197084
197085
197086
197087
197088
197089
197090
197091
197505
197506
197507
197508
197927
198351
Coefficient of the plane:
0.134456 -0.99015 -0.0390546 118.479
Inliers Indices
Indices Size:
1259
Data:
163181
163182
163183
163184
163611
163613
163614
163615
163616
163617
163619
164050
164051
164052
164053
164054
164055
164056
164057
164058
164059
164060
164061
164062
164063
164064
164065
164066
164067
164495
164496
164497
164498
164499
164500
164501
164502
164503
164504
164505
164506
164507
164508
164509
164937
164938
164939
164940
164941
164942
164943
164944
164945
164946
164947
164948
164949
164950
164951
165379
165380
165381
165382
165383
165384
165385
165386
165387
165388
165389
165390
165391
165392
165819
165820
165821
165822
165823
165824
165825
165826
165827
165828
165829
165830
165831
165832
165833
166259
166260
166261
166262
166263
166264
166265
166266
166267
166268
166269
166270
166271
166272
166273
166274
166701
166702
166703
166704
166705
166706
166707
166708
166709
166710
166711
166712
166713
166714
167141
167142
167143
167144
167145
167146
167147
167148
167149
167150
167151
167152
167153
167154
167581
167582
167583
167584
167585
167586
167587
167588
167589
167590
167591
167592
167593
167594
168021
168022
168023
168024
168025
168026
168027
168028
168029
168030
168031
168032
168033
168034
168461
168462
168463
168464
168465
168466
168467
168468
168469
168470
168471
168472
168473
168474
168475
168476
168477
168478
168479
168906
168907
168908
168909
168910
168911
168912
168913
168914
168915
168916
168917
168918
168919
168920
168921
168922
168923
168924
169350
169351
169352
169353
169354
169355
169356
169357
169358
169359
169360
169361
169362
169363
169364
169365
169366
169367
169368
169369
169795
169796
169797
169798
169799
169800
169801
169802
169803
169804
169805
169806
169807
169808
169809
169810
169811
169812
169813
169814
170239
170240
170241
170242
170243
170244
170245
170246
170247
170248
170249
170250
170251
170252
170253
170254
170255
170256
170257
170258
170683
170684
170685
170686
170687
170688
170689
170690
170691
170692
170693
170694
170695
170696
170701
171127
171128
171129
171130
171131
171132
171133
171134
171135
171136
171137
171138
171139
171140
171567
171568
171569
171570
171571
171572
171573
171574
171575
171576
171577
171578
171579
171580
172007
172008
172009
172010
172011
172012
172013
172014
172015
172016
172017
172018
172019
172020
172446
172447
172448
172449
172450
172451
172452
172453
172454
172455
172456
172457
172458
172459
172884
172885
172886
172887
172888
172889
172890
172891
172892
172893
172894
172895
172896
172897
173323
173324
173325
173326
173327
173328
173329
173330
173331
173332
173333
173334
173335
173336
173760
173761
173762
173763
173764
173765
173766
173767
173768
173769
173770
173771
173772
173773
174198
174199
174200
174201
174202
174203
174204
174205
174206
174207
174208
174209
174210
174211
174636
174637
174638
174639
174640
174641
174642
174643
174644
174645
174646
174647
174648
174649
175074
175075
175076
175077
175078
175079
175080
175081
175082
175083
175084
175085
175086
175087
175088
175089
175090
175091
175092
175093
175515
175516
175517
175518
175519
175520
175521
175522
175523
175524
175525
175526
175527
175528
175529
175530
175531
175532
175533
175534
175956
175957
175958
175959
175960
175961
175962
175963
175964
175965
175966
175967
175968
175969
175970
175971
175972
175973
175974
175975
176397
176398
176399
176400
176401
176402
176403
176404
176405
176406
176407
176408
176409
176410
176411
176412
176413
176414
176415
176416
176838
176839
176840
176841
176842
176843
176844
176845
176846
176847
176848
176849
176850
176851
176852
176853
176854
176855
176856
176857
177278
177279
177280
177281
177282
177283
177284
177285
177286
177287
177288
177289
177290
177291
177714
177715
177716
177717
177718
177719
177720
177721
177722
177723
177724
177725
177726
177727
178149
178150
178151
178152
178153
178154
178155
178156
178157
178158
178159
178160
178161
178162
178163
178584
178585
178586
178587
178588
178589
178590
178591
178592
178593
178594
178595
178596
178597
179019
179020
179021
179022
179023
179024
179025
179026
179027
179028
179029
179030
179031
179032
179454
179455
179456
179457
179458
179459
179460
179461
179462
179463
179464
179465
179466
179467
179888
179889
179890
179891
179892
179893
179894
179895
179896
179897
179898
179899
179900
179901
179902
180323
180324
180325
180326
180327
180328
180329
180330
180331
180332
180333
180334
180335
180336
180337
180338
180339
180340
180341
180342
180761
180762
180763
180764
180765
180766
180767
180768
180769
180770
180771
180772
180773
180774
180775
180776
180777
180778
180779
180780
181198
181199
181200
181201
181202
181203
181204
181205
181206
181207
181208
181209
181210
181211
181212
181213
181214
181215
181216
181217
181218
181636
181637
181638
181639
181640
181641
181642
181643
181644
181645
181646
181647
181648
181649
182069
182070
182071
182072
182073
182074
182075
182076
182077
182078
182079
182080
182081
182082
182501
182502
182503
182504
182505
182506
182507
182508
182509
182510
182511
182512
182513
182514
182515
182934
182935
182936
182937
182938
182939
182940
182941
182942
182943
182944
182945
182946
182947
182948
183366
183367
183368
183369
183370
183371
183372
183373
183374
183375
183376
183377
183378
183379
183798
183799
183800
183801
183802
183803
183804
183805
183806
183807
183808
183809
183810
183811
183812
183813
183814
183815
183816
183817
184233
184234
184235
184236
184237
184238
184239
184240
184241
184242
184243
184244
184245
184246
184247
184248
184249
184250
184251
184252
184253
184669
184670
184671
184672
184673
184674
184675
184676
184677
184678
184679
184680
184681
184682
184683
184684
184685
184686
184687
184688
185104
185105
185106
185107
185108
185109
185110
185111
185112
185113
185114
185115
185116
185117
185534
185535
185536
185537
185538
185539
185540
185541
185542
185543
185544
185545
185546
185547
185548
185964
185965
185966
185967
185968
185969
185970
185971
185972
185973
185974
185975
185976
185977
186394
186395
186396
186397
186398
186399
186400
186401
186402
186403
186404
186405
186406
186407
186823
186824
186825
186826
186827
186828
186829
186830
186831
186832
186833
186834
186835
186836
186837
187253
187254
187255
187256
187257
187258
187259
187260
187261
187262
187263
187264
187265
187266
187267
187268
187269
187270
187271
187272
187273
187687
187688
187689
187690
187691
187692
187693
187694
187695
187696
187697
187698
187699
187700
187701
187702
187703
187704
187705
187706
188120
188121
188122
188123
188124
188125
188126
188127
188128
188129
188130
188131
188132
188133
188548
188549
188550
188551
188552
188553
188554
188555
188556
188557
188558
188559
188560
188561
188562
188976
188977
188978
188979
188980
188981
188982
188983
188984
188985
188986
188987
188988
188989
189404
189405
189406
189407
189408
189409
189410
189411
189412
189413
189414
189415
189416
189417
189831
189832
189833
189834
189835
189836
189837
189838
189839
189840
189841
189842
189843
189844
189845
189846
189847
189848
189849
189850
190262
190263
190264
190265
190266
190267
190268
190269
190270
190271
190272
190273
190274
190275
190276
190277
190278
190279
190280
190281
190693
190694
190695
190696
190697
190698
190699
190700
190701
190702
190703
190704
190705
190706
190707
190708
190709
190710
190711
190712
191124
191125
191126
191127
191128
191129
191130
191131
191132
191133
191134
191135
191136
191137
191550
191551
191552
191553
191554
191555
191556
191557
191558
191559
191560
191561
191562
191563
191564
191976
191977
191978
191979
191980
191981
191982
191983
191984
191985
191986
191987
191988
191989
192402
192403
192404
192405
192406
192407
192408
192409
192410
192411
192412
192413
192414
192415
192827
192828
192829
192830
192831
192832
192833
192834
192835
192836
192837
192838
192839
192840
192841
192842
192843
192844
192845
192846
193256
193257
193258
193259
193260
193261
193262
193263
193264
193265
193266
193267
193268
193269
193270
193271
193272
193273
193274
193275
193685
193686
193687
193688
193689
193690
193691
193692
193693
193694
193695
193696
193697
193698
194110
194111
194112
194113
194114
194115
194116
194117
194118
194119
194120
194121
194122
194123
194533
194534
194535
194536
194537
194538
194539
194540
194541
194542
194543
194544
194545
194546
194957
194958
194959
194960
194961
194962
194963
194964
194965
194966
194967
194968
194969
194970
195381
195382
195383
195384
195385
195386
195387
195388
195389
195390
195391
195392
195393
195394
195395
195808
195809
195810
195811
195812
195813
195814
195815
195816
195817
195818
195819
195820
195821
195822
195823
195824
195825
195826
196234
196235
196236
196237
196238
196239
196240
196241
196242
196243
196244
196245
196246
196247
196248
196249
196250
196251
196252
196253
196661
196662
196663
196664
196665
196666
196667
196668
196669
196670
196671
196672
196673
196674
197083
197084
197085
197086
197087
197088
197089
197090
197091
197505
197506
197507
197508
197927
198351
