0.0340243672
0.02179377109
0.01692472261
0.01461129915
0.0128696771
0.01178292115
0.01083435376
0.01012446576
0.009509737166
0.009006053433
0.008578486748
0.007874768872
0.007317832219
0.006866640104
0.006490447095
0.00602744155
0.005651683513
0.005342260548
0.005000166457
0.00465154083
0.004365225568
0.004084223804
0.003816516359
0.003595284405
0.003360165855
0.003149037106
0.002940549675
0.002756105781
0.002582904945
0.002422094204
0.002271993043
0.002122205122
0.001988269101
0.001859568939
0.001742152224
0.001632576871
0.001529144333
0.001436386548
0.001346743989
0.001259055714
0.00117535173
0.001095746715
0.001019620448
0.0009484782343
0.000884493536
0.0008272564635
0.0007776868879
0.0007300174118
0.0006845293639
0.0006412504749
0.0005979396213
0.0005586893691
0.0005222835717
0.0004897810857
0.0004620718333
0.0004367142257
0.0004114918017
0.0003884356712
0.0003651310414
0.0003457666577
0.000330298871
0.0003155835252
0.0002998587574
0.0002873706161
0.0002751531064
0.0002667172852
0.0002608143726
0.0002578960343
0.0002515989602
0.0002434184685
0.0002333508726
0.0002206529257
0.0002091062424
0.0001998135802
0.0001916336469
0.0001832394514
0.0001753783156
0.0001650690147
0.0001546119902
0.0001468455096
0.0001398177879
0.0001303269209
0.0001224770169
0.0001178162754
0.0001079333089
9.647445596e-05
8.144092448e-05
6.670790661e-05
5.844503964e-05
4.920590446e-05
3.599297383e-05
1.783223329e-05
