2.04692981e-10
1.091470826e-10
7.879659924e-11
6.450912306e-11
5.648385977e-11
5.148188916e-11
4.813727264e-11
4.578265309e-11
4.405775989e-11
4.275336021e-11
4.174088831e-11
4.093769071e-11
4.028861185e-11
3.975567222e-11
3.93120077e-11
3.893816893e-11
3.861978472e-11
3.834604307e-11
3.810867816e-11
3.790127918e-11
3.771880922e-11
3.755726402e-11
3.74134261e-11
3.728468476e-11
3.716890256e-11
3.706431507e-11
3.69694546e-11
3.688309166e-11
3.680418952e-11
3.673186861e-11
3.66653785e-11
3.660407545e-11
3.654740448e-11
3.649488495e-11
3.644609865e-11
3.640068029e-11
3.635830946e-11
3.63187041e-11
3.628161505e-11
3.624682146e-11
3.621412695e-11
3.618335638e-11
3.615435311e-11
3.612697666e-11
3.610110069e-11
3.607661133e-11
3.605340568e-11
3.603139057e-11
3.601048141e-11
3.599060129e-11
3.59716801e-11
3.595365383e-11
3.593646394e-11
3.592005676e-11
3.590438304e-11
3.588939748e-11
3.587505839e-11
3.586132729e-11
3.584816865e-11
3.58355496e-11
3.582343969e-11
3.581181069e-11
3.580063636e-11
3.578989231e-11
3.577955585e-11
3.576960581e-11
3.576002245e-11
3.574188315e-11
3.573329382e-11
3.572500419e-11
3.571700006e-11
3.570926812e-11
3.570179584e-11
3.568758384e-11
3.56808226e-11
3.567427787e-11
3.566794035e-11
3.565585233e-11
3.56500857e-11
3.564449393e-11
3.563380726e-11
3.562869936e-11
3.561892442e-11
3.561424627e-11
3.560528282e-11
3.560098797e-11
3.559274979e-11
3.55887982e-11
3.558121073e-11
3.557756766e-11
3.557056611e-11
3.556392328e-11
3.556072914e-11
3.555458192e-11
3.554873947e-11
3.554592667e-11
3.554050699e-11
3.553534833e-11
3.55304355e-11
3.552575448e-11
3.552129226e-11
3.551703679e-11
3.551297689e-11
3.550910215e-11
3.550540289e-11
3.550187007e-11
3.549849527e-11
3.549527063e-11
3.549218879e-11
3.548924285e-11
3.548506474e-11
3.548243118e-11
3.547991261e-11
3.547633908e-11
3.547408595e-11
3.547088891e-11
3.546887327e-11
3.546601372e-11
3.546421139e-11
3.546165553e-11
3.546004547e-11
3.545776382e-11
3.545563411e-11
3.545364775e-11
3.545179678e-11
3.545063436e-11
3.544899292e-11
3.544746835e-11
3.544605456e-11
3.544474588e-11
3.54431554e-11
3.544207201e-11
3.54410774e-11
3.544016733e-11
3.54390786e-11
3.543835077e-11
3.543749211e-11
3.54369278e-11
3.543627597e-11
3.543585893e-11
3.543539369e-11
3.5435027e-11
3.543475349e-11
3.543456819e-11
3.543448431e-11
3.543444244e-11
3.543449685e-11
3.543462116e-11
3.543481345e-11
3.543507045e-11
3.5435478e-11
3.54358696e-11
3.543643668e-11
3.543694936e-11
3.543766018e-11
3.543844478e-11
3.543912294e-11
3.544003062e-11
3.544100172e-11
3.544203301e-11
3.544312148e-11
3.544449915e-11
3.544570372e-11
3.544695706e-11
3.544852222e-11
3.545015063e-11
3.545155347e-11
3.545328911e-11
3.54550789e-11
3.545692004e-11
3.545880994e-11
3.546074615e-11
3.54627264e-11
3.546508951e-11
3.546715805e-11
3.546961892e-11
3.547212841e-11
3.547431616e-11
3.547690929e-11
3.547954418e-11
3.548221875e-11
3.548532145e-11
3.548807457e-11
3.549126243e-11
3.549408627e-11
3.549735092e-11
3.550065347e-11
3.5503992e-11
3.550736468e-11
3.551119767e-11
3.551463745e-11
3.551854206e-11
3.552204228e-11
3.55260115e-11
3.553001239e-11
3.553404336e-11
3.553855566e-11
3.55426453e-11
3.554721945e-11
3.555182368e-11
3.55564564e-11
3.556111618e-11
3.556580165e-11
3.557051153e-11
3.557571916e-11
3.55809534e-11
3.558621285e-11
3.559149623e-11
3.559680231e-11
3.560261533e-11
3.560845264e-11
3.561431296e-11
3.56201951e-11
3.562609792e-11
3.563251478e-11
3.563845742e-11
3.564491517e-11
3.565139255e-11
3.565838898e-11
3.566490394e-11
3.56719387e-11
3.567899176e-11
3.568656783e-11
3.56936558e-11
3.570126724e-11
3.570889551e-11
3.571653968e-11
3.572471005e-11
3.573289657e-11
3.574109834e-11
3.574931451e-11
3.575805909e-11
3.576681814e-11
3.577559083e-11
3.578437639e-11
3.579369197e-11
3.580302035e-11
3.581236077e-11
3.582223239e-11
3.583211588e-11
3.584201049e-11
3.585243716e-11
3.586235255e-11
3.587332233e-11
3.58837795e-11
3.589476909e-11
3.590576784e-11
3.59172995e-11
3.592883987e-11
3.594038834e-11
3.595246978e-11
3.596455882e-11
3.597718097e-11
3.598928381e-11
3.600244583e-11
3.601508744e-11
3.602826157e-11
3.604196836e-11
3.605568041e-11
3.60693972e-11
3.608364607e-11
3.609789902e-11
3.611268366e-11
3.612747169e-11
3.614226265e-11
3.615758448e-11
3.617343699e-11
3.618929142e-11
3.620567588e-11
3.622206148e-11
3.623844781e-11
3.625536307e-11
3.627280688e-11
3.629025023e-11
3.630822129e-11
3.632619105e-11
3.634468762e-11
3.636318206e-11
3.638220234e-11
3.640174787e-11
3.642128991e-11
3.644135614e-11
3.6461418e-11
3.648253069e-11
3.650311025e-11
3.652473918e-11
3.654636167e-11
3.656850454e-11
3.659064004e-11
3.661329465e-11
3.663646752e-11
3.666015778e-11
3.668383839e-11
3.670803502e-11
3.673274671e-11
3.675797251e-11
3.678318627e-11
3.680891266e-11
3.683515067e-11
3.686189925e-11
3.688915734e-11
3.691692385e-11
3.694467424e-11
3.697345454e-11
3.700221707e-11
3.703148411e-11
3.706125448e-11
3.709152698e-11
3.712230039e-11
3.715357347e-11
3.718534496e-11
3.721761359e-11
3.725089792e-11
3.72841565e-11
3.731790827e-11
3.735215186e-11
3.738688592e-11
3.742262683e-11
3.745885453e-11
3.749505073e-11
3.753224815e-11
3.756992803e-11
3.760860431e-11
3.764724415e-11
3.76868764e-11
3.77269841e-11
3.776807913e-11
3.780964544e-11
3.785168144e-11
3.789418554e-11
3.793766739e-11
3.7981613e-11
3.802653085e-11
3.8071908e-11
3.811825174e-11
3.816505021e-11
3.821280948e-11
3.826101883e-11
3.831018306e-11
3.835979261e-11
3.841035099e-11
3.846185448e-11
3.851379537e-11
3.856667511e-11
3.862048988e-11
3.867523579e-11
3.873040768e-11
3.878700471e-11
3.884402115e-11
3.890195418e-11
3.896079972e-11
3.902055362e-11
3.908121174e-11
3.914276986e-11
3.920522374e-11
3.926856911e-11
3.933280166e-11
3.939840993e-11
3.946440294e-11
3.953176125e-11
3.95999875e-11
3.966956677e-11
3.973951455e-11
3.981129243e-11
3.988342967e-11
3.995689648e-11
4.003168556e-11
4.010730523e-11
4.018423416e-11
4.026198242e-11
4.034102676e-11
4.042135959e-11
4.050297325e-11
4.058538138e-11
4.06690568e-11
4.07539917e-11
4.084065389e-11
4.092808312e-11
4.101674811e-11
4.110664085e-11
4.119822488e-11
4.129054793e-11
4.138454396e-11
4.147973322e-11
4.157657481e-11
4.167459103e-11
4.177423868e-11
4.187504217e-11
4.1977456e-11
4.208100671e-11
4.21861465e-11
4.229286351e-11
4.240114584e-11
4.251098152e-11
4.262190268e-11
4.273481022e-11
4.284923497e-11
4.296516482e-11
4.308258761e-11
4.320194094e-11
4.332276035e-11
4.34450336e-11
4.356919443e-11
4.369522677e-11
4.382267105e-11
4.395195709e-11
4.408306871e-11
4.421598966e-11
4.435070366e-11
4.448719444e-11
4.46254457e-11
4.476587519e-11
4.49080298e-11
4.505189318e-11
4.519787895e-11
4.534553809e-11
4.549528143e-11
4.564708847e-11
4.580093868e-11
4.595681155e-11
4.611468656e-11
4.627496318e-11
4.643677958e-11
4.660095374e-11
4.676746083e-11
4.6935862e-11
4.710654948e-11
4.727949849e-11
4.74542748e-11
4.763167429e-11
4.78112613e-11
4.79934162e-11
4.817770649e-11
4.836410777e-11
4.855299597e-11
4.874434219e-11
4.89381176e-11
4.913429346e-11
4.933284113e-11
4.953412443e-11
4.973771943e-11
4.994398696e-11
5.015250657e-11
5.036402202e-11
5.057772726e-11
5.079435986e-11
5.101350158e-11
5.123549952e-11
5.146031674e-11
5.168754044e-11
5.191751337e-11
5.215057181e-11
5.238630361e-11
5.262467284e-11
5.286601145e-11
5.311027897e-11
5.335743515e-11
5.360744007e-11
5.386061488e-11
5.411691508e-11
5.43759391e-11
5.463800388e-11
5.490306588e-11
5.517143418e-11
5.544306075e-11
5.571754915e-11
5.599555145e-11
5.62763249e-11
5.656051544e-11
5.684807184e-11
5.713894329e-11
5.743307942e-11
5.773043033e-11
5.803128151e-11
5.833557882e-11
5.864326861e-11
5.895462743e-11
5.926926955e-11
5.958746913e-11
5.990916948e-11
6.023463718e-11
6.056349059e-11
6.089631316e-11
6.12324054e-11
6.157234505e-11
6.191606876e-11
6.226351385e-11
6.261492878e-11
6.296993845e-11
6.33290962e-11
6.369202672e-11
6.405866589e-11
6.442955371e-11
6.480431733e-11
6.518288991e-11
6.556579833e-11
6.59526724e-11
6.634373568e-11
6.673891456e-11
6.713813637e-11
6.754190493e-11
6.794956715e-11
6.836162198e-11
6.877827307e-11
6.919887568e-11
6.962419566e-11
7.005359222e-11
7.048781805e-11
7.092623644e-11
7.136931476e-11
7.181696679e-11
7.226910754e-11
7.272592056e-11
7.318758391e-11
7.365374254e-11
7.412457385e-11
7.460051043e-11
7.508093749e-11
7.556628381e-11
7.605671076e-11
7.655186682e-11
7.705216531e-11
7.755750675e-11
7.806754426e-11
7.858292839e-11
7.910355466e-11
7.962907619e-11
8.015988165e-11
8.069610764e-11
8.123740759e-11
8.178415606e-11
8.23360085e-11
8.289356637e-11
8.345648247e-11
8.402488045e-11
8.459887957e-11
8.517836662e-11
8.576345701e-11
8.635426194e-11
8.695066494e-11
8.755299564e-11
8.816091209e-11
8.877473745e-11
8.939456744e-11
9.002027807e-11
9.0651962e-11
9.128949525e-11
9.193339042e-11
9.258309494e-11
9.323911278e-11
9.390131164e-11
9.456976725e-11
9.524455196e-11
9.592573488e-11
9.66131807e-11
9.730715622e-11
9.800752277e-11
9.871453815e-11
9.942825604e-11
1.001485332e-10
1.008754218e-10
1.016091627e-10
1.023496084e-10
1.030969917e-10
1.038511628e-10
1.046125323e-10
1.053807598e-10
1.061560627e-10
1.06938469e-10
1.077280042e-10
1.085248711e-10
1.093290872e-10
1.101404916e-10
1.109594521e-10
1.117858028e-10
1.126197263e-10
1.134612268e-10
1.143103073e-10
1.151669688e-10
1.160315462e-10
1.1690403e-10
1.177842448e-10
1.18672346e-10
1.195684833e-10
1.204728e-10
1.213851134e-10
1.223057215e-10
1.232345961e-10
1.241717084e-10
1.25117184e-10
1.260711434e-10
1.270335483e-10
1.280046641e-10
1.289842941e-10
1.299726945e-10
1.309699637e-10
1.319759008e-10
1.329908938e-10
1.340148821e-10
1.350479491e-10
1.36090031e-10
1.371413477e-10
1.382019699e-10
1.392719641e-10
1.403513933e-10
1.414403163e-10
1.425387886e-10
1.436469971e-10
1.447648528e-10
1.458924003e-10
1.470299459e-10
