6.97518818e-07
4.743493466e-07
3.843573494e-07
3.33088794e-07
2.99119689e-07
2.745960838e-07
2.558798819e-07
2.410278532e-07
2.288965633e-07
2.187641449e-07
2.101497867e-07
2.027194262e-07
1.962328965e-07
1.905125946e-07
1.854240333e-07
1.808632958e-07
1.767486757e-07
1.730149465e-07
1.696093379e-07
1.664886487e-07
1.636171358e-07
1.609649453e-07
1.585069271e-07
1.562217288e-07
1.540910931e-07
1.520993078e-07
1.502327697e-07
1.484796372e-07
1.468295491e-07
1.45273397e-07
1.438031383e-07
1.424116427e-07
1.410925642e-07
1.398402346e-07
1.386495741e-07
1.375160159e-07
1.364354416e-07
1.354041275e-07
1.344186969e-07
1.334760808e-07
1.325734827e-07
1.317083486e-07
1.308783413e-07
1.300813171e-07
1.293153064e-07
1.285784957e-07
1.278692125e-07
1.271859118e-07
1.265271637e-07
1.258916429e-07
1.252781194e-07
1.246854496e-07
1.241125692e-07
1.235584858e-07
1.230222736e-07
1.22503067e-07
1.220000565e-07
1.215124837e-07
1.210396374e-07
1.205808502e-07
1.201354946e-07
1.197029806e-07
1.192827525e-07
1.188742869e-07
1.184770896e-07
1.177146606e-07
1.173485714e-07
1.169920323e-07
1.166446698e-07
1.159760756e-07
1.15654189e-07
1.153401666e-07
1.147345764e-07
1.144424736e-07
1.141571636e-07
1.136059859e-07
1.133396769e-07
1.128245893e-07
1.125754265e-07
1.120929642e-07
1.118593285e-07
1.114064598e-07
1.109718194e-07
1.107609914e-07
1.103516802e-07
1.099580346e-07
1.097668058e-07
1.093950117e-07
1.09036782e-07
1.086913823e-07
1.083581305e-07
1.080363923e-07
1.078796547e-07
1.075740922e-07
1.072786407e-07
1.068533435e-07
1.065810653e-07
1.063172944e-07
1.060616359e-07
1.058137191e-07
1.055731956e-07
1.052255614e-07
1.050021293e-07
1.047850246e-07
1.044706529e-07
1.042682335e-07
1.039747689e-07
1.037855872e-07
1.035110025e-07
1.032468804e-07
1.030763187e-07
1.028283464e-07
1.025893604e-07
1.023588788e-07
1.021364542e-07
1.019216697e-07
1.01714137e-07
1.015134937e-07
1.013194012e-07
1.011315429e-07
1.009496222e-07
1.007158196e-07
1.005467018e-07
1.003826594e-07
1.001714431e-07
1.000183884e-07
9.982108511e-08
9.963112198e-08
9.944809586e-08
9.931515266e-08
9.914338228e-08
9.897758258e-08
9.881744693e-08
9.866268935e-08
9.847640021e-08
9.833279349e-08
9.819375868e-08
9.802606768e-08
9.789655266e-08
9.774014969e-08
9.761920761e-08
9.747298833e-08
9.733200182e-08
9.71959717e-08
9.706464075e-08
9.693776926e-08
9.681513358e-08
9.667326884e-08
9.655923551e-08
9.64271501e-08
9.632084372e-08
9.619755909e-08
9.607870853e-08
9.596405678e-08
9.585338498e-08
9.574648922e-08
9.564317931e-08
9.554327761e-08
9.543081229e-08
9.533773948e-08
9.523283254e-08
9.513168364e-08
9.503409424e-08
9.493987956e-08
9.484886741e-08
9.474856935e-08
9.466389223e-08
9.457045607e-08
9.448039514e-08
9.439352968e-08
9.43096925e-08
9.422872785e-08
9.415049053e-08
9.406556506e-08
9.399268407e-08
9.391347496e-08
9.383706127e-08
9.375525915e-08
9.368428121e-08
9.361567768e-08
9.354209403e-08
9.347114736e-08
9.340269835e-08
9.333661738e-08
9.32665194e-08
9.320502761e-08
9.313971473e-08
9.307671514e-08
9.301590805e-08
9.295194157e-08
9.289536408e-08
9.283577096e-08
9.277828368e-08
9.272279255e-08
9.266481139e-08
9.260893222e-08
9.255504275e-08
9.250303858e-08
9.245282248e-08
9.24006394e-08
9.235031957e-08
9.230176495e-08
9.22515974e-08
9.220641593e-08
9.215967417e-08
9.211161734e-08
9.206816362e-08
9.202342901e-08
9.198027594e-08
9.193606666e-08
9.189592161e-08
9.185474128e-08
9.181270692e-08
9.177441124e-08
9.173527077e-08
9.169544431e-08
9.165904993e-08
9.162196962e-08
9.158434214e-08
9.15498601e-08
9.151482395e-08
9.147935471e-08
9.144516449e-08
9.141218538e-08
9.137886606e-08
9.134673909e-08
9.131574164e-08
9.128447951e-08
9.125432586e-08
9.122398046e-08
9.11947179e-08
9.116648131e-08
9.113810213e-08
9.110964794e-08
9.108221722e-08
9.105575581e-08
9.102924862e-08
9.10036799e-08
9.09781032e-08
9.095343251e-08
9.092878554e-08
9.090420622e-08
9.08805104e-08
9.08576514e-08
9.083486346e-08
9.081218175e-08
9.07903096e-08
9.076855696e-08
9.074757684e-08
9.072672643e-08
9.070603147e-08
9.068607518e-08
9.066627862e-08
9.06466627e-08
9.062774816e-08
9.06090139e-08
9.059047675e-08
9.057260175e-08
9.055448608e-08
9.053744486e-08
9.052018835e-08
9.050354992e-08
9.048712187e-08
9.047091358e-08
9.045493326e-08
9.043918802e-08
9.042400787e-08
9.040905062e-08
9.039402044e-08
9.037953506e-08
9.036556573e-08
9.03515455e-08
9.033776703e-08
9.032423196e-08
9.031118303e-08
9.02981286e-08
9.028531948e-08
9.027275523e-08
9.026064359e-08
9.02485586e-08
9.023671515e-08
9.022511139e-08
9.02137452e-08
9.02026142e-08
9.019154871e-08
9.018088627e-08
9.017029536e-08
9.01599394e-08
9.014981458e-08
9.013977826e-08
9.012997542e-08
9.012040151e-08
9.0110928e-08
9.010168345e-08
9.009266283e-08
9.008375044e-08
9.007506027e-08
9.006658702e-08
9.005822663e-08
9.004998504e-08
9.004195907e-08
9.003405489e-08
9.002627692e-08
9.001871054e-08
9.001134981e-08
9.000403793e-08
8.999693179e-08
8.998995549e-08
8.998311121e-08
8.997646528e-08
8.996988764e-08
8.996350613e-08
8.995725737e-08
8.995108722e-08
8.994510841e-08
8.99392641e-08
8.99335058e-08
8.992793274e-08
8.99224493e-08
8.991710357e-08
8.991189491e-08
8.990682252e-08
8.990184779e-08
8.989701072e-08
8.989231011e-08
8.988771163e-08
8.988321836e-08
8.987886324e-08
8.98746446e-08
8.98705058e-08
8.986650529e-08
8.986264116e-08
8.985886397e-08
8.985522407e-08
8.985169791e-08
8.984828677e-08
8.984499175e-08
8.984179554e-08
8.983873655e-08
8.98357962e-08
8.983295973e-08
8.983024489e-08
8.982765206e-08
8.982516883e-08
8.982280985e-08
8.98205642e-08
8.981844463e-08
8.981644165e-08
8.981455752e-08
8.981280233e-08
8.981116137e-08
8.980965186e-08
8.980826763e-08
8.980700522e-08
8.980587744e-08
8.980487605e-08
8.980400781e-08
8.980327148e-08
8.980267241e-08
8.980221042e-08
8.980188955e-08
8.980171069e-08
8.980167664e-08
8.980179001e-08
8.980205404e-08
8.980247151e-08
8.980304516e-08
8.98037777e-08
8.980467181e-08
8.980573394e-08
8.98069682e-08
8.980837396e-08
8.980995904e-08
8.98117275e-08
8.981368336e-08
8.981583065e-08
8.981818044e-08
8.982072313e-08
8.982347728e-08
8.982644829e-08
8.982963274e-08
8.983304399e-08
8.983668748e-08
8.984056867e-08
8.984470366e-08
8.984907725e-08
8.985371662e-08
8.98586287e-08
8.986380816e-08
8.986928623e-08
8.987504494e-08
8.988110379e-08
8.988748406e-08
8.989417989e-08
8.990121362e-08
8.990859405e-08
8.991633009e-08
8.992441448e-08
8.993288842e-08
8.994176249e-08
8.995102977e-08
8.996071781e-08
8.997083759e-08
8.998140022e-08
8.999241698e-08
9.00039192e-08
9.00159199e-08
9.002841137e-08
9.004144827e-08
9.005502376e-08
9.006915158e-08
9.00838914e-08
9.009921367e-08
9.01151805e-08
9.013178519e-08
9.014904411e-08
9.016702476e-08
9.018569525e-08
9.020512575e-08
9.022533694e-08
9.024632216e-08
9.026815744e-08
9.029083734e-08
9.03143838e-08
9.033887901e-08
9.036428807e-08
9.039069627e-08
9.041813056e-08
9.044661838e-08
9.047618752e-08
9.050689991e-08
9.053875183e-08
9.057184233e-08
9.060620496e-08
9.064183742e-08
9.067884628e-08
9.071723096e-08
9.075706551e-08
9.079838821e-08
9.084127779e-08
9.08857759e-08
9.093192479e-08
9.097976733e-08
9.102943288e-08
9.108092652e-08
9.113438448e-08
9.118976871e-08
9.124722007e-08
9.130679271e-08
9.136858943e-08
9.143261974e-08
9.149903932e-08
9.156791067e-08
9.163929714e-08
9.171326291e-08
9.178997958e-08
9.186951863e-08
9.195195248e-08
9.203735446e-08
9.212591316e-08
9.221765151e-08
9.231276699e-08
9.241128549e-08
9.251341367e-08
9.261924283e-08
9.272886533e-08
9.284243909e-08
9.296006175e-08
9.308196557e-08
9.320825701e-08
9.333904359e-08
9.347457448e-08
9.361489485e-08
9.376019154e-08
9.391065719e-08
9.406656558e-08
9.422789572e-08
9.439500609e-08
9.456795544e-08
9.474711951e-08
9.493248256e-08
9.512443401e-08
9.532304287e-08
9.552863068e-08
9.574144362e-08
9.596164569e-08
9.61894915e-08
9.642524194e-08
9.666907136e-08
9.692143738e-08
9.718243261e-08
9.745233859e-08
9.773154174e-08
9.802034039e-08
9.831883543e-08
9.862753488e-08
9.894665034e-08
9.927660606e-08
9.961762223e-08
9.997013777e-08
1.00334381e-07
1.007106921e-07
1.010995313e-07
1.015012541e-07
1.019162211e-07
1.023449174e-07
1.027874758e-07
1.032446345e-07
1.037165334e-07
1.042036817e-07
1.047064712e-07
1.052255567e-07
1.057610844e-07
1.063137224e-07
1.068837504e-07
1.074718541e-07
1.080783196e-07
1.087038486e-07
1.093487326e-07
1.100135444e-07
1.106988647e-07
1.114051347e-07
1.121329444e-07
1.128827401e-07
1.136551196e-07
1.144508408e-07
1.152702069e-07
1.161138272e-07
1.169823158e-07
1.178762909e-07
1.187963749e-07
1.197431932e-07
1.207172087e-07
1.217192149e-07
1.227496758e-07
1.238093922e-07
1.248988276e-07
1.26018962e-07
1.271700863e-07
1.283530097e-07
1.295685477e-07
1.308171602e-07
1.320996635e-07
1.334166946e-07
1.347690736e-07
1.361574375e-07
1.375826083e-07
1.390450319e-07
1.405459076e-07
1.420854876e-07
1.436649756e-07
1.45284808e-07
1.469458034e-07
1.486489778e-07
1.503949548e-07
1.521845523e-07
1.540187884e-07
1.558980776e-07
1.57823434e-07
1.597958749e-07
1.618160079e-07
1.63884848e-07
1.66003204e-07
1.681720907e-07
1.703921038e-07
1.726644654e-07
1.749899777e-07
1.773696524e-07
1.798042872e-07
1.822948906e-07
1.848424711e-07
1.874480365e-07
1.901125937e-07
1.928371484e-07
1.956227052e-07
1.984704879e-07
2.013812787e-07
2.043560773e-07
2.073965509e-07
2.105032542e-07
2.136776321e-07
2.169206825e-07
2.202336268e-07
2.236176862e-07
2.270740822e-07
2.30604036e-07
2.342085399e-07
2.378894997e-07
2.416474495e-07
2.454842972e-07
2.494012642e-07
2.533995706e-07
2.574804354e-07
2.616457736e-07
2.658965733e-07
2.702347523e-07
2.746612974e-07
2.79178129e-07
2.837864666e-07
2.884882338e-07
2.932846502e-07
2.981776413e-07
3.031688991e-07
3.082598796e-07
3.134525125e-07
3.187484918e-07
3.241497498e-07
3.296577445e-07
3.352746478e-07
3.410021569e-07
3.46842447e-07
3.527972169e-07
3.588686443e-07
3.650586688e-07
3.71369471e-07
3.778032328e-07
3.843618969e-07
3.910476472e-07
3.978629096e-07
4.048098706e-07
4.118909591e-07
4.191083637e-07
4.264645156e-07
4.339620892e-07
4.416032764e-07
4.493909964e-07
4.573274431e-07
4.654155386e-07
4.736579641e-07
4.820571589e-07
4.906162923e-07
4.99338049e-07
5.08225358e-07
5.172813934e-07
5.265085992e-07
