2.997199734e-12
2.919550893e-12
2.86687129e-12
2.56107195e-12
2.233787242e-12
1.988380363e-12
1.8120439e-12
1.685003216e-12
1.587603174e-12
1.496068563e-12
1.405117364e-12
1.323224183e-12
1.253383404e-12
1.195284873e-12
1.145044237e-12
1.099747837e-12
1.057354898e-12
1.016911067e-12
9.796255763e-13
9.470123218e-13
9.181552487e-13
8.918719948e-13
8.672695013e-13
8.439106724e-13
8.221448835e-13
8.026177141e-13
7.846497711e-13
7.678783025e-13
7.522640037e-13
7.376377411e-13
7.236584923e-13
7.101012484e-13
6.970273818e-13
6.845772795e-13
6.727494553e-13
6.61636758e-13
6.512528937e-13
6.414346767e-13
6.319127459e-13
6.226863087e-13
6.139323959e-13
6.05606175e-13
5.976060102e-13
5.899423718e-13
5.825785395e-13
5.754875968e-13
5.686793073e-13
5.622446032e-13
5.560638628e-13
5.50011714e-13
5.441800519e-13
5.384146212e-13
5.326640256e-13
5.2689729e-13
5.211524691e-13
5.154744008e-13
5.100357385e-13
5.052500917e-13
5.01370562e-13
4.982440446e-13
4.955176028e-13
4.929848361e-13
4.905960806e-13
4.883283972e-13
4.8609516e-13
4.838805536e-13
4.816923486e-13
4.779172215e-13
4.767548781e-13
4.761395557e-13
4.758983266e-13
4.758236839e-13
4.757570663e-13
4.75547183e-13
4.754127955e-13
4.751983166e-13
4.748831668e-13
4.739166433e-13
4.732844205e-13
4.725740317e-13
4.709840867e-13
4.701340998e-13
4.683408585e-13
4.674343405e-13
4.65560583e-13
4.645825094e-13
4.625830111e-13
4.615398453e-13
4.593766584e-13
4.582823145e-13
4.560741729e-13
4.537680843e-13
4.526036379e-13
4.504599928e-13
4.486281243e-13
4.47809044e-13
4.463482313e-13
4.450881954e-13
4.437753465e-13
4.419013949e-13
4.391672375e-13
4.357070353e-13
4.31929337e-13
4.28164969e-13
4.244364605e-13
4.205815832e-13
4.161973597e-13
4.112396944e-13
4.060383516e-13
4.006456502e-13
3.917467734e-13
3.851531157e-13
3.780760769e-13
3.668597923e-13
3.59358039e-13
3.483798288e-13
3.411654895e-13
3.306966684e-13
3.240289867e-13
3.144131469e-13
3.08201467e-13
2.991922045e-13
2.906268854e-13
2.824292044e-13
2.745339204e-13
2.693319208e-13
2.617303556e-13
2.544518776e-13
2.474502753e-13
2.408563635e-13
2.328161336e-13
2.274222919e-13
2.224405989e-13
2.18199716e-13
2.134489371e-13
2.101192608e-13
2.058986384e-13
2.031402053e-13
1.997939614e-13
1.974451991e-13
1.944226491e-13
1.91425121e-13
1.884436873e-13
1.856475123e-13
1.83581148e-13
1.807341587e-13
1.768966573e-13
1.740006773e-13
1.719752191e-13
1.709764583e-13
1.704167261e-13
1.704736049e-13
1.708130656e-13
1.711073945e-13
1.713777213e-13
1.718671153e-13
1.723478725e-13
1.727515292e-13
1.732097237e-13
1.736391552e-13
1.739339886e-13
1.742889246e-13
1.74742646e-13
1.754606197e-13
1.765381691e-13
1.775681113e-13
1.784473972e-13
1.794137295e-13
1.80343404e-13
1.812019563e-13
1.819137465e-13
1.821903024e-13
1.81988072e-13
1.810322784e-13
1.794283665e-13
1.765194493e-13
1.729189027e-13
1.695983092e-13
1.655790842e-13
1.612704155e-13
1.568895366e-13
1.520301657e-13
1.478984172e-13
1.435459087e-13
1.401451889e-13
1.365893047e-13
1.332820819e-13
1.302333506e-13
1.273273756e-13
1.241064331e-13
1.21558036e-13
1.19839601e-13
1.189508318e-13
1.179221436e-13
1.169973904e-13
1.162051963e-13
1.155337634e-13
1.150551843e-13
1.145465161e-13
1.140473058e-13
1.136324773e-13
1.133030268e-13
1.130284853e-13
1.127037281e-13
1.120303047e-13
1.10869409e-13
1.090246283e-13
1.067590326e-13
1.041018726e-13
1.01064453e-13
9.77096026e-14
9.427924853e-14
9.1143577e-14
8.844903005e-14
8.602331904e-14
8.424579254e-14
8.341311056e-14
8.337223826e-14
8.338431823e-14
8.336657245e-14
8.329968594e-14
8.311357024e-14
8.275980451e-14
8.2476028e-14
8.248429714e-14
8.239369058e-14
8.211035383e-14
8.137173159e-14
7.996580867e-14
7.792093408e-14
7.549792024e-14
7.263901158e-14
7.021144597e-14
6.843092434e-14
6.740771797e-14
6.692665845e-14
6.642411266e-14
6.547284716e-14
6.429995409e-14
6.345611183e-14
6.326180956e-14
6.354839353e-14
6.363808276e-14
6.307331641e-14
6.181181498e-14
5.982627143e-14
5.789835231e-14
5.643296959e-14
5.570897428e-14
5.521033934e-14
5.419933421e-14
5.280630026e-14
5.195736811e-14
5.193029401e-14
5.22312673e-14
5.183054047e-14
5.033379032e-14
4.81208156e-14
4.600988442e-14
4.4382246e-14
4.296898953e-14
4.156630934e-14
4.035391882e-14
3.999005377e-14
4.058270168e-14
4.08417271e-14
3.965270186e-14
3.766459206e-14
3.562611568e-14
3.392315838e-14
3.285030721e-14
3.238084963e-14
3.285255492e-14
3.430044903e-14
3.503967426e-14
3.411992397e-14
3.24351007e-14
3.113547522e-14
3.057658968e-14
3.052156818e-14
3.148712017e-14
3.291705224e-14
3.280900137e-14
3.065904991e-14
2.853724105e-14
2.725930903e-14
2.653678314e-14
2.700510461e-14
2.77620784e-14
2.662765231e-14
2.398747923e-14
2.265677987e-14
2.229422017e-14
2.331304559e-14
2.470499545e-14
2.415736873e-14
2.241735945e-14
2.203414841e-14
2.250757485e-14
2.387382664e-14
2.463117473e-14
2.336247594e-14
2.267909148e-14
2.279286643e-14
2.347033518e-14
2.386123962e-14
2.251107494e-14
2.171207558e-14
2.169053648e-14
2.2254971e-14
2.204915014e-14
2.074019551e-14
2.031381823e-14
2.042160949e-14
2.087219944e-14
1.982258771e-14
1.92314562e-14
1.921087025e-14
1.973224771e-14
1.854001621e-14
1.763316562e-14
1.751321514e-14
1.774401568e-14
1.63568976e-14
1.578454891e-14
1.647805509e-14
1.610787727e-14
1.530497117e-14
1.567567419e-14
1.61589159e-14
1.505338257e-14
1.490118096e-14
1.537409097e-14
1.413141306e-14
1.3971373e-14
1.464257492e-14
1.367648973e-14
1.372450173e-14
1.434454884e-14
1.357939911e-14
1.386894534e-14
1.396789631e-14
1.331034463e-14
1.368897551e-14
1.30070585e-14
1.279172753e-14
1.305654968e-14
1.237947534e-14
1.277973588e-14
1.218519266e-14
1.208367875e-14
1.187940177e-14
1.140051063e-14
1.161792919e-14
1.102916599e-14
1.14031732e-14
1.079251847e-14
1.108435481e-14
1.04434003e-14
1.074968148e-14
1.019663482e-14
1.061847926e-14
1.021213543e-14
1.056585516e-14
1.00523017e-14
1.015110474e-14
9.76003833e-15
9.699437668e-15
9.704522414e-15
9.375141646e-15
9.502128502e-15
9.072497578e-15
9.038529504e-15
9.04544286e-15
8.76405993e-15
8.891173825e-15
8.767672872e-15
8.510240626e-15
8.582670179e-15
8.551913879e-15
8.314547592e-15
8.280636976e-15
8.28674623e-15
8.031032508e-15
7.902277563e-15
7.873654995e-15
7.887669338e-15
7.754668757e-15
7.591442091e-15
7.506312928e-15
7.474541576e-15
7.456194227e-15
7.410991278e-15
7.282542672e-15
7.161966181e-15
7.053000736e-15
6.998749528e-15
6.929587461e-15
6.863514902e-15
6.809782749e-15
6.759878796e-15
6.677563457e-15
6.595399224e-15
6.536589544e-15
6.437835547e-15
6.35591759e-15
6.340670207e-15
6.298981353e-15
6.281235027e-15
6.201449844e-15
6.081904621e-15
5.985875099e-15
5.925265932e-15
5.880104986e-15
5.861571659e-15
5.785623354e-15
5.700256999e-15
5.655070941e-15
5.580175527e-15
5.459231683e-15
5.477532165e-15
5.437964407e-15
5.361422773e-15
5.321240769e-15
5.210470085e-15
5.179500435e-15
5.07151955e-15
5.072307336e-15
4.986526044e-15
4.957029302e-15
4.880620192e-15
4.809606181e-15
4.759763352e-15
4.698357753e-15
4.64307281e-15
4.614785994e-15
4.534688339e-15
4.459248221e-15
4.367485233e-15
4.349020525e-15
4.296372622e-15
4.241549776e-15
4.173687434e-15
4.125183333e-15
4.098945447e-15
4.057892859e-15
4.011463212e-15
3.971042714e-15
3.921512675e-15
3.910840066e-15
3.87669527e-15
3.822349576e-15
3.799030442e-15
3.770108707e-15
3.759037667e-15
3.727901534e-15
3.703841664e-15
3.687489741e-15
3.664944336e-15
3.632175307e-15
3.602422767e-15
3.586026618e-15
3.56747713e-15
3.542149574e-15
3.522523718e-15
3.509411868e-15
3.499412658e-15
3.487908181e-15
3.475352322e-15
3.46997595e-15
3.445802964e-15
3.431703393e-15
3.423088585e-15
3.399357027e-15
3.390679041e-15
3.381146759e-15
3.366015662e-15
3.360330057e-15
3.357701561e-15
3.346539296e-15
3.345953547e-15
3.33196552e-15
3.319014147e-15
3.306734914e-15
3.285925124e-15
3.265751595e-15
3.244439138e-15
3.21480311e-15
3.188821297e-15
3.164782224e-15
3.138988285e-15
3.116554197e-15
3.086955501e-15
3.061693376e-15
3.026616435e-15
3.00556817e-15
2.966176225e-15
2.942745768e-15
2.910842043e-15
2.882612322e-15
2.853129606e-15
2.82694781e-15
2.795969916e-15
2.765573896e-15
2.725815771e-15
2.695137003e-15
2.669180526e-15
2.637737837e-15
2.605944936e-15
2.572963632e-15
2.539650803e-15
2.513690346e-15
2.488230254e-15
2.462078131e-15
2.431848628e-15
2.406725351e-15
2.374781859e-15
2.337666345e-15
2.314515288e-15
2.282875326e-15
2.249855569e-15
2.222832258e-15
2.200611745e-15
2.178976151e-15
2.161131195e-15
2.140015724e-15
2.120932436e-15
2.102392006e-15
2.08159313e-15
2.059008574e-15
2.04374682e-15
2.027199669e-15
2.013950668e-15
1.998909738e-15
1.987000434e-15
1.975702964e-15
1.963746941e-15
1.942406408e-15
1.9223769e-15
1.905562722e-15
1.89059592e-15
1.87388742e-15
1.854482639e-15
1.838093919e-15
1.826818886e-15
1.816980856e-15
1.805536852e-15
1.794839164e-15
1.782221749e-15
1.761326562e-15
1.740336469e-15
1.713553246e-15
1.685889646e-15
1.655453727e-15
1.625107175e-15
1.595545331e-15
1.562653798e-15
1.527603529e-15
1.494124797e-15
1.464484247e-15
1.430075623e-15
1.402918404e-15
1.370603835e-15
1.338456039e-15
1.301679749e-15
1.270444973e-15
1.240324026e-15
1.212006434e-15
1.181952628e-15
1.146840212e-15
1.1167303e-15
1.088763403e-15
1.06098484e-15
1.029024997e-15
9.858056262e-16
9.424885037e-16
8.99417191e-16
8.58881283e-16
8.218988328e-16
7.977345164e-16
7.80949794e-16
7.664146846e-16
7.497356407e-16
7.465826198e-16
7.448339742e-16
7.407507737e-16
7.277587495e-16
7.131830871e-16
6.962700173e-16
6.7326322e-16
6.56702232e-16
6.42414239e-16
6.350202494e-16
6.321163752e-16
6.281317954e-16
6.258358429e-16
6.257043695e-16
6.290578811e-16
6.307294251e-16
6.409093151e-16
6.510967314e-16
6.498517803e-16
6.416168208e-16
6.34129892e-16
6.239570193e-16
6.112373962e-16
6.035024449e-16
5.90897631e-16
5.830119943e-16
5.831618358e-16
5.914104295e-16
