0.01008880063
0.006559086686
0.005189621556
0.004420782747
0.003914062831
0.003548480781
0.00326892245
0.003046289803
0.00286360408
0.002710212297
0.002579051245
0.002365241139
0.002197033803
0.002060239089
0.001946163742
0.001805777557
0.001691949738
0.001597242891
0.001492623866
0.001386829316
0.001300749717
0.001215950391
0.001135285088
0.001068803201
0.0009983294668
0.0009343297678
0.0008716785903
0.0008162577178
0.0007638109045
0.0007150780762
0.0006703055741
0.0006259292221
0.0005864596243
0.0005488716952
0.0005138038221
0.0004807143199
0.000449384484
0.0004208165283
0.0003935881521
0.0003681878732
0.0003445178339
0.0003225036004
0.0003018805542
0.0002825196165
0.0002643609946
0.0002473739765
0.0002315340822
0.0002166683801
0.0002028150901
0.0001898777856
0.0001777224218
0.0001663866985
0.0001557957899
0.0001458642759
0.0001365873868
0.0001279266229
0.0001198215475
0.0001122509756
0.000105183844
9.856794444e-05
9.239891103e-05
8.663426822e-05
8.125177733e-05
7.622934389e-05
7.154411001e-05
6.717299022e-05
6.310144993e-05
5.930688571e-05
5.577474205e-05
5.248823934e-05
4.943342332e-05
4.659498912e-05
4.396144192e-05
4.152039874e-05
3.926084295e-05
3.71718892e-05
3.524405997e-05
3.346844861e-05
3.183611645e-05
3.033920876e-05
2.897042423e-05
2.772265562e-05
2.658943252e-05
2.556456597e-05
2.464239374e-05
2.381765849e-05
2.308543071e-05
2.244123245e-05
2.188093436e-05
2.140088944e-05
2.099782477e-05
2.066894516e-05
