0.08592209586
0.07148852654
0.04861457942
0.03902906816
0.03586448929
0.03370030822
0.02981373384
0.02731376036
0.0260927977
0.02494757227
0.02338115738
0.02148805982
0.01991725265
0.0187098945
0.01763970218
0.01638427124
0.01532993146
0.01443705102
0.01345223087
0.01241686661
0.01157262721
0.01075962097
0.01001151995
0.009410771584
0.008780012389
0.008231235986
0.007687027158
0.007173296979
0.006661083156
0.006225215704
0.00583493958
0.005448939097
0.005132759104
0.004884716554
0.004638570673
0.004391913782
0.004158845816
0.003924938688
0.003681204522
0.003407578318
0.003130265771
0.002857813629
0.002638343327
0.002433157291
0.002250803638
0.002103982229
0.001975241134
0.001849902312
0.001725204901
0.001636208857
0.001545099785
0.001464942213
0.001360671491
0.001283905642
0.001193877578
0.001101008804
0.001004944641
0.0009111708738
0.0008222636592
0.0007297304515
0.0006624554709
0.00061909991
0.0006147146504
0.0006174486147
0.0006035038971
0.0005909188239
0.0005867369167
0.000571557482
0.0005516832047
0.0005381220231
0.0005203315997
0.0004857296721
0.0004465845406
0.000401807273
0.0003543335852
0.0003037068332
0.0002543781018
0.0002164064828
0.0001792610237
0.0001513533495
0.0001408613313
0.0001293283816
0.0001269212468
0.0001112948191
9.738698989e-05
8.44407712e-05
8.034228412e-05
6.794891055e-05
5.924561474e-05
5.29616153e-05
4.502804313e-05
3.83005132e-05
