0.3586266315
0.2535624857
0.2070261496
0.1792869854
0.1603575914
0.1463848346
0.1355253968
0.1267719634
0.1195214343
0.1133877475
0.1081107884
0.1035080513
0.09944719928
0.09582962098
0.09258012795
0.08964025503
0.08696376314
0.08451353699
0.08225939374
0.08017650235
0.07824422221
0.0764452357
0.07476489053
0.07319069452
0.07171192267
0.07031930822
0.06900479722
0.06776135182
0.0665827912
0.06546366183
0.06439913106
0.06338489909
0.06241712572
0.06149236909
0.06060753403
0.05975982846
0.05894672627
0.05816593557
0.05741537152
0.05669313286
0.05599748167
0.05532682574
0.05467970322
0.05405476921
0.05345078405
0.05286660289
0.05230116661
0.05175349373
0.05122267324
0.05070785824
0.05020826021
0.049723144
0.04925182322
0.04879365619
0.04834804223
0.04791441841
0.0474922565
0.04708106027
0.04668036309
0.04628972565
0.04590873393
0.04553699742
0.04517414735
0.04481983523
0.04447373139
0.04413552372
0.04380491646
0.04348162916
0.04316539562
0.042855963
0.04225655098
0.04196612538
0.0416816069
0.04140279797
0.04112951017
0.04086156363
0.04059878662
0.04008809189
0.03983986715
0.0395961971
0.0391219764
0.03889116749
0.03866439614
0.03822250534
0.03800716686
0.03779542743
0.0373823529
0.03718083067
0.0367873744
0.0365952733
0.03621993006
0.03603653825
0.03567795969
0.03550263841
0.03515961263
0.03499178684
0.03466322115
0.03434374064
0.03418727783
0.03388066231
0.03358215151
0.03329139455
0.03300806146
0.03286908109
0.03259630702
0.03233021339
0.03207053189
0.03181700906
0.03156940527
0.03132749371
0.03109105958
0.03085989925
0.03063381954
0.03041263701
0.03008966657
0.02987998312
0.02967462317
0.02947344015
0.02917919357
0.02898785573
0.02870777804
0.02852550779
0.02834666591
0.02808460036
0.02782967157
0.02766352598
0.02741979449
0.02726084101
0.02702751046
0.02680007069
0.02657827794
0.02636190233
0.02615072688
0.02601273052
0.02580977196
0.02561149125
0.02535408907
0.02516605096
0.02498213564
0.02480219463
0.02462608683
0.02439700819
0.02422933383
0.02401105329
0.02385116012
0.02364285523
0.02349015951
0.02329109292
0.02309700323
0.0229545789
0.02276871491
0.02258729409
0.02241014219
0.02223709437
0.02206799459
0.02190269498
0.02170120149
0.02154395034
0.02139006901
0.02120227594
0.0210555516
0.0208763596
0.02073625417
0.02056502616
0.02039797128
0.02023492272
0.02007572287
0.01992022266
0.019768281
0.01961976419
0.01947454549
0.0193325046
0.01916608982
0.01903064598
0.01887184261
0.01874250053
0.01859074556
0.01844261841
0.01829797681
0.01815668619
0.01801861913
0.01788365488
0.01772996578
0.01760133927
0.0174547561
0.01733198639
0.01719197798
0.01705530901
0.01692184881
0.01679147377
0.01666406682
0.01653951703
0.01640053828
0.01628176355
0.0161491309
0.01601968806
0.01589330921
0.01576987534
0.01564927383
0.01553139801
0.01541614673
0.01528950688
0.01517952013
0.01505857836
0.01494048254
0.01482512278
0.01471239504
0.01459010923
0.01448262045
0.01436593118
0.01425201831
0.01414077346
0.0140320941
0.01392588313
0.0138220485
0.01371047102
0.01360155333
0.01349519143
0.01339128691
0.01328974659
0.01319048216
0.01308469102
0.01298140579
0.0128805291
0.01278196877
0.01267770788
0.01258369817
0.0124841782
0.0123869834
0.01229202462
0.01219921744
0.01210158577
0.01200626203
0.01191315673
0.01182218514
0.01172699225
0.01164018991
0.01154929414
0.01146049583
0.01136800008
0.01128328948
0.01119498736
0.01110872733
0.01101922697
0.01093693854
0.01085149673
0.01076317743
0.01068171557
0.0105974474
0.01051514368
0.01043472927
0.01035181847
0.01027085422
0.01019176155
0.01011446946
0.01003498069
0.009957338196
0.009881471605
0.009803650113
0.009727640016
0.0096498779
0.009577364977
0.009503126671
0.009427331922
0.009353323681
0.00928103288
0.00921039413
0.009138378514
0.00906802762
0.00899644762
0.008926537922
0.008858234589
0.008788838092
0.008721049045
0.008652288659
0.008585131149
0.008519515226
0.008453035322
0.008388089566
0.008322379706
0.008258192153
0.008193331641
0.008129977712
0.008066033792
0.008003577348
0.007940606263
0.007879100629
0.007819004515
0.007758450628
0.007697512533
0.007637990434
0.007578139874
0.007519676945
0.007460935771
0.007403552495
0.007345936124
0.007288143466
0.007231696364
0.007175109095
0.00711983248
0.007064447889
0.007010338832
0.006954844454
0.006901926101
0.006847707008
0.006794749077
0.006741814921
0.006688940696
0.006637294639
0.006585721634
0.006535335853
0.006483976741
0.006433813391
0.006383790998
0.006333935585
0.006285234124
0.006236702065
0.006188362072
0.006140235355
0.006092341722
0.00604469963
0.005998162401
0.005951870857
0.005905042955
0.005859307967
0.005813862703
0.005768719792
0.005724617299
0.005680096059
0.005635909529
0.005592066541
0.005548575087
0.005506088359
0.005463305777
0.005420894449
0.005378859416
0.005337205076
0.005295935225
0.005254491973
0.005214013194
0.005173391325
0.005133711095
0.005093914928
0.00505403923
0.00501509285
0.004976088352
0.004937987515
0.004899393467
0.004861698374
0.0048240014
0.004786752916
0.00474953573
0.004712778274
0.004676475628
0.004640237655
0.004604462214
0.004568776034
0.004533557637
0.00449844993
0.004463813053
0.004429305416
0.004394943145
0.004361060207
0.004327336832
0.004294090797
0.004261016301
0.004228125528
0.004195429797
0.004163216416
0.004130934948
0.0040991418
0.004067568787
0.004036223837
0.004005114215
0.003974486762
0.003943861443
0.003913489675
0.003883376354
0.003853525856
0.003823942068
0.00379462841
0.003765384339
0.003736624222
0.003707947732
0.00367937032
0.003651276618
0.003623292601
0.0035954315
0.003568050346
0.003540631473
0.003513691033
0.003486734649
0.003460097061
0.003433776241
0.003407471225
0.003381492538
0.003355694791
0.003330224039
0.003304805328
0.003279719517
0.003254833157
0.003230024991
0.003205555353
0.003181178574
0.003157142131
0.00313321124
0.003109509107
0.003086038151
0.003062693666
0.003039589283
0.003016726283
0.00299400634
0.002971437313
0.002949121105
0.002926965286
0.002904976221
0.002883247743
0.002861693028
0.002840317144
0.002819124722
0.002798119979
0.002777228857
0.002756612437
0.002736194005
0.002715903957
0.002695749997
0.002675877036
0.002656147247
0.002636567003
0.002617206155
0.002598003057
0.00257896282
0.002560090145
0.002541389332
0.002522920776
0.002504573711
0.002486409262
0.002468430334
0.002450588457
0.002432939556
0.002415485577
0.002398180878
0.002381030472
0.002364083958
0.002347254493
0.002330634837
0.002314183644
0.00229786364
0.002281760023
0.002265756802
0.002249974967
0.002234340512
0.002218858133
0.002203566858
0.00218840039
0.002173430909
0.002158627135
0.002143960994
0.002129498517
0.002115151129
0.002101012158
0.002086997282
0.002073167277
0.002059497114
0.002045990221
0.002032649738
0.002019454163
0.002006455511
0.001993585019
0.001980893456
0.00196836088
0.001956011882
0.001943806766
0.00193177019
0.00191988545
0.001908175441
0.001896642305
0.00188525257
0.001874045461
0.001862989125
0.001852120146
0.001841392601
0.001830857189
0.001820470443
0.001810251213
0.001800216212
0.001790340152
0.001780626823
0.0017710922
0.00176172622
0.001752531888
0.001743511959
0.00173465809
0.001725984196
0.001717482215
0.001709155083
0.00170100549
0.001693026848
0.001685231109
0.001677611899
0.001670171982
0.001662913884
0.001655832489
0.001648930789
0.001642211523
0.001635683706
0.001629330058
0.001623166221
0.00161719401
0.00161140421
0.001605799801
0.001600388403
0.001595167095
0.001590138132
0.001585299373
0.001580653322
0.001576205946
0.001571951636
0.00156789286
0.001564034899
0.001560373417
0.001556913443
0.001553654066
0.001550597193
0.001547744505
0.001545093689
0.00154265048
0.001540412835
0.001538382604
0.001536562591
0.001534950603
0.001533551389
0.001532362559
0.001531387931
0.001530626778
0.001530081014
0.001529751619
0.00152963936
0.001529745471
0.001530070956
0.001530616733
0.001531383509
0.001532373035
0.00153358557
0.001535023261
0.001536685084
0.001538574286
0.001540690491
0.001543033976
0.001545607562
0.001548410257
0.001551445158
0.001554710971
0.001558209309
0.00156194195
0.001565910813
0.001570112035
0.00157455324
0.001579228232
0.001584145112
0.001589299373
0.001594692771
0.00160032956
0.001606206978
0.001612326882
0.001618691217
0.001625302005
0.001632155973
0.001639257691
0.00164660922
0.00165420701
0.001662055821
0.001670154809
0.001678505962
0.001687111318
0.001695969908
0.001705083729
0.001714454819
0.001724085247
0.00173397073
0.001744119643
0.001754530885
0.001765203249
0.001776138752
0.001787342775
0.001798810724
0.001810551387
0.001822560104
0.001834842353
0.0018473968
0.00186022552
0.001873334099
0.001886721178
0.001900385331
0.001914335733
0.001928570998
0.001943093264
