362.8671734
254.7517764
207.9510765
180.1301291
161.3524351
147.8108328
137.1831403
128.8176204
121.9481431
116.1095148
111.1581143
103.056842
96.68108018
91.4544185
86.96535659
81.15407558
76.04824036
71.43989981
66.02836359
60.52214329
56.28189476
52.44058339
48.99948738
46.23935065
43.43460464
40.6306128
37.66192019
35.28634658
33.32784925
31.44271623
29.70482502
28.16941216
26.76485183
25.6112452
24.50249798
23.47327021
22.36181268
21.10119541
19.58758301
17.86003177
16.10727765
14.6579096
13.66229376
12.87613962
12.20748747
11.79401443
11.41784236
10.5919814
9.996145914
9.661257649
9.456540688
8.914115957
8.566732568
8.126487627
7.784602143
7.371951884
7.078362521
6.798282542
6.52313436
6.291133386
6.087750956
5.930419635
5.851792416
5.806797112
5.775605088
5.78874036
5.79832275
5.822165156
5.912480849
6.062833127
6.233724353
6.391578973
6.519763495
6.562950483
6.526240077
6.448282326
6.350160295
6.207752073
6.04791478
5.921528918
5.880179859
6.124907359
6.477625515
6.809105564
7.383535641
8.042925449
8.388732698
8.43602392
8.007107901
6.781178797
5.003591166
4.627282677
