4068.402361
2876.865311
2349.008497
2034.351163
1819.62386
1661.12269
1537.938708
1438.645419
1356.401369
1286.82707
1226.971739
1174.764985
1128.705535
1087.674702
1050.819517
1017.476724
987.1217652
959.3335882
933.7697842
910.1486585
888.2360548
867.8355144
848.7808158
830.9302428
814.1621271
798.3713435
783.4665255
769.367834
756.0051521
743.3166141
731.2473974
719.7487247
708.7770325
698.293276
688.2623438
678.6525626
669.4352762
660.5844859
652.0765416
643.8898759
636.0047742
628.403175
621.0684954
613.9854799
607.1400658
600.5192667
594.1110686
587.9043381
581.8887414
576.0546716
570.3931847
564.8959413
559.5551559
554.3635496
549.3143092
544.4010491
539.6177776
534.9588662
530.4190219
525.9932615
521.6768893
517.4654754
513.3548373
509.341022
505.4202904
501.5891022
497.844103
494.1821116
490.6001087
487.0952267
480.3060549
477.0167044
473.794337
470.636712
467.5416922
464.5072376
461.5314004
455.7482143
452.9373831
450.1781961
444.8085769
442.1952156
439.6276334
434.6245804
432.1866254
429.7894763
425.1131404
422.8318313
418.3779196
416.2034225
411.9548643
409.8791062
405.8206103
403.8363471
399.9541699
398.0548805
394.3366303
390.7213723
388.9508968
385.4814771
382.103931
378.8142796
375.6087813
374.0364807
370.9506713
367.9405845
365.0031781
362.1355779
359.3350667
356.5990728
353.9251604
351.3110208
348.7544633
346.2534082
342.6015966
340.2308629
337.9091268
335.6347268
332.3084368
330.1456059
326.9798799
324.9198021
322.8985732
319.9369533
317.056201
315.1788355
312.4249571
310.6290819
307.9930492
305.4237587
302.9184469
300.4745079
298.089482
296.5310413
294.2391023
292.0001556
289.0938737
286.9709542
284.8947353
282.8635341
280.8757511
278.290295
276.3980328
273.934877
272.1307428
269.7805657
268.0579436
265.8123885
263.6231933
262.0168874
259.9208384
257.8751006
255.8776993
253.9267668
252.0205346
250.1573271
247.8864081
246.1143191
244.3803783
242.2645565
240.6116329
238.5931718
237.0151688
235.0868503
233.2057636
231.370019
229.5778311
227.8275111
226.1174604
224.4461648
222.8121884
221.2141686
219.3421903
217.8188106
216.0329451
214.5785954
212.8724659
211.2073738
209.5817078
207.9939438
206.4426389
204.9264256
203.2001362
201.755595
200.1096606
198.7313456
197.1597518
195.625914
194.1283526
192.6656681
191.2365353
189.8396985
188.2813344
186.9497699
185.4631282
184.0125337
182.5965621
181.2138666
179.8631727
178.5432729
177.2530226
175.8355815
174.6047989
173.2517183
171.9307796
170.6407396
169.3804211
168.0135714
166.812406
165.508742
164.2364202
162.9942148
161.7809659
160.5955753
159.4370021
158.1923687
156.9777464
155.7919589
154.6338937
153.502497
152.3967705
151.2186888
150.0688664
148.9462026
147.8496555
146.6900584
145.6448114
144.5386542
143.4587024
142.4039487
141.3734391
140.2897366
139.2320341
138.1993206
137.1906391
136.1355478
135.1738161
134.1671092
133.1840147
132.160397
131.223312
130.2468901
129.2934459
128.3046105
127.395846
126.4526626
125.4781597
124.5797315
123.6507781
122.7439075
121.8582719
120.9455851
120.0547703
119.1849817
118.3354188
117.4621588
116.6096312
115.7770424
114.9234617
114.0902116
113.2382398
112.444231
111.6317925
110.8028158
109.9938729
109.2041855
108.4330172
107.6473099
106.8802565
106.1003127
105.339078
104.5958328
103.8412084
103.1045783
102.3579253
101.6292075
100.9177356
100.1974305
99.4942803
98.7834061
98.08954663
97.3889739
96.70523216
96.01569594
95.34276908
94.66488083
94.00334772
93.35754148
92.70739605
92.05372773
91.41584596
90.77505417
90.14972409
89.52203481
88.90946729
88.29503461
87.67936461
87.07866556
86.47712189
85.89015179
85.30268585
84.72939394
84.14210221
83.58272728
83.01028235
82.45183296
81.8943226
81.3381474
80.79558705
80.25449741
79.72655906
79.18914685
78.66497046
78.14299662
77.62350806
77.11677731
76.61254827
76.11106616
75.61255996
75.11724297
74.62531337
74.14556763
73.66913378
73.18798996
72.71888163
72.25355366
71.79213937
71.3421659
70.88874845
70.43958314
69.99476104
69.55436394
69.12498673
68.69348535
68.26660713
67.84440116
67.42690941
67.01416721
66.60061057
66.19759018
65.7940737
65.40083136
65.00737636
64.614099
64.23094179
63.84818201
63.47524978
63.09848112
62.73147526
62.36545083
62.00478753
61.64545144
61.2915841
60.94312505
60.59633294
60.25501812
59.91562119
59.58174342
59.2499997
58.92379287
58.59990461
58.27850056
57.96270155
57.64952343
57.34191311
57.03703608
56.73501467
56.43596167
56.14249745
55.84961438
55.56236684
55.27832157
54.99755428
54.72013339
54.44824787
54.17763801
53.91054093
53.64699928
53.38705004
53.1307249
52.87805051
52.62730841
52.38204664
52.1388453
51.89785648
51.6623159
51.42907874
51.19827289
50.97284544
50.74853604
50.52956836
50.31192362
50.09831648
49.88871505
49.68073211
49.47683129
49.2758655
49.07896589
48.88401172
48.69316097
48.50538832
48.3197926
48.13832161
47.95915207
47.78410085
47.61145449
47.44210935
47.27607686
47.1126211
46.95254122
46.79583664
46.64183444
46.49059902
46.34281151
46.19785665
46.05578294
45.91719101
45.78152009
45.64880505
45.5190761
45.39235914
45.26821665
45.14760301
45.03005448
44.91517548
44.80302363
44.69439683
44.58853176
44.48547208
44.38558305
44.2885426
44.19438129
44.10312533
44.01479686
43.92967114
43.8472359
43.76777243
43.69128858
43.61758129
43.54688315
43.47919231
43.41433008
43.35232135
43.29334048
43.23708767
43.18387395
43.13355682
43.08602886
43.04153402
42.99975459
42.96100777
42.92510217
42.89205513
42.86194579
42.83464624
42.8102874
42.78880864
42.7701751
42.75446618
42.74158755
42.73162333
42.7245121
42.72028955
42.71894228
42.72047145
42.72487561
42.73216695
42.7423117
42.75536452
42.77128141
42.79008423
42.8117312
42.83629304
42.8637275
42.8940776
42.92728775
42.96334444
43.00235906
43.04420193
43.08899416
43.13658781
43.18718984
43.24056507
43.29693502
43.35621295
43.41829861
43.48335105
43.55136202
43.62222559
43.69601998
43.77273088
43.85234215
43.93494009
44.02040507
44.10882391
44.20017954
44.29445319
44.39173767
44.49190118
44.59503661
44.70112371
44.8101407
44.92218474
45.0372351
45.15526946
45.27614022
45.40019398
45.52715878
45.65700709
45.78996598
45.92601108
46.06498718
46.20699513
46.35200679
46.50012447
46.65131974
46.80543039
46.96269062
47.12307042
47.28640459
47.45292881
47.62247641
47.79514876
47.97091219
48.1497322
48.33184536
48.51694471
48.70526607
48.89677305
49.09129202
49.28919451
49.49003274
49.6943139
49.90158889
50.11222726
50.32605179
50.54302133
50.76336675
50.98690928
51.21374209
51.44382161
51.6771039
51.91381537
52.15377511
52.39720731
52.64379562
52.89389698
53.14732882
53.40404322
53.66425871
53.92779221
54.19485961
54.46527727
54.73912658
55.01648737
55.29743781
55.58166284
55.86963144
56.16089817
56.45592733
56.75440375
57.05640084
57.36211803
57.67136936
57.98422451
58.30075143
58.62101629
58.94483316
59.27239245
59.60375653
59.93873899
60.27752489
60.62005051
60.96637443
61.31655346
61.67052194
62.02833487
62.39004551
62.75570535
63.12512747
63.49859896
63.87604898
64.25740736
64.64272064
65.03214896
65.42550426
65.82305811
66.22462159
66.63034772
67.04016093
67.45409821
67.87230597
68.29470584
68.72122043
69.15210076
69.58726583
70.0267436
