0.01065180051
0.007169467499
0.005751934521
0.004936686356
0.004391440098
0.003994151467
0.003688173481
0.003443185677
0.003241308383
0.003071228918
0.002925395277
0.002686898352
0.00249862941
0.00234512573
0.00221685989
0.002058707388
0.001930243579
0.001823212192
0.001704834156
0.001584984056
0.001487372774
0.001391138704
0.001299536117
0.001224002819
0.001143904699
0.001071145488
0.0009999092065
0.0009368926611
0.0008772636393
0.0008218692965
0.0007709938211
0.0007205925562
0.0006757921286
0.0006331601645
0.0005934237863
0.0005559715452
0.00052055913
0.0004883198923
0.0004576495391
0.00042910108
0.0004025651295
0.0003779583789
0.0003549856874
0.0003335051333
0.000313452635
0.0002947962932
0.0002775105334
0.000261408743
0.0002465346231
0.0002327862317
0.0002200249256
0.0002082943322
0.0001975201037
0.0001876205861
0.0001785969448
0.0001704167795
0.0001630293601
0.0001564225838
0.0001505759397
0.000145454395
0.0001410624721
0.0001373768431
0.000134390954
0.0001320989189
0.0001304954353
0.0001295769181
0.000129342527
0.0001297913884
0.0001309243874
0.0001327440056
0.0001352535299
0.0001384601123
0.0001423703645
0.0001469950468
0.0001523469403
0.0001584435889
0.0001653043498
0.0001729519745
0.0001814160139
0.0001907283162
0.0002009244774
0.000212046673
0.0002241406388
0.0002372588283
0.000251458045
0.0002668004731
0.0002833555292
0.0003011980415
0.0003204113133
0.0003410839915
0.000363314741
0.000387209664
