1.343104095
0.8710196256
0.6884346049
0.5861029076
0.518731487
0.4701612856
0.4330401722
0.4034902338
0.3792504044
0.3589028861
0.3415081146
0.3131596296
0.2908636278
0.2727351983
0.2576201054
0.239021782
0.2239442031
0.2114008689
0.1975462213
0.1835374056
0.1721402015
0.1609133741
0.1502346075
0.1414340039
0.1321054445
0.123634236
0.1153418499
0.1080066988
0.1010653667
0.09461572826
0.08869033592
0.0828174583
0.07759401008
0.07261961944
0.06797875054
0.06359969963
0.05945350866
0.05567279923
0.05206933325
0.0487077533
0.0455751024
0.04266152509
0.03993199537
0.03736942512
0.03496589653
0.03271734159
0.03062051842
0.0286525333
0.02681844468
0.02510548627
0.02349590837
0.02199470185
0.02059195781
0.01927636145
0.01804727994
0.01689961284
0.01582535124
0.01482168679
0.01388450166
0.01300687186
0.01218821789
0.01142290344
0.01070797552
0.01004049929
0.009417436908
0.008835717929
0.008293407963
0.007787496257
0.007316041668
0.006876804177
0.006467918306
0.006087334536
0.005733510297
0.005404780574
0.005099659941
0.004816675921
0.004554541221
0.004312040881
0.004087949061
0.003881180886
0.003690720331
0.003515569728
0.003354810846
0.003207554835
0.003072976883
0.002950299648
0.002838782516
0.002737741534
0.002646536213
0.00256459471
0.002491402143
0.002426526048
