2.606914374e-07
4.698293095e-07
6.903554067e-07
9.135626739e-07
1.137509961e-06
1.361779085e-06
1.586237287e-06
1.81081856e-06
2.035445275e-06
2.260019586e-06
2.484525362e-06
2.708960032e-06
2.933320771e-06
3.157609085e-06
3.381821456e-06
3.605945568e-06
3.829977777e-06
4.053917469e-06
4.277763105e-06
4.501511409e-06
4.725157892e-06
4.948699243e-06
5.172134021e-06
5.395460461e-06
5.618676745e-06
5.841779267e-06
6.064763751e-06
6.287626614e-06
6.510365576e-06
6.73297851e-06
6.955463364e-06
7.177818168e-06
7.400041361e-06
7.622131358e-06
7.844086728e-06
8.065905677e-06
8.287586089e-06
8.509125743e-06
8.730522398e-06
8.951774435e-06
9.172880092e-06
9.393837489e-06
9.614644397e-06
9.835298624e-06
1.005579773e-05
1.027613939e-05
1.049632145e-05
1.071634169e-05
1.093619762e-05
1.115588681e-05
1.137540688e-05
1.159475563e-05
1.181393074e-05
1.203292961e-05
1.225174971e-05
1.247038855e-05
1.268884374e-05
1.290711281e-05
1.312519331e-05
1.334308276e-05
1.356077863e-05
1.377827843e-05
1.399557963e-05
1.421267975e-05
1.442957621e-05
1.48627481e-05
1.507901843e-05
1.529507508e-05
1.551091567e-05
1.594193924e-05
1.615711775e-05
1.637207112e-05
1.680129353e-05
1.70155583e-05
1.722958925e-05
1.765694135e-05
1.78702583e-05
1.829616344e-05
1.850874737e-05
1.893316737e-05
1.914499914e-05
1.956789556e-05
1.998975514e-05
2.020029077e-05
2.062056308e-05
2.103975613e-05
2.124894273e-05
2.16664857e-05
2.208290785e-05
2.249819272e-05
2.291232391e-05
2.33252853e-05
2.353132236e-05
2.39424994e-05
2.435246739e-05
2.496511902e-05
2.537199806e-05
2.577761561e-05
2.618195716e-05
2.658500843e-05
2.698675536e-05
2.758690008e-05
2.798532644e-05
2.838240127e-05
2.897545107e-05
2.936909069e-05
2.995692828e-05
3.034705408e-05
3.092956335e-05
3.150882135e-05
3.189316751e-05
3.246691914e-05
3.303731576e-05
3.360432007e-05
3.41678957e-05
3.472800733e-05
3.528462068e-05
3.583770241e-05
3.638722015e-05
3.693314242e-05
3.747543859e-05
3.81928083e-05
3.872652946e-05
3.925652875e-05
3.995735841e-05
4.047856993e-05
4.116759e-05
4.184978207e-05
4.252509142e-05
4.302702516e-05
4.369016556e-05
4.434628543e-05
4.499533919e-05
4.563728365e-05
4.642965489e-05
4.705545813e-05
4.767402874e-05
4.843702169e-05
4.903920347e-05
4.978162072e-05
5.036727703e-05
5.108896533e-05
5.179908415e-05
5.249760277e-05
5.318449642e-05
5.385974635e-05
5.452333974e-05
5.530425571e-05
5.594218799e-05
5.669231735e-05
5.730461384e-05
5.802402167e-05
5.872672437e-05
5.941277302e-05
6.008222958e-05
6.073516655e-05
6.137166666e-05
6.199182272e-05
6.269481862e-05
6.327992779e-05
6.394236006e-05
6.458324643e-05
6.520281576e-05
6.580131313e-05
6.637899952e-05
6.701408512e-05
6.754812699e-05
6.813412183e-05
6.869461837e-05
6.923012152e-05
6.974115749e-05
7.022827287e-05
7.069203317e-05
7.11865733e-05
7.160265926e-05
7.204510912e-05
7.246126671e-05
7.289394064e-05
7.325761637e-05
7.359789648e-05
7.394971055e-05
7.427514774e-05
7.457554144e-05
7.485222932e-05
7.513080239e-05
7.5362058e-05
7.559388003e-05
7.58037629e-05
7.599343146e-05
7.617928081e-05
7.633212493e-05
7.648171259e-05
7.66153871e-05
7.673512081e-05
7.685129902e-05
7.69556471e-05
7.705035355e-05
7.713748443e-05
7.721897868e-05
7.730250899e-05
7.738368244e-05
7.746440364e-05
7.755234336e-05
7.76374071e-05
7.77333226e-05
7.784266645e-05
7.795306302e-05
7.808039382e-05
7.821856424e-05
7.837807738e-05
7.854071809e-05
7.872718518e-05
7.894014526e-05
7.915591078e-05
7.939964751e-05
7.967354098e-05
7.994819833e-05
8.025341124e-05
8.059073937e-05
8.092549626e-05
8.129186174e-05
8.169079163e-05
8.210306838e-05
8.252746919e-05
8.298381958e-05
8.34509548e-05
8.392772229e-05
8.443531563e-05
8.495118775e-05
8.549724329e-05
8.605021323e-05
8.660917207e-05
8.719687681e-05
8.781305807e-05
8.843338781e-05
8.905698769e-05
8.970713533e-05
9.035900591e-05
9.103591714e-05
9.171283444e-05
9.241300769e-05
9.313539578e-05
9.385492716e-05
9.457079988e-05
9.530596287e-05
9.605931828e-05
9.680654901e-05
9.757033756e-05
9.832701119e-05
9.909911022e-05
9.988605862e-05
0.0001006652746
0.0001014590613
0.0001022672608
0.0001030682803
0.0001038840884
0.0001047147784
0.0001055394131
0.0001064004173
0.0001072350952
0.0001081063139
0.0001089725952
0.0001098546942
0.0001107525046
0.000111665859
0.0001125945281
0.000113518197
0.0001144567654
0.0001154296338
0.0001163966418
0.0001173576593
0.0001183513862
0.0001193575922
0.000120375713
0.0001213862014
0.0001224266648
0.0001234774789
0.0001245382162
0.000125590137
0.0001266698538
0.0001277585967
0.0001288561792
0.000129962452
0.0001310772872
0.0001322180433
0.0001333494961
0.0001345063234
0.0001356708892
0.0001368430091
0.0001380392527
0.0001392423295
0.0001404519878
0.0001416843273
0.0001429224443
0.0001441660854
0.0001454309567
0.0001467006267
0.0001479749134
0.0001492691862
0.0001505829011
0.0001519002862
0.0001532363576
0.0001545906154
0.0001559477159
0.0001573075584
0.0001586992024
0.0001600928459
0.0001615027033
0.0001629282817
0.0001643550388
0.0001658107612
0.000167267003
0.0001687373911
0.000170235058
0.0001717323659
0.0001732425944
0.0001747785309
0.0001763133067
0.0001778727775
0.0001794433922
0.000181024789
0.0001826166171
0.0001842309926
0.0001858548958
0.0001874880106
0.0001891421346
0.0001908166235
0.0001924989709
0.0001941888988
0.0001959094334
0.0001976365689
0.0001993700581
0.0002011322915
0.000202899973
0.0002046839817
0.0002064837852
0.0002082988634
0.0002101394836
0.0002119834965
0.0002138412994
0.0002157228812
0.000217617117
0.0002195235625
0.0002214519373
0.000223391466
0.0002253516921
0.0002273220697
0.0002293119709
0.0002313207324
0.0002333381482
0.0002353827985
0.0002374350436
0.0002395038358
0.000241597759
0.000243697785
0.0002458216121
0.0002479595155
0.0002501197706
0.0002522928686
0.0002544869345
0.0002566926733
0.0002589180601
0.0002611540073
0.0002634166174
0.0002656967469
0.0002679937184
0.0002703068716
0.0002726355607
0.0002749791556
0.0002773448076
0.0002797316698
0.0002821313138
0.000284550696
0.0002869890261
0.0002894455319
0.0002919194608
0.0002944172775
0.000296923784
0.0002994526042
0.0003020028219
0.0003045666488
0.0003071502522
0.0003097527756
0.0003123733829
0.0003150178474
0.000317672116
0.0003203485185
0.0003230460742
0.0003257575178
0.0003284945674
0.0003312437629
0.0003340104925
0.0003367998802
0.0003396048972
0.0003424305638
0.000345275837
0.0003481396956
0.0003510154603
0.0003539135587
0.0003568328206
0.0003597666261
0.0003627194547
0.0003656902068
0.0003686778098
0.0003716812189
0.0003747045621
0.0003777466539
0.0003808013145
0.0003838775018
0.0003869690153
0.0003900747613
0.0003932032059
0.000396343528
0.0003995040055
0.0004026787057
0.0004058664914
0.0004090751806
0.0004122945254
0.0004155321667
0.0004187867274
0.0004220526287
0.0004253370673
0.0004286344648
0.0004319435493
0.0004352710688
0.0004386075709
0.000441959643
0.0004453258039
0.0004487046119
0.0004520946612
0.0004554982528
0.000458910282
0.0004623365846
0.0004657755917
0.0004692223201
0.0004726822567
0.0004761504601
0.0004796288357
0.0004831158554
0.0004866132045
0.0004901192417
0.0004936323486
0.000497150933
0.0005006794266
0.0005042130542
0.0005077559891
0.0005113006567
0.0005148511441
0.0005184056889
0.0005219652792
0.0005255254232
0.0005290897072
0.0005326562548
0.000536223242
0.0005397888996
0.0005433563777
0.0005469237373
0.0005504890977
0.0005540506357
0.0005576110936
0.0005611662848
0.0005647187774
0.0005682644738
0.0005718057807
0.0005753407555
0.0005788675267
0.0005823862469
0.0005858950485
0.0005893959039
0.0005928868546
0.000596366018
0.0005998351074
0.0006032903991
0.0006067317547
0.0006101589452
0.000613573273
0.0006169695159
0.0006203505312
0.0006237127882
0.0006270588457
0.0006303837213
0.0006336897735
0.0006369735369
0.0006402357433
0.0006434756248
0.0006466910899
0.0006498813596
0.0006530456081
0.0006561817971
0.0006592913852
0.0006623711156
0.0006654200832
0.000668438392
0.0006714249827
0.0006743768057
0.0006772948432
0.000680177042
0.0006830232533
0.0006858314634
0.0006886014452
0.0006913312331
0.00069401975
0.000696666665
0.0006992707935
0.0007018309511
0.0007043466457
0.0007068153174
0.000709237785
0.0007116115301
0.0007139360169
0.0007162100917
0.0007184337178
0.0007206046315
0.0007227227659
0.0007247865047
0.0007267957389
0.000728748962
0.0007306460624
0.0007324856718
0.0007342673332
0.0007359906007
0.0007376546974
0.0007392592377
0.0007408035381
0.0007422872709
0.0007437103832
0.0007450720263
0.0007463719679
0.0007476099937
0.0007487859203
0.0007498995862
0.000750950854
0.0007519394529
0.0007528654928
0.0007537287988
0.0007545295245
0.0007552675922
0.0007559433108
0.0007565565931
0.0007571077205
0.0007575969843
0.0007580245835
0.0007583909131
0.000758696353
0.0007589413673
0.0007591264256
0.0007592520738
0.0007593188746
0.0007593274732
0.0007592785451
0.0007591728212
0.0007590111246
0.000758794316
0.0007585232639
0.000758198939
0.0007578223377
0.0007573944583
0.0007569164951
0.0007563895576
0.0007558147943
0.0007551935274
0.0007545270147
0.0007538166317
0.0007530637426
0.0007522699187
0.0007514365688
0.0007505653104
0.0007496577447
0.000748715619
0.0007477406662
0.0007467346852
0.0007456995412
0.0007446371672
0.0007435495648
0.0007424346675
0.0007411403506
0.0007393933038
0.0007370248165
0.0007339539068
0.000730162246
0.0007256729947
0.0007205331347
0.0007148016662
0.0007085473104
0.0007018454541
0.0006947690181
0.0006873869659
0.0006797607595
0.0006719492757
0.0006640023838
0.0006559659779
0.0006478799182
0.0006397790407
0.0006316924811
0.0006236473576
0.0006156655999
0.0006077677299
0.0005999696009
0.0005922857018
0.0005847271292
0.0005773043265
0.000570025005
0.0005628957935
0.0005559224892
0.0005491092923
0.0005424600041
0.0005359775427
0.0005296649488
0.0005235241055
0.0005175572432
0.0005117659857
0.0005061524308
0.0005008992909
0.0004978785127
0.0004968156181
0.0004969389564
0.0004976932042
0.0004986978235
0.0004997060806
0.0005005690585
0.0005012057628
0.0005015843839
0.000501709793
0.0005016086011
0.0005013207362
0.0005008937383
0.0005003798402
0.0004998330567
0.0004993085061
0.0004988608779
0.0004985448061
0.0004984154692
0.0004985290333
0.0004989430804
0.0004997163846
