2.607810076
1.676674312
1.302388658
1.123355925
0.9893373775
0.9059303696
0.833494911
0.7790957425
0.7319224118
0.6930611208
0.6600643106
0.6058942631
0.5631510585
0.5284638836
0.4995947384
0.4641802555
0.4354495922
0.4117270652
0.3853426279
0.3584298369
0.3362912196
0.3145305066
0.2938029489
0.276810648
0.2587896974
0.2426781946
0.2267628545
0.2127000043
0.1994523687
0.1870970906
0.1754767853
0.163764298
0.1533681948
0.1433730339
0.1341905967
0.1256722743
0.1175666225
0.1102578477
0.1032190777
0.09642439391
0.08989745243
0.08374564027
0.07794368111
0.07250089515
0.06758659698
0.0633131964
0.05957433485
0.05602489749
0.05268527676
0.04952598392
0.04634114295
0.0434389778
0.0406055088
0.037979381
0.03548493273
0.03325296736
0.03103375793
0.02917986872
0.02731559172
0.0257520702
0.02448011375
0.02319914649
0.02182516996
0.0205910528
0.01943076857
0.01848914091
0.01772448845
0.01730671098
0.0167828716
0.01622622822
0.01559610857
0.01482063502
0.01399955293
0.01357924378
0.01313114253
0.01252881132
0.01191400477
0.01133304973
0.01054517801
0.0097545147
0.009084874647
0.00836621526
0.007849749246
0.007414055785
0.006893686855
0.006331687875
0.005532477889
0.004746942558
0.004436158898
0.00403682699
0.003566849378
0.003091371698
