1.76781033e-06
8.87965421e-07
5.964610486e-07
4.520120613e-07
3.663533612e-07
3.100575932e-07
2.705092096e-07
2.41398013e-07
2.192169731e-07
2.018612903e-07
1.879915259e-07
1.767150854e-07
1.67414631e-07
1.596499647e-07
1.530991018e-07
1.475213976e-07
1.427336536e-07
1.385941643e-07
1.349917836e-07
1.318382595e-07
1.290627512e-07
1.266078374e-07
1.244265635e-07
1.224802265e-07
1.207366921e-07
1.191691013e-07
1.177548653e-07
1.164748785e-07
1.153128955e-07
1.142550339e-07
1.13289376e-07
1.124056458e-07
1.115949468e-07
1.108495467e-07
1.101627004e-07
1.095285038e-07
1.089417715e-07
1.083979357e-07
1.078929596e-07
1.074232666e-07
1.069856785e-07
1.065773639e-07
1.061957943e-07
1.05838706e-07
1.055040681e-07
1.051900542e-07
1.048950185e-07
1.046174749e-07
1.043560789e-07
1.041096119e-07
1.038769672e-07
1.03657138e-07
1.034492072e-07
1.032523374e-07
1.030657633e-07
1.028887844e-07
1.02720758e-07
1.025610944e-07
1.024092512e-07
1.022647291e-07
1.021270677e-07
1.019958422e-07
1.018706597e-07
1.01751157e-07
1.016369975e-07
1.015278691e-07
1.014234819e-07
1.012278729e-07
1.011361672e-07
1.010482321e-07
1.009638647e-07
1.008828754e-07
1.008050872e-07
1.006584613e-07
1.00589323e-07
1.00522783e-07
1.004587132e-07
1.003375105e-07
1.00280158e-07
1.002248359e-07
1.001199109e-07
1.000701351e-07
9.997556048e-08
9.99306161e-08
9.984507848e-08
9.980436196e-08
9.972674931e-08
9.968974824e-08
9.961911403e-08
9.958539113e-08
9.952092574e-08
9.94601801e-08
9.943111368e-08
9.937543106e-08
9.932281593e-08
9.929758896e-08
9.924916767e-08
9.920329827e-08
9.915980508e-08
9.911852726e-08
9.907931732e-08
9.904203982e-08
9.900657023e-08
9.897279385e-08
9.894060494e-08
9.890990587e-08
9.888060638e-08
9.885262294e-08
9.882587816e-08
9.880030024e-08
9.876397665e-08
9.874103431e-08
9.871904512e-08
9.868773597e-08
9.866791019e-08
9.863963273e-08
9.86216966e-08
9.859607307e-08
9.857979472e-08
9.855650436e-08
9.85416864e-08
9.852045544e-08
9.850034521e-08
9.848127855e-08
9.846318484e-08
9.845163069e-08
9.84350173e-08
9.841921568e-08
9.840417408e-08
9.838984483e-08
9.837177168e-08
9.835893915e-08
9.834668475e-08
9.833497453e-08
9.832015321e-08
9.830959399e-08
9.829620684e-08
9.828665366e-08
9.827452283e-08
9.826585285e-08
9.825482722e-08
9.824437394e-08
9.823445445e-08
9.822503342e-08
9.821827512e-08
9.820964982e-08
9.819944907e-08
9.819172192e-08
9.818435453e-08
9.817732524e-08
9.816898362e-08
9.816264388e-08
9.815510831e-08
9.814937212e-08
9.814254363e-08
9.813607072e-08
9.813113237e-08
9.81252409e-08
9.811964323e-08
9.811432056e-08
9.810925562e-08
9.810349549e-08
9.809894305e-08
9.809460139e-08
9.808965216e-08
9.80849688e-08
9.808125599e-08
9.807701413e-08
9.807299066e-08
9.806917139e-08
9.806554328e-08
9.806209429e-08
9.805881333e-08
9.805518427e-08
9.805223322e-08
9.804896431e-08
9.804587073e-08
9.804334979e-08
9.804055167e-08
9.803789808e-08
9.803537986e-08
9.803265684e-08
9.803040109e-08
9.802795854e-08
9.802593247e-08
9.802373587e-08
9.802165815e-08
9.801969166e-08
9.801782932e-08
9.801585061e-08
9.801418863e-08
9.801242076e-08
9.801093427e-08
9.800935146e-08
9.800785753e-08
9.800644681e-08
9.800497062e-08
9.800371895e-08
9.800240811e-08
9.800117599e-08
9.800001749e-08
9.799892788e-08
9.799790284e-08
9.799693836e-08
9.799594297e-08
9.799501186e-08
9.799414086e-08
9.799332614e-08
9.799256416e-08
9.799178923e-08
9.79910693e-08
9.799040078e-08
9.798978039e-08
9.798920508e-08
9.798862946e-08
9.798813934e-08
9.798765019e-08
9.798720183e-08
9.798676164e-08
9.798638999e-08
9.798602715e-08
9.798570066e-08
9.798538856e-08
9.798513021e-08
9.798488644e-08
9.798467468e-08
9.798449289e-08
9.79843299e-08
9.798419679e-08
9.798409162e-08
9.798401261e-08
9.79839555e-08
9.798392428e-08
9.798391728e-08
9.798393297e-08
9.798397275e-08
9.798403484e-08
9.798411783e-08
9.798422663e-08
9.798435584e-08
9.798450414e-08
9.798467956e-08
9.798486338e-08
9.798508479e-08
9.798531233e-08
9.798556764e-08
9.798583867e-08
9.79861384e-08
9.798645325e-08
9.798678225e-08
9.798714038e-08
9.798751207e-08
9.798791345e-08
9.798831024e-08
9.798875415e-08
9.798919189e-08
9.798965915e-08
9.799015655e-08
9.799066487e-08
9.79911834e-08
9.799173201e-08
9.799229028e-08
9.799287878e-08
9.799347638e-08
9.799408251e-08
9.799471871e-08
9.799538528e-08
9.799605989e-08
9.799676488e-08
9.799747738e-08
9.799819692e-08
9.799894657e-08
9.799972654e-08
9.800051305e-08
9.800132979e-08
9.800215262e-08
9.800300561e-08
9.800386424e-08
9.800475293e-08
9.800567176e-08
9.800659577e-08
9.800754981e-08
9.800850864e-08
9.800952277e-08
9.801051603e-08
9.801156469e-08
9.801261762e-08
9.801370039e-08
9.801478709e-08
9.801590349e-08
9.801704958e-08
9.801822539e-08
9.801940467e-08
9.802061351e-08
9.80218519e-08
9.802311985e-08
9.802439082e-08
9.80256912e-08
9.802702096e-08
9.802838009e-08
9.802976858e-08
9.803118639e-08
9.803260669e-08
9.803408303e-08
9.803556171e-08
9.803706953e-08
9.803860645e-08
9.804017244e-08
9.804176748e-08
9.804339154e-08
9.804504458e-08
9.804672656e-08
9.804846464e-08
9.805020445e-08
9.805197311e-08
9.805377059e-08
9.805559685e-08
9.805747914e-08
9.80593902e-08
9.806130264e-08
9.806327108e-08
9.806526818e-08
9.806732128e-08
9.806937559e-08
9.807148587e-08
9.80736247e-08
9.80758195e-08
9.80780428e-08
9.808029458e-08
9.80825748e-08
9.808491093e-08
9.808727547e-08
9.808969589e-08
9.809214468e-08
9.809464933e-08
9.80971823e-08
9.809977111e-08
9.810238821e-08
9.810506111e-08
9.810776225e-08
9.811051918e-08
9.811333189e-08
9.811617278e-08
9.811906942e-08
9.812202179e-08
9.81250299e-08
9.812806612e-08
9.813118565e-08
9.813433326e-08
9.813753654e-08
9.81407955e-08
9.81441101e-08
9.814748035e-08
9.815090622e-08
9.815438772e-08
9.815792481e-08
9.81615175e-08
9.81651934e-08
9.816889724e-08
9.817268427e-08
9.817652684e-08
9.818045259e-08
9.818440621e-08
9.818847063e-08
9.81925629e-08
9.819673831e-08
9.820099683e-08
9.820531081e-08
9.820970789e-08
9.821416041e-08
9.8218696e-08
9.822331465e-08
9.822801635e-08
9.823277344e-08
9.823761355e-08
9.824253668e-08
9.824757046e-08
9.825265958e-08
9.825783167e-08
9.826308672e-08
9.826845237e-08
9.82738733e-08
9.827940481e-08
9.828501922e-08
9.829074418e-08
9.829655201e-08
9.830247036e-08
9.830847155e-08
9.831458322e-08
9.83207777e-08
9.832708264e-08
9.8333498e-08
9.834002378e-08
9.834665995e-08
9.835337885e-08
9.836023575e-08
9.836720299e-08
9.837428055e-08
9.83814684e-08
9.838879418e-08
9.83962302e-08
9.840377646e-08
9.841146057e-08
9.841928251e-08
9.84272146e-08
9.843528447e-08
9.844349209e-08
9.845183743e-08
9.846032047e-08
9.846894117e-08
9.84776995e-08
9.848662307e-08
9.849568421e-08
9.85048829e-08
9.851424672e-08
9.852374801e-08
9.853341438e-08
9.854324577e-08
9.855324214e-08
9.856340347e-08
9.857372971e-08
9.858424842e-08
9.859490436e-08
9.860575268e-08
9.861679334e-08
9.86279987e-08
9.863939631e-08
9.865098611e-08
9.866274046e-08
9.867471449e-08
9.868688056e-08
9.86992662e-08
9.871184376e-08
9.872461318e-08
9.873760199e-08
9.875081011e-08
9.876423749e-08
9.877788405e-08
9.879174972e-08
9.880586199e-08
9.882019323e-08
9.883477092e-08
9.884956743e-08
9.886463777e-08
9.887992676e-08
9.88954894e-08
9.891129807e-08
9.89273802e-08
9.89437357e-08
9.896033694e-08
9.897721134e-08
9.899438632e-08
9.901183424e-08
9.9029555e-08
9.9047576e-08
9.906589711e-08
9.90845182e-08
9.910343915e-08
9.912268732e-08
9.914226257e-08
9.916213727e-08
9.918233875e-08
9.920286688e-08
9.922374896e-08
9.924498484e-08
9.926654688e-08
9.928848983e-08
9.931075859e-08
9.933340791e-08
9.935643758e-08
9.93798474e-08
9.940363717e-08
9.94278067e-08
9.945238318e-08
9.94773664e-08
9.950275613e-08
9.952857954e-08
9.955480897e-08
9.958147158e-08
9.96085671e-08
9.963612267e-08
9.966411061e-08
9.969258539e-08
9.972149197e-08
9.97508848e-08
9.978076353e-08
9.981112786e-08
9.984200479e-08
9.987336663e-08
9.990526769e-08
9.993768027e-08
9.997060398e-08
1.000040931e-07
1.000381198e-07
1.000726838e-07
1.001078392e-07
1.001435583e-07
1.001798678e-07
1.002167674e-07
1.002542564e-07
1.00292389e-07
1.0033111e-07
1.003704735e-07
1.004105061e-07
1.004511528e-07
1.004924946e-07
1.005344765e-07
1.005771795e-07
1.006205485e-07
1.006646373e-07
1.00709445e-07
1.007549711e-07
1.00801242e-07
1.008482839e-07
1.00896069e-07
1.009446237e-07
1.009940012e-07
1.010441466e-07
1.01095113e-07
1.011469268e-07
1.011995598e-07
1.012530652e-07
1.013074421e-07
1.013626622e-07
1.014188057e-07
1.014758714e-07
1.015338312e-07
1.015927379e-07
1.016526172e-07
1.01713441e-07
1.017752619e-07
1.018380516e-07
1.019018895e-07
1.019667473e-07
1.020326505e-07
1.020996244e-07
1.021676675e-07
1.022368051e-07
1.023070623e-07
1.023784375e-07
1.024509827e-07
1.025246691e-07
1.025995485e-07
1.026756458e-07
1.027529591e-07
1.02831513e-07
1.029113054e-07
1.029924144e-07
1.030747843e-07
1.031584929e-07
1.032435379e-07
1.033299435e-07
1.034177338e-07
1.035069328e-07
1.03597538e-07
1.036895997e-07
1.037831152e-07
1.038781346e-07
1.039746816e-07
1.040727529e-07
1.04172372e-07
1.042735885e-07
1.043763992e-07
1.044808534e-07
1.045869476e-07
1.046947573e-07
1.048042523e-07
1.049154815e-07
1.050284673e-07
1.051432319e-07
1.052598236e-07
1.053782644e-07
1.054985497e-07
1.056207538e-07
1.057448717e-07
1.058709511e-07
1.05999013e-07
1.061290784e-07
1.062611682e-07
1.063953553e-07
1.0653166e-07
1.066700764e-07
1.068106509e-07
1.069534292e-07
1.070984571e-07
1.07245728e-07
1.073953131e-07
1.075472314e-07
1.077015018e-07
1.078581688e-07
1.080172766e-07
1.081788433e-07
1.083429385e-07
1.085095541e-07
1.086787589e-07
1.088505958e-07
1.090250561e-07
1.092022333e-07
1.093821438e-07
1.095648292e-07
1.097503054e-07
1.099386389e-07
1.101298704e-07
1.103240404e-07
1.105211887e-07
1.107213551e-07
1.109245788e-07
1.111309243e-07
1.113404047e-07
1.115530582e-07
1.117689733e-07
