0.05596706426
0.06854539085
0.08131808942
0.09202645692
0.09792178794
0.0999252826
0.09918427168
0.09716214649
0.09468464729
0.09210132594
0.08956152044
0.08712309774
0.08480813327
0.08262354861
0.08056947125
0.07864202974
0.07683442645
0.07513621421
0.07353613228
0.07202415477
0.07059417786
0.06924218926
0.06796407535
0.06675484289
0.06560894311
0.06452133951
0.06348766599
0.0625035528
0.06156531625
0.06066961206
0.05981314069
0.05899272171
0.05820554938
0.05744903439
0.05672101843
0.0560194889
0.05534290686
0.05469000295
0.05405952772
0.05345013738
0.05285988887
0.05228703086
0.05173021472
0.05118951315
0.05066510806
0.05015697835
0.04966410455
0.04918501833
0.04871838212
0.04826370067
0.04782126825
0.04739132668
0.04697365122
0.04656702193
0.04617025965
0.04578234701
0.04540282179
0.0450313759
0.04466773732
0.04431169837
0.04396307543
0.04362170288
0.04328735394
0.04295978792
0.04263877287
0.04232407929
0.04201563107
0.04171335615
0.04141722469
0.04112734964
0.04056679763
0.04029569848
0.04002982312
0.03976848474
0.03951142075
0.03925880586
0.03901079459
0.03852895661
0.03829512856
0.03806595567
0.03762090536
0.03740470234
0.03719231549
0.03677801185
0.03657564149
0.03637608006
0.03598453693
0.03579282152
0.03541868339
0.03523629274
0.03488032147
0.03470658852
0.0343673365
0.03420145583
0.0338751299
0.03371419183
0.03339782154
0.03308995074
0.03293904396
0.03264310783
0.03235583247
0.03207736591
0.03180722445
0.03167501245
0.03141579721
0.03116280153
0.03091528085
0.03067343119
0.03043757987
0.03020786034
0.02998389544
0.02976512527
0.02955089016
0.02934091889
0.02903403565
0.0288334206
0.02863580418
0.02844204009
0.02816103638
0.02797952277
0.02771453925
0.02754297214
0.02737507427
0.0271292388
0.02689116283
0.0267373809
0.02651312135
0.02636652822
0.02615107636
0.02594107689
0.02573598313
0.02553705258
0.02534346332
0.0252162325
0.02502809601
0.0248440747
0.02460587987
0.02443220733
0.02426162571
0.02409535312
0.02393442949
0.02372670344
0.02357534727
0.02337877749
0.02323507984
0.02304749049
0.02290920252
0.02272772675
0.02255064267
0.0224202907
0.02224998254
0.02208349748
0.02191943456
0.02175769566
0.02159838111
0.02144175159
0.02124980621
0.02109971513
0.02095159318
0.0207706845
0.02062966735
0.02045845861
0.02032374429
0.02015789722
0.01999600385
0.01983674453
0.01967966181
0.01952629289
0.01937488298
0.01922372787
0.01907465987
0.01892923855
0.01875957548
0.01862064783
0.01845882481
0.01832794926
0.0181721579
0.01801829662
0.01786929327
0.01772513829
0.01758388133
0.01744459628
0.01728487554
0.01715322712
0.01700227691
0.01687595204
0.01673141914
0.01659109188
0.01645544399
0.01632207197
0.01619132788
0.01606433431
0.01592380069
0.01580542216
0.01567418457
0.01554771161
0.01542470998
0.01530443415
0.01518612845
0.01506898263
0.01495528021
0.01483129629
0.01472435163
0.01460588901
0.01449149175
0.01437874389
0.01426746076
0.01414898067
0.01404492153
0.01393155505
0.01382014516
0.01370837852
0.01359925997
0.01349405485
0.01339038281
0.01327800406
0.01316984926
0.01306598147
0.01296481258
0.01286543999
0.01276812682
0.01266478311
0.0125641889
0.01246463267
0.01236857859
0.01226946664
0.01218247191
0.01208985147
0.01200017634
0.01191206776
0.01182537112
0.01173554287
0.01164801514
0.01156382412
0.01148314562
0.01140003285
0.01132340474
0.01123922132
0.01115822623
0.01107378432
0.01099624023
0.0109192811
0.01084406931
0.01076941158
0.0107017548
0.01063034407
0.01055558554
0.01048605958
0.01041364287
0.01034354568
0.01027863087
0.01020929547
0.01013982535
0.01007292656
0.01000866637
0.009945243094
0.009885037796
0.009824409417
0.009765457131
0.009709937891
0.009654947291
0.009604438093
0.00955318536
0.009500823148
0.009447028417
0.009395104735
0.009344620057
0.009292731349
0.00924282093
0.009191221887
0.009138942781
0.009088147033
0.009038745677
0.008989879191
0.008940198303
0.008888822508
0.008838429616
0.008787128204
0.008735945464
0.00868157616
0.008627616454
0.008576829152
0.00852480999
0.008473057821
0.008425042815
0.008375202618
0.00832722612
0.008279496162
0.008232432181
0.00818291085
0.008134082815
0.008086278219
0.00803759385
0.007986455034
0.007934209237
0.007883154567
0.007832260802
0.007782737544
0.007731778095
0.007679541851
0.007627589086
0.007578365915
0.007528555949
0.00747917574
0.007425252172
0.007370066592
0.007314844188
0.007260447361
0.007207685584
0.00715330245
0.007099317466
0.007043607068
0.00698869136
0.006933025994
0.006877607554
0.006823782274
0.006767476548
0.006712576573
0.006657372854
0.006602332759
0.006547665747
0.006492320053
0.006436369404
0.006382373987
0.006332628734
0.00628119828
0.006231648115
0.006181751533
0.006127274321
0.006070298204
0.00601353973
0.005958076923
0.005902340477
0.005848767726
0.005798228763
0.005748341983
0.005698948971
0.005652552064
0.005604651984
0.005554986262
0.005503860029
0.005451920505
0.005401055805
0.005351647755
0.005303229898
0.005252979827
0.005203826594
0.005152637002
0.005103036728
0.005055358913
0.005007085828
0.00495731788
0.004908486977
0.004864842312
0.004826386316
0.004790258128
0.004756911455
0.004724125851
0.004687839199
0.004652026521
0.004616644861
0.004581706039
0.004547901018
0.004515268304
0.004483475431
0.004452625505
0.004424463046
0.004395880817
0.004365043935
0.004331901502
0.004300863032
0.004272386148
0.004244101455
0.004216502713
0.004190217001
0.004164167249
0.004137828093
0.004109426534
0.004079447457
0.004048786088
0.004018768118
0.003987087428
0.003956284185
0.003927540142
0.003900619712
0.003875674868
0.003851131669
0.003826596854
0.003803579496
0.003781111501
0.003757284683
0.003732868114
0.003710252889
0.003686036346
0.003659114823
0.003629699991
0.003596726681
0.003561334386
0.003523028988
0.003483078785
0.003443960306
0.003402376467
0.003362517024
0.003324940955
0.003286191161
0.003247419745
0.003208670806
0.003169453579
0.00313263355
0.003098526878
0.003064343962
0.003031571176
0.003002187713
0.002975033306
0.002946254527
0.002915297303
0.002880760164
0.002846648881
0.002814897883
0.00278284769
0.002749962845
0.002718110762
0.002687461729
0.002657192207
0.00262740732
0.002598052931
0.002568065037
0.00253657573
0.00250576984
0.002475821219
0.00244554549
0.002414965425
0.002384577422
0.002352425092
0.002321157696
0.002288627667
0.002256183675
0.002225261452
0.002197235632
0.002171423344
0.00214483662
0.0021202543
0.002099832929
0.002080458382
0.002060978947
0.00204123821
0.002022081144
0.002002038792
0.00198391746
0.00196687928
0.001952345934
0.001938847255
0.001927263076
0.001912799331
0.001897315534
0.001882584685
0.00186531596
0.001846655787
0.001827540126
0.001810921766
0.001798468378
0.001789869215
0.001780385585
0.001767556648
0.001754415062
0.00174135726
0.001726169249
0.001712375205
0.001698434884
0.001683860303
0.001669961402
0.001658383383
0.00164654955
0.001632601568
0.001618191994
0.001607350246
0.001598791248
0.001592219759
0.001585526465
0.001579220966
0.001573210752
0.001568155881
0.001568556744
0.001571052713
0.001574625786
0.001579663378
0.001583642627
0.001587353031
0.001590319867
0.001593397114
0.001596747371
0.001602937207
0.001608313591
0.00161219356
0.001614341041
0.001615150056
0.001614723767
0.001614794575
0.001615630198
0.001614137406
0.001614290316
0.001615438381
0.001616521692
0.001618029413
0.001619416464
0.001620173384
0.001620101931
0.001621393289
0.001624136033
0.001625603962
0.001627668406
0.001627490346
0.0016262203
0.00162912263
0.001633780102
0.001638857153
0.001644003888
0.001648351975
0.001650136303
0.001647934645
0.001645064722
0.001639140013
0.001633976254
0.001628555998
0.001620814165
0.001614741722
0.001607455111
0.001597278312
0.001587267232
0.001581036311
0.001572946383
0.001563380268
0.00155553408
0.001550142093
0.001543749733
0.001535690261
0.001527708759
0.001522084654
0.00151566707
0.001506272913
0.001495241918
0.00148600424
0.001478917018
0.001473156069
0.00146780273
0.001462443505
0.001459117941
0.001457128014
0.001455214615
0.00145384467
0.001453595478
0.001456274472
0.001457988582
0.001460138222
0.001464741283
0.00146778622
0.00147389398
0.001480036441
0.001487103402
0.00149598965
0.001503928789
0.001510813929
0.001520683019
0.001532139451
0.001543527098
0.001553972647
0.001569089816
0.001580735889
0.001593553953
0.001608407725
0.001623424223
0.001640790152
0.001663051314
0.001686666716
0.001709040157
0.001732622759
0.001756316245
0.001780637958
0.001802885677
0.001828564009
0.001855523568
0.001879688722
0.00190410103
0.001932962459
0.001965652514
0.001997977696
0.002029001994
0.002055256483
0.002086160165
0.002119400609
0.002149545228
0.002180015409
0.002206270167
0.00223083466
0.002255678894
0.002278913195
0.002301324679
