0.005076461368
0.01015292274
0.01522938411
0.02030584547
0.02538230684
0.03045876821
0.03553522958
0.04061169095
0.04568815232
0.05076461368
0.05584107505
0.06599399779
0.07614692053
0.08629984326
0.096452766
0.1116821501
0.1269115342
0.1421409183
0.1624467638
0.1878290706
0.2132113775
0.2436701457
0.2792053753
0.3147406048
0.3604287572
0.4111933708
0.4721109073
0.5381049051
0.6142518256
0.7005516689
0.7970044349
0.9137630463
1.040674581
1.18789196
1.355415185
1.548320717
1.771685018
2.020431625
2.309789923
2.639759912
3.015418053
3.441840808
3.929181099
4.48759185
5.127225982
5.858236419
6.690776084
7.645150821
8.731513554
9.970170128
11.39157931
13.01097049
14.85880243
16.97568682
19.39208243
22.14860095
25.30108346
28.90029457
33.00715182
37.70795505
43.06869825
49.19598712
56.19642735
64.191854
73.32440801
83.76161258
95.67606741
109.2911368
124.840338
142.6028763
162.8884159
186.0675385
212.5412846
242.7817649
277.3220081
316.7813423
361.8552428
413.3356375
472.1464425
539.3283322
616.0641223
703.7193807
803.8424283
918.2151029
1048.862913
1198.095648
1368.56322
1563.281049
1785.71128
2039.783095
2330.009468
2661.527778
