3.252450339e-07
3.225192182e-07
3.22909335e-07
3.237596795e-07
3.247406008e-07
3.257706804e-07
3.268220422e-07
3.278830668e-07
3.289482242e-07
3.3001462e-07
3.310806277e-07
3.321452828e-07
3.332079893e-07
3.342683672e-07
3.353261693e-07
3.363812325e-07
3.374334489e-07
3.384827479e-07
3.395290843e-07
3.405724312e-07
3.416127742e-07
3.426501084e-07
3.436844358e-07
3.447157631e-07
3.457441012e-07
3.467694635e-07
3.477918658e-07
3.488113252e-07
3.498278603e-07
3.508414904e-07
3.518522355e-07
3.528601162e-07
3.538651532e-07
3.548673677e-07
3.558667808e-07
3.568634137e-07
3.578572878e-07
3.588484242e-07
3.598368441e-07
3.608225685e-07
3.618056182e-07
3.627860139e-07
3.637637764e-07
3.647389259e-07
3.657114826e-07
3.666814666e-07
3.676488976e-07
3.686137953e-07
3.69576179e-07
3.70536068e-07
3.714934812e-07
3.724484374e-07
3.734009551e-07
3.743510527e-07
3.752987484e-07
3.762440599e-07
3.771870052e-07
3.781276017e-07
3.790658666e-07
3.800018172e-07
3.809354704e-07
3.818668428e-07
3.82795951e-07
3.837228114e-07
3.8464744e-07
3.864900658e-07
3.874080944e-07
3.883239539e-07
3.892376598e-07
3.910586705e-07
3.919660049e-07
3.928712449e-07
3.946754989e-07
3.955745413e-07
3.964715458e-07
3.982594962e-07
3.991504692e-07
4.009264774e-07
4.018115387e-07
4.035758402e-07
4.044551058e-07
4.06207929e-07
4.07953223e-07
4.088230767e-07
4.105572565e-07
4.122841437e-07
4.131448811e-07
4.148609997e-07
4.1657005e-07
4.182721185e-07
4.199672902e-07
4.216556481e-07
4.224972974e-07
4.241755869e-07
4.258472633e-07
4.283425476e-07
4.299980272e-07
4.316471585e-07
4.332900142e-07
4.349266651e-07
4.365571811e-07
4.389916016e-07
4.406070771e-07
4.422166518e-07
4.446200901e-07
4.462151912e-07
4.485972096e-07
4.501782206e-07
4.525393819e-07
4.548882887e-07
4.564475121e-07
4.587764122e-07
4.61093551e-07
4.633991046e-07
4.656932454e-07
4.679761409e-07
4.702479551e-07
4.725088477e-07
4.747589747e-07
4.769984885e-07
4.792275379e-07
4.821835764e-07
4.843887681e-07
4.865839671e-07
4.89495587e-07
4.91667988e-07
4.945496801e-07
4.974146796e-07
5.002632733e-07
5.023891202e-07
5.052096694e-07
5.080145606e-07
5.108040516e-07
5.135783933e-07
5.170253882e-07
5.197665271e-07
5.224932869e-07
5.258818569e-07
5.285770741e-07
5.319268937e-07
5.345916382e-07
5.379040072e-07
5.411961058e-07
5.444683014e-07
5.477209509e-07
5.509544003e-07
5.541689858e-07
5.58002047e-07
5.611762677e-07
5.649617946e-07
5.680971339e-07
5.718368525e-07
5.755522753e-07
5.792438699e-07
5.82912089e-07
5.865573711e-07
5.901801412e-07
5.937808114e-07
5.97954194e-07
6.015083362e-07
6.05628478e-07
6.097207826e-07
6.13785807e-07
6.178240895e-07
6.218361512e-07
6.263899036e-07
6.303474555e-07
6.348401676e-07
6.393013125e-07
6.437315466e-07
6.481315036e-07
6.525017961e-07
6.568430162e-07
6.616928505e-07
6.659741701e-07
6.707579967e-07
6.755079516e-07
6.807468154e-07
6.854275639e-07
6.900765694e-07
6.95205676e-07
7.002972239e-07
7.053520263e-07
7.103708677e-07
7.158509608e-07
7.207967164e-07
7.261981524e-07
7.31559716e-07
7.368822775e-07
7.426452118e-07
7.478889004e-07
7.535676831e-07
7.592039991e-07
7.647987873e-07
7.708139935e-07
7.767826311e-07
7.827057654e-07
7.885844218e-07
7.944195877e-07
8.006560658e-07
8.06844352e-07
8.129855469e-07
8.195143442e-07
8.255613179e-07
8.319914611e-07
8.387959644e-07
8.451254436e-07
8.518250645e-07
8.584724164e-07
8.654793034e-07
8.720226049e-07
8.789215045e-07
8.861676998e-07
8.929573538e-07
9.000905932e-07
9.075593194e-07
9.145787124e-07
9.21930111e-07
9.296056414e-07
9.368391679e-07
9.44393572e-07
9.522612201e-07
9.600644172e-07
9.678047222e-07
9.758477881e-07
9.838251248e-07
9.917383185e-07
9.999442728e-07
1.008083456e-06
1.016507063e-06
1.024861463e-06
1.033148335e-06
1.041710423e-06
1.050541001e-06
1.059297999e-06
1.067983224e-06
1.076928393e-06
1.085799903e-06
1.0949241e-06
1.103972922e-06
1.113267417e-06
1.122801487e-06
1.132255316e-06
1.141630898e-06
1.151238826e-06
1.161073337e-06
1.170825286e-06
1.180797675e-06
1.190686587e-06
1.200790034e-06
1.211102649e-06
1.221328237e-06
1.231757476e-06
1.242385239e-06
1.252922908e-06
1.263653967e-06
1.274573534e-06
1.285400398e-06
1.296685076e-06
1.307600726e-06
1.318964998e-06
1.330232249e-06
1.341669809e-06
1.353273362e-06
1.365038681e-06
1.376961623e-06
1.38878228e-06
1.400756957e-06
1.413133237e-06
1.42540214e-06
1.437566417e-06
1.45011891e-06
1.462806717e-06
1.475626353e-06
1.488335661e-06
1.501410914e-06
1.514608026e-06
1.527923846e-06
1.541124717e-06
1.554670825e-06
1.568326647e-06
1.582089346e-06
1.595956163e-06
1.609924414e-06
1.624210317e-06
1.63837178e-06
1.652842119e-06
1.667400162e-06
1.682043638e-06
1.696979798e-06
1.711993398e-06
1.727082423e-06
1.742448916e-06
1.757883431e-06
1.773384196e-06
1.789148173e-06
1.804971563e-06
1.820852823e-06
1.836983967e-06
1.853358483e-06
1.869779892e-06
1.886435417e-06
1.903318924e-06
1.920239304e-06
1.937195596e-06
1.954550657e-06
1.971933463e-06
1.989521987e-06
2.007310833e-06
2.025119198e-06
2.043294584e-06
2.061482424e-06
2.07985334e-06
2.098571957e-06
2.11729327e-06
2.136183656e-06
2.155403642e-06
2.174617544e-06
2.194149641e-06
2.213830933e-06
2.233657493e-06
2.253625503e-06
2.273887628e-06
2.29428112e-06
2.314802525e-06
2.335600738e-06
2.356668457e-06
2.377848998e-06
2.399139389e-06
2.420830566e-06
2.442620721e-06
2.464507243e-06
2.486773649e-06
2.509126393e-06
2.531703689e-06
2.554499612e-06
2.577508385e-06
2.600861146e-06
2.624277688e-06
2.647890672e-06
2.671828052e-06
2.695949284e-06
2.720249506e-06
2.744853595e-06
2.769625051e-06
2.794686749e-06
2.819904834e-06
2.845400213e-06
2.871165538e-06
2.897070841e-06
2.923355857e-06
2.949769254e-06
2.976427193e-06
3.003441678e-06
3.030568406e-06
3.058037159e-06
3.085723535e-06
3.113736066e-06
3.141952815e-06
3.17048063e-06
3.199199999e-06
3.228216107e-06
3.257411815e-06
3.286998968e-06
3.316859844e-06
3.346987175e-06
3.37737389e-06
3.408013108e-06
3.438898142e-06
3.470125086e-06
3.501684867e-06
3.533467875e-06
3.565568069e-06
3.597977032e-06
3.630686574e-06
3.663688719e-06
3.697072039e-06
3.730635465e-06
3.76456347e-06
3.798846379e-06
3.833381844e-06
3.86825527e-06
3.903457695e-06
3.938980393e-06
3.974904507e-06
4.011041712e-06
4.04756245e-06
4.084456549e-06
4.121627639e-06
4.159239762e-06
4.197111369e-06
4.235319758e-06
4.273939413e-06
4.312876772e-06
4.352205339e-06
4.391914742e-06
4.431994885e-06
4.472356217e-06
4.51314934e-06
4.554362809e-06
4.595907882e-06
4.637852694e-06
4.68018666e-06
4.72289948e-06
4.765981136e-06
4.809496062e-06
4.853432789e-06
4.897707302e-06
4.942455098e-06
4.987592094e-06
5.033108013e-06
5.079133414e-06
5.125515517e-06
5.172382967e-06
5.219654526e-06
5.267319536e-06
5.315501995e-06
5.364055068e-06
5.413100973e-06
5.462626702e-06
5.51255479e-06
5.563003102e-06
5.613894261e-06
5.66521661e-06
5.717083841e-06
5.769357678e-06
5.822150248e-06
5.875447899e-06
5.92923734e-06
5.983505644e-06
6.038299464e-06
6.093546289e-06
6.149350597e-06
6.205697741e-06
6.262516325e-06
6.31990726e-06
6.3777994e-06
6.436235241e-06
6.495200541e-06
6.554736072e-06
6.614826898e-06
6.675458491e-06
6.73661672e-06
6.798393246e-06
6.860719666e-06
6.923685163e-06
6.98717042e-06
7.051263603e-06
7.115948854e-06
7.181260692e-06
7.247133288e-06
7.313650184e-06
7.380794603e-06
7.448550226e-06
7.516901181e-06
7.58592669e-06
7.655609229e-06
7.725931749e-06
7.796877667e-06
7.868522188e-06
7.940801951e-06
8.013790258e-06
8.087424317e-06
8.161775596e-06
8.236825564e-06
8.312556195e-06
8.388992859e-06
8.466117375e-06
8.543996347e-06
8.622610353e-06
8.701940504e-06
8.782050486e-06
8.862879603e-06
8.944449751e-06
9.02678192e-06
9.109935806e-06
9.19381188e-06
9.278508436e-06
9.363965964e-06
9.450279731e-06
9.537352143e-06
9.625276562e-06
9.713994102e-06
9.803558419e-06
9.893984583e-06
9.985250743e-06
1.007737157e-05
1.017036105e-05
1.026419726e-05
1.035896379e-05
1.04546025e-05
1.055112583e-05
1.064857968e-05
1.074697443e-05
1.084625303e-05
1.09464929e-05
1.104766998e-05
1.114982606e-05
1.125293672e-05
1.135704224e-05
1.146211786e-05
1.156817097e-05
1.167523975e-05
1.178332995e-05
1.189244698e-05
1.200262624e-05
1.211381141e-05
1.222609722e-05
1.233942696e-05
1.245383376e-05
1.256932031e-05
1.268594674e-05
1.280365661e-05
1.292250855e-05
1.304247477e-05
1.316361181e-05
1.328589126e-05
1.340936761e-05
1.353401195e-05
1.365984996e-05
1.378690627e-05
1.391517808e-05
1.404468871e-05
1.417543453e-05
1.430743765e-05
1.444074476e-05
1.457532486e-05
1.471119803e-05
1.484838351e-05
1.498689972e-05
1.512676428e-05
1.526799405e-05
1.541058112e-05
1.555456536e-05
1.569993786e-05
1.584673671e-05
1.599495209e-05
1.614464349e-05
1.629577683e-05
1.644838699e-05
1.660250754e-05
1.67581262e-05
1.691527514e-05
1.70739634e-05
1.723422128e-05
1.73960564e-05
1.755949733e-05
1.772452919e-05
1.789122147e-05
1.805953706e-05
1.822954325e-05
1.8401223e-05
1.857460035e-05
1.874971858e-05
1.892657943e-05
1.910520429e-05
1.928563339e-05
1.946784703e-05
1.965188405e-05
1.98377819e-05
2.002553869e-05
2.021519019e-05
2.040675222e-05
2.060025853e-05
2.079570488e-05
2.099314186e-05
2.119258212e-05
2.139405578e-05
2.159757412e-05
2.180316565e-05
2.20108579e-05
2.222067748e-05
2.243265009e-05
2.264680056e-05
2.28631529e-05
2.308174716e-05
2.330258867e-05
2.352569916e-05
2.3751149e-05
2.397892474e-05
2.420907812e-05
2.444162715e-05
2.46766052e-05
2.491404464e-05
2.515397687e-05
2.539643235e-05
2.564142517e-05
2.58890304e-05
2.613922955e-05
2.639209539e-05
2.664765357e-05
2.690592905e-05
2.716694614e-05
2.743077246e-05
2.769741556e-05
2.796694059e-05
2.823935364e-05
2.851471758e-05
2.879305127e-05
2.907441519e-05
2.935882651e-05
2.96463435e-05
2.993700921e-05
3.023085205e-05
3.052792687e-05
3.082827374e-05
3.113194515e-05
3.143896591e-05
3.174939979e-05
3.206328296e-05
3.238067677e-05
3.270161546e-05
3.302615815e-05
3.335435002e-05
3.368624793e-05
3.402190755e-05
3.4361371e-05
3.470469201e-05
3.505193549e-05
3.540315291e-05
3.575840687e-05
3.61177468e-05
3.648123322e-05
3.684893737e-05
3.72209057e-05
3.759721896e-05
3.797792162e-05
3.836309215e-05
3.875279615e-05
3.914708682e-05
3.954605056e-05
3.994974979e-05
4.035825724e-05
4.077165559e-05
4.11899932e-05
