4.437388193e-11
2.044297482e-11
1.72042139e-11
1.340874878e-11
1.00479214e-11
8.3901328e-12
4.942648593e-12
5.117358138e-12
2.534336778e-12
4.732977095e-12
4.067456128e-12
4.445770561e-12
4.147378155e-12
3.298229373e-12
3.234591858e-12
1.684478068e-12
2.313497938e-12
1.756294078e-12
2.626681565e-12
2.430867852e-12
2.603987194e-12
2.379934746e-12
1.861099122e-12
1.901373104e-12
5.879521395e-13
1.657799733e-12
1.422175907e-12
1.817560731e-12
1.802819846e-12
1.724967207e-12
1.639014829e-12
1.168522873e-12
1.288362538e-12
5.17037197e-13
1.318237308e-12
1.20274598e-12
1.425301292e-12
1.434298157e-12
1.228878715e-12
1.242971711e-12
7.429566101e-13
9.198448132e-13
6.607381584e-13
1.114348988e-12
1.044084179e-12
1.177888545e-12
1.130573131e-12
9.240329124e-13
9.577371718e-13
4.182143804e-13
8.186415323e-13
6.88974432e-13
9.533157499e-13
9.435680014e-13
9.675617198e-13
9.17083653e-13
7.030990979e-13
7.589703927e-13
1.737882616e-13
7.501758292e-13
6.867623495e-13
8.406194732e-13
8.617123465e-13
7.76671719e-13
7.758165329e-13
6.0362566e-13
3.674976389e-13
6.958128247e-13
6.4906466e-13
7.488025824e-13
6.29888488e-13
6.528849478e-13
5.316718363e-13
4.315664676e-13
6.445476604e-13
6.844491756e-13
6.457427308e-13
5.486336848e-13
1.513935363e-13
4.635389529e-13
5.934322621e-13
5.79389311e-13
4.060267159e-13
4.604602825e-13
5.014754188e-13
5.573706379e-13
5.646967388e-13
5.032887594e-13
3.884655623e-13
4.857174521e-13
5.236697699e-13
4.17386045e-13
4.37045289e-13
3.930603219e-13
4.586409566e-13
4.525837733e-13
3.797521616e-13
3.905800039e-13
4.410063926e-13
4.06391685e-13
2.730438301e-13
3.872567601e-13
4.231976553e-13
3.544668703e-13
3.155533591e-13
3.767963915e-13
3.801964934e-13
3.280241481e-13
2.931139738e-13
3.539255724e-13
2.536959259e-13
3.224175204e-13
3.599209482e-13
2.000267078e-13
3.220042847e-13
3.328037438e-13
1.381286619e-13
3.143820542e-13
3.108774541e-13
1.397821592e-13
3.105907104e-13
1.99515799e-13
2.811506564e-13
2.993425677e-13
2.39640074e-13
2.787660956e-13
2.456781888e-13
2.768777992e-13
1.984174857e-13
2.511726391e-13
2.426064503e-13
1.860675513e-13
2.596971149e-13
2.232504553e-13
2.48811931e-13
2.291436989e-13
2.314656323e-13
2.333216991e-13
2.155864198e-13
2.335754091e-13
1.972648188e-13
2.348405784e-13
1.957136346e-13
2.336245578e-13
1.761953443e-13
1.972738458e-13
2.219692954e-13
1.510268736e-13
2.068326333e-13
2.077885349e-13
1.479745689e-13
2.127737148e-13
2.141687062e-13
1.623962981e-13
2.004154139e-13
2.129872689e-13
1.853230987e-13
1.860353814e-13
1.996103548e-13
2.104580796e-13
2.031531518e-13
1.936946811e-13
1.831997533e-13
1.946297212e-13
2.017143693e-13
1.979286957e-13
2.038230303e-13
1.974447809e-13
2.005114215e-13
1.90485706e-13
1.969671164e-13
1.836786684e-13
1.933564828e-13
1.965600795e-13
1.838585741e-13
1.895663995e-13
1.946921168e-13
2.050189686e-13
2.026892518e-13
2.003362759e-13
1.999643221e-13
1.818945067e-13
2.014778087e-13
2.036754846e-13
2.061720293e-13
1.944799848e-13
1.986666342e-13
2.109043767e-13
2.079579676e-13
2.043670262e-13
2.136206692e-13
2.005667111e-13
2.150642833e-13
2.13716514e-13
2.172296842e-13
2.093702715e-13
2.199489456e-13
2.164462101e-13
2.230153508e-13
2.222272819e-13
2.230444307e-13
2.278210806e-13
2.283679289e-13
2.267577593e-13
2.289155282e-13
2.322656334e-13
2.351619434e-13
2.355945563e-13
2.360381197e-13
2.401337876e-13
2.40892045e-13
2.408739195e-13
2.448957913e-13
2.480146905e-13
2.504590355e-13
2.517679052e-13
2.527865258e-13
2.529608349e-13
2.587364072e-13
2.585990407e-13
2.598328192e-13
2.64160208e-13
2.65945625e-13
2.692149382e-13
2.711601547e-13
2.717201706e-13
2.762167975e-13
2.770293702e-13
2.784075267e-13
2.828327855e-13
2.852840472e-13
2.88352726e-13
2.906987177e-13
2.932101359e-13
2.957521547e-13
2.975851856e-13
2.992398963e-13
3.023736556e-13
3.063965851e-13
3.086035388e-13
3.114927916e-13
3.141567575e-13
3.170499347e-13
3.187564519e-13
3.228507971e-13
3.257412499e-13
3.281480391e-13
3.313320702e-13
3.336097278e-13
3.367586532e-13
3.405011672e-13
3.436067347e-13
3.4665044e-13
3.492043974e-13
3.53067362e-13
3.553825411e-13
3.592534873e-13
3.625728617e-13
3.658166143e-13
3.686428244e-13
3.723544953e-13
3.75436663e-13
3.78724832e-13
3.826937624e-13
3.862174414e-13
3.89588284e-13
3.933325656e-13
3.966990925e-13
4.001396383e-13
4.041155582e-13
4.077505311e-13
4.114852526e-13
4.151693556e-13
4.187730737e-13
4.22820212e-13
4.26559093e-13
4.305706084e-13
4.345396004e-13
4.383790364e-13
4.423982138e-13
4.464265144e-13
4.505987832e-13
4.54496814e-13
4.587908655e-13
4.629773357e-13
4.671045919e-13
4.714763948e-13
4.757591635e-13
4.799952027e-13
4.845714589e-13
4.8885691e-13
4.933954591e-13
4.979634818e-13
5.025460867e-13
5.070959765e-13
5.117673866e-13
5.164454278e-13
5.211429929e-13
5.25853262e-13
5.307314716e-13
5.355814816e-13
5.403893152e-13
5.454650759e-13
5.504693556e-13
5.554647189e-13
5.60545627e-13
5.656772391e-13
5.708690929e-13
5.761187281e-13
5.813516174e-13
5.866577333e-13
5.920824432e-13
5.974769298e-13
6.029804388e-13
6.085114571e-13
6.140492753e-13
6.197208478e-13
6.253727e-13
6.310924566e-13
6.369053037e-13
6.427302071e-13
6.485823669e-13
6.545718604e-13
6.605553778e-13
6.665899162e-13
6.72689629e-13
6.789132611e-13
6.851304039e-13
6.913871423e-13
6.977607264e-13
7.041652082e-13
7.105978377e-13
7.171374558e-13
7.237031325e-13
7.303376944e-13
7.370228039e-13
7.437912775e-13
7.506412054e-13
7.575101533e-13
7.644400991e-13
7.714750086e-13
7.785548251e-13
7.856949502e-13
7.929158153e-13
8.001868998e-13
8.075461613e-13
8.149437642e-13
8.224244074e-13
8.299891879e-13
8.375955661e-13
8.453091464e-13
8.530591492e-13
8.608846433e-13
8.688125822e-13
8.767700701e-13
8.848292866e-13
8.929558358e-13
9.011735354e-13
9.094572413e-13
9.178298445e-13
9.262562916e-13
9.347745521e-13
9.433400673e-13
9.520264234e-13
9.607901911e-13
9.696329507e-13
9.785493787e-13
9.875464951e-13
9.96611035e-13
1.005776071e-12
1.015043843e-12
1.024373628e-12
1.033798058e-12
1.043314422e-12
1.052918458e-12
1.062610424e-12
1.072414099e-12
1.082270812e-12
1.092235676e-12
1.102306819e-12
1.112452029e-12
1.122696825e-12
1.133038766e-12
1.14347732e-12
1.154033812e-12
1.164652802e-12
1.175386803e-12
1.186233076e-12
1.197160056e-12
1.208219628e-12
1.219356017e-12
1.230592456e-12
1.241950763e-12
1.253404081e-12
1.264975138e-12
1.276659126e-12
1.288453653e-12
1.300332642e-12
1.312341156e-12
1.324474806e-12
1.336707665e-12
1.34906227e-12
1.361532254e-12
1.37411631e-12
1.386812105e-12
1.399637621e-12
1.412589832e-12
1.425644406e-12
1.438841243e-12
1.452155289e-12
1.465584472e-12
1.479166997e-12
1.492857586e-12
1.506694661e-12
1.520654383e-12
1.534733418e-12
1.548969064e-12
1.56331748e-12
1.577815366e-12
1.592458656e-12
1.607224836e-12
1.622148518e-12
1.637206674e-12
1.652397012e-12
1.66775256e-12
1.683232431e-12
1.698870182e-12
1.714662367e-12
1.730604466e-12
1.746693516e-12
1.762943012e-12
1.779332201e-12
1.795891857e-12
1.812618461e-12
1.829491054e-12
1.846540103e-12
1.863743877e-12
1.881115421e-12
1.898649978e-12
1.916359984e-12
1.934240839e-12
1.952288519e-12
1.970498581e-12
1.988898755e-12
2.007468498e-12
2.026234691e-12
2.045161798e-12
2.064276616e-12
2.083574409e-12
2.103065946e-12
2.122731644e-12
2.142596873e-12
2.162656816e-12
2.182907239e-12
2.203343507e-12
2.223989767e-12
2.244841195e-12
2.265893283e-12
2.287141353e-12
2.308608537e-12
2.330276328e-12
2.352167212e-12
2.374262921e-12
2.396585502e-12
2.419130007e-12
2.441891584e-12
2.464878443e-12
2.488085835e-12
2.51153434e-12
2.53521884e-12
2.559134402e-12
2.583302151e-12
2.607709505e-12
2.63236428e-12
2.657273324e-12
2.682455484e-12
2.707881202e-12
2.733581003e-12
2.759537621e-12
2.785780749e-12
2.812281552e-12
2.839069288e-12
2.866126979e-12
2.893471889e-12
2.921109581e-12
2.949034377e-12
2.977251799e-12
3.005767208e-12
3.03457493e-12
3.063701856e-12
3.093131302e-12
3.122868317e-12
3.152928312e-12
3.183315835e-12
3.214013608e-12
3.245044606e-12
3.276400537e-12
3.308093731e-12
3.340116149e-12
3.372480049e-12
3.405177691e-12
3.438211484e-12
3.471593676e-12
3.505326587e-12
3.539412609e-12
3.573863678e-12
3.608663369e-12
3.643843143e-12
3.67938712e-12
3.715312806e-12
3.751634074e-12
3.788340575e-12
3.825383108e-12
3.86275113e-12
3.900409212e-12
3.938350592e-12
3.976543925e-12
4.014985708e-12
4.053648251e-12
4.092522582e-12
4.131600922e-12
4.170868673e-12
4.210320677e-12
4.249944874e-12
4.289738267e-12
4.329706424e-12
4.3698327e-12
4.410116904e-12
4.450559361e-12
4.491161222e-12
4.531924515e-12
4.572851458e-12
4.613938593e-12
4.655197478e-12
4.696626399e-12
4.738237704e-12
4.780030674e-12
4.822024658e-12
4.864213542e-12
4.906610974e-12
4.949231373e-12
4.992082476e-12
5.035186724e-12
5.078559867e-12
5.122223869e-12
5.166194277e-12
5.210491896e-12
5.25527916e-12
5.301394872e-12
5.348745538e-12
5.397122555e-12
5.44630741e-12
5.496106658e-12
5.546345123e-12
5.596847728e-12
5.647456377e-12
5.698028731e-12
5.74841551e-12
5.798492999e-12
5.848145148e-12
5.897253058e-12
5.945714901e-12
5.993429902e-12
6.040307575e-12
6.086253466e-12
6.131190815e-12
6.175037769e-12
6.217720084e-12
6.259162888e-12
6.299297531e-12
6.338090193e-12
6.375570314e-12
6.411772115e-12
6.446727372e-12
6.480465385e-12
6.513015706e-12
6.544400954e-12
6.574644425e-12
6.603773229e-12
6.631799086e-12
6.658739452e-12
6.684605554e-12
6.709403853e-12
6.733117399e-12
6.755723438e-12
6.777979817e-12
6.805232839e-12
6.838036128e-12
6.875821736e-12
6.918049053e-12
6.96418817e-12
7.013727334e-12
7.066174164e-12
7.121065598e-12
7.177946788e-12
7.23639504e-12
7.295994255e-12
7.356358968e-12
7.417111141e-12
7.477897379e-12
7.538368849e-12
7.598197685e-12
7.657062893e-12
7.714648821e-12
7.770651203e-12
7.824766653e-12
7.876695458e-12
7.926132149e-12
7.972758011e-12
8.016207727e-12
8.056104766e-12
8.092055012e-12
8.123648818e-12
8.150451159e-12
8.171998342e-12
8.187789752e-12
8.197279801e-12
8.199870024e-12
8.194896753e-12
8.181617497e-12
8.15919722e-12
8.126700274e-12
8.083054742e-12
8.028480894e-12
7.975053283e-12
7.925882473e-12
7.881162902e-12
7.841113414e-12
7.805988022e-12
7.776080521e-12
7.751727845e-12
7.733323009e-12
7.721322753e-12
7.716261138e-12
7.718765852e-12
