1.40345336e-09
7.756657175e-10
5.865059646e-10
5.023384895e-10
4.574463708e-10
4.306868511e-10
4.134538534e-10
4.016988326e-10
3.933144322e-10
3.871169395e-10
3.824003728e-10
3.787226758e-10
3.757956438e-10
3.734248637e-10
3.714753099e-10
3.698508068e-10
3.684813238e-10
3.67314867e-10
3.663121626e-10
3.654430846e-10
3.646842012e-10
3.640170585e-10
3.634269566e-10
3.629020642e-10
3.624327682e-10
3.620111894e-10
3.616308178e-10
3.612862347e-10
3.609728983e-10
3.606869777e-10
3.604252221e-10
3.601848578e-10
3.599635054e-10
3.597591142e-10
3.59569908e-10
3.593943426e-10
3.592310692e-10
3.590789053e-10
3.589368107e-10
3.58803867e-10
3.586792606e-10
3.585622685e-10
3.584522466e-10
3.58348619e-10
3.582508698e-10
3.581585352e-10
3.580711979e-10
3.579884808e-10
3.579100428e-10
3.578355747e-10
3.577647955e-10
3.576974491e-10
3.576333024e-10
3.575721419e-10
3.575137724e-10
3.574580148e-10
3.574047045e-10
3.573536904e-10
3.573048329e-10
3.572580033e-10
3.572130828e-10
3.571699614e-10
3.57128537e-10
3.570887152e-10
3.57050408e-10
3.570135338e-10
3.569780164e-10
3.569107735e-10
3.568789198e-10
3.568481663e-10
3.568184589e-10
3.567897468e-10
3.567619824e-10
3.567091211e-10
3.566839427e-10
3.56659549e-10
3.566359048e-10
3.565907355e-10
3.565691497e-10
3.565481924e-10
3.565080596e-10
3.564888356e-10
3.564519614e-10
3.564342699e-10
3.56400283e-10
3.563839523e-10
3.563525348e-10
3.563374176e-10
3.563082956e-10
3.562942647e-10
3.562672016e-10
3.56241395e-10
3.562289365e-10
3.562048604e-10
3.561818452e-10
3.561707143e-10
3.561491666e-10
3.561285223e-10
3.56108727e-10
3.560897305e-10
3.560714864e-10
3.560539519e-10
3.560370871e-10
3.560208552e-10
3.56005222e-10
3.559901555e-10
3.559756262e-10
3.559616063e-10
3.5594807e-10
3.559349931e-10
3.559161905e-10
3.559041668e-10
3.558925296e-10
3.558757595e-10
3.558650122e-10
3.558495019e-10
3.558395478e-10
3.558251627e-10
3.558159186e-10
3.558025426e-10
3.557939362e-10
3.557814683e-10
3.557695022e-10
3.557580087e-10
3.557469609e-10
3.557398309e-10
3.557294711e-10
3.557194943e-10
3.557098798e-10
3.557006087e-10
3.556887507e-10
3.556802136e-10
3.556719651e-10
3.55663991e-10
3.556537629e-10
3.556463789e-10
3.556368948e-10
3.556300389e-10
3.556212218e-10
3.5561484e-10
3.55606623e-10
3.555987221e-10
3.5559112e-10
3.555838002e-10
3.555784865e-10
3.555716249e-10
3.555633885e-10
3.555570567e-10
3.555509411e-10
3.555450312e-10
3.555379179e-10
3.555324352e-10
3.555258275e-10
3.555207282e-10
3.555145753e-10
3.555086554e-10
3.555040789e-10
3.554985473e-10
3.554932156e-10
3.554880734e-10
3.554831111e-10
3.554773811e-10
3.554727837e-10
3.554683394e-10
3.554631981e-10
3.554582552e-10
3.554542798e-10
3.554496729e-10
3.554452357e-10
3.554409592e-10
3.554368353e-10
3.554328564e-10
3.554290153e-10
3.554246992e-10
3.554211343e-10
3.554171241e-10
3.55413266e-10
3.554100741e-10
3.554064778e-10
3.554030122e-10
3.553996709e-10
3.553959967e-10
3.553929017e-10
3.553894945e-10
3.553866216e-10
3.553834557e-10
3.553804091e-10
3.553774758e-10
3.553746502e-10
3.553715938e-10
3.553689802e-10
3.553661504e-10
3.553637285e-10
3.553611039e-10
3.553585802e-10
3.553561525e-10
3.553535621e-10
3.553513223e-10
3.553489306e-10
3.553466359e-10
3.553444334e-10
3.553423188e-10
3.553402878e-10
3.553383367e-10
3.553362784e-10
3.553343078e-10
3.553324208e-10
3.553306133e-10
3.553288818e-10
3.553270755e-10
3.553253513e-10
3.553237055e-10
3.553221343e-10
3.553206344e-10
3.553190864e-10
3.553177253e-10
3.553163208e-10
3.553149861e-10
3.553136232e-10
3.553124239e-10
3.553112003e-10
3.553100443e-10
3.553088774e-10
3.553078524e-10
3.553068197e-10
3.553058521e-10
3.553049469e-10
3.553040471e-10
3.553032124e-10
3.553024402e-10
3.553017279e-10
3.553010341e-10
3.553004026e-10
3.552998311e-10
3.55299317e-10
3.552988331e-10
3.55298409e-10
3.552980423e-10
3.552977153e-10
3.552974478e-10
3.552972375e-10
3.552970759e-10
3.552969771e-10
3.552969278e-10
3.552969374e-10
3.552970049e-10
3.552971291e-10
3.552973184e-10
3.552975661e-10
3.552978704e-10
3.552982473e-10
3.552986825e-10
3.552991968e-10
3.552997458e-10
3.55300403e-10
3.553010917e-10
3.553018676e-10
3.553027361e-10
3.55303666e-10
3.553046555e-10
3.553057448e-10
3.553068954e-10
3.55308152e-10
3.553094716e-10
3.553108528e-10
3.55312347e-10
3.553139594e-10
3.553156384e-10
3.553174417e-10
3.553193134e-10
3.553212521e-10
3.553233225e-10
3.553255298e-10
3.553278093e-10
3.553302321e-10
3.553327291e-10
3.553353759e-10
3.55338099e-10
3.553409785e-10
3.553440199e-10
3.553471432e-10
3.553504351e-10
3.553538113e-10
3.553574553e-10
3.553610961e-10
3.553650163e-10
3.553690303e-10
3.553732387e-10
3.553775438e-10
3.553820506e-10
3.553867652e-10
3.553916939e-10
3.553967298e-10
3.554019875e-10
3.554074736e-10
3.554131943e-10
3.554190336e-10
3.55425116e-10
3.554314481e-10
3.554380368e-10
3.554448891e-10
3.55452012e-10
3.554592743e-10
3.554669574e-10
3.554747891e-10
3.554829153e-10
3.554913434e-10
3.555000811e-10
3.555091362e-10
3.555185166e-10
3.555282302e-10
3.555382852e-10
3.555488565e-10
3.555596222e-10
3.555707545e-10
3.555822619e-10
3.555941532e-10
3.556066196e-10
3.556194942e-10
3.556325975e-10
3.556463133e-10
3.556604653e-10
3.556752624e-10
3.556903196e-10
3.557060485e-10
3.557222602e-10
3.557391783e-10
3.557566072e-10
3.557745575e-10
3.557930401e-10
3.558122942e-10
3.558321103e-10
3.558527359e-10
3.558739543e-10
3.558960215e-10
3.559187131e-10
3.559422942e-10
3.559665324e-10
3.559917019e-10
3.560175623e-10
3.560443971e-10
3.560722328e-10
3.561008166e-10
3.561304466e-10
3.561611505e-10
3.561929567e-10
3.562255948e-10
3.562596876e-10
3.562946614e-10
3.563308454e-10
3.563682702e-10
3.564069671e-10
3.564469675e-10
3.564883037e-10
3.565310082e-10
3.565751141e-10
3.566206552e-10
3.566680245e-10
3.567165445e-10
3.567669746e-10
3.568189915e-10
3.568730152e-10
3.569283217e-10
3.569861183e-10
3.570452732e-10
3.571066246e-10
3.571702317e-10
3.572357316e-10
3.573035948e-10
3.573734463e-10
3.574457723e-10
3.575206367e-10
3.575981047e-10
3.576777753e-10
3.577601675e-10
3.578453491e-10
3.579338796e-10
3.580248562e-10
3.581188325e-10
3.582158807e-10
3.583165972e-10
3.584200182e-10
3.585272744e-10
3.58637919e-10
3.58752588e-10
3.588708199e-10
3.589932714e-10
3.591194653e-10
3.592500796e-10
3.593846211e-10
3.595237896e-10
3.596677002e-10
3.598164701e-10
3.59970218e-10
3.60128408e-10
3.602924642e-10
3.604618646e-10
3.606367346e-10
3.608172013e-10
3.610041042e-10
3.611968856e-10
3.613956775e-10
3.616013596e-10
3.618141028e-10
3.620333108e-10
3.622599046e-10
3.624940622e-10
3.627359636e-10
3.629857912e-10
3.632437297e-10
3.63509966e-10
3.637855491e-10
3.640698374e-10
3.643630248e-10
3.646662082e-10
3.649787123e-10
3.653016672e-10
3.656353183e-10
3.659799141e-10
3.663357058e-10
3.667029472e-10
3.670828997e-10
3.674738281e-10
3.678780195e-10
3.682957857e-10
3.687263731e-10
3.691711359e-10
3.69630395e-10
3.701033556e-10
3.70592565e-10
3.710972508e-10
3.716189158e-10
3.721567594e-10
3.72711119e-10
3.732835585e-10
3.738744744e-10
3.744842659e-10
3.751133352e-10
3.757620868e-10
3.76432246e-10
3.77122942e-10
3.778359436e-10
3.785703456e-10
3.793293576e-10
3.80110681e-10
3.809176097e-10
3.817492264e-10
3.826074925e-10
3.834929536e-10
3.844046344e-10
3.853445627e-10
3.863148531e-10
3.873145329e-10
3.883441517e-10
3.894058909e-10
3.905003663e-10
3.916281934e-10
3.92789987e-10
3.939880833e-10
3.952231635e-10
3.964941375e-10
3.978034053e-10
3.991516415e-10
4.005413577e-10
4.01973293e-10
4.034462943e-10
4.049648455e-10
4.065258711e-10
4.081339411e-10
4.097898424e-10
4.114943556e-10
4.13248254e-10
4.150523028e-10
4.169093435e-10
4.188201978e-10
4.207856777e-10
4.228087443e-10
4.248880775e-10
4.270266649e-10
4.292253465e-10
4.314872093e-10
4.338108543e-10
4.362017005e-10
4.38656006e-10
4.411792575e-10
4.437723514e-10
4.464361654e-10
4.491739951e-10
4.519842906e-10
4.548728434e-10
4.578380851e-10
4.608808614e-10
4.640071192e-10
4.672152172e-10
4.70506001e-10
4.738855623e-10
4.773521791e-10
4.809093727e-10
4.845580233e-10
4.882989809e-10
4.921385775e-10
4.960721827e-10
5.001061588e-10
5.042441955e-10
5.084814916e-10
5.128273892e-10
5.172769935e-10
5.218397798e-10
5.265107567e-10
5.312965644e-10
5.361980136e-10
5.412158763e-10
5.463539111e-10
5.516159217e-10
5.569996198e-10
5.625087694e-10
5.68150284e-10
5.739186838e-10
5.79820879e-10
5.858607278e-10
5.920357505e-10
5.983529632e-10
6.04813042e-10
6.114133785e-10
6.181642865e-10
6.250664202e-10
6.321170952e-10
6.393234488e-10
6.466893831e-10
6.542121343e-10
6.618989109e-10
6.697468787e-10
6.777666645e-10
6.859554099e-10
6.943169961e-10
7.028553215e-10
7.115708494e-10
7.204674659e-10
7.295490716e-10
7.388160882e-10
7.482759065e-10
7.579254272e-10
7.677720508e-10
7.778196958e-10
7.88068734e-10
7.985230643e-10
8.091830155e-10
8.200596464e-10
8.311461096e-10
8.424534879e-10
8.539820906e-10
8.657358215e-10
8.777185884e-10
8.899343028e-10
9.023832183e-10
9.150728937e-10
9.280035688e-10
9.411828252e-10
9.546145841e-10
9.682990624e-10
9.82240157e-10
9.96445486e-10
1.010915242e-09
1.025657059e-09
1.040671111e-09
1.055968795e-09
1.071546533e-09
1.087411983e-09
1.103569054e-09
1.120021657e-09
1.136777479e-09
1.153840444e-09
1.171210675e-09
1.18889967e-09
1.206907552e-09
1.225242039e-09
1.243907051e-09
1.262906504e-09
1.282244308e-09
1.301932035e-09
1.321973613e-09
1.34236913e-09
1.363126338e-09
1.384253e-09
1.405756894e-09
1.427638093e-09
1.449908232e-09
1.472571241e-09
1.495631046e-09
1.519095438e-09
1.542972216e-09
1.56726531e-09
1.591986406e-09
1.617135556e-09
1.642724458e-09
1.668760935e-09
1.69524503e-09
1.722192353e-09
1.749606846e-09
1.777496343e-09
1.805864781e-09
1.834723901e-09
1.864081552e-09
1.893945583e-09
1.924323846e-09
1.955224198e-09
1.986654495e-09
2.018626518e-09
2.051144211e-09
2.084215436e-09
2.117855911e-09
