7.661355145e-11
6.910717591e-11
6.896788142e-11
7.07703553e-11
7.384236237e-11
7.76917937e-11
8.177692657e-11
8.588164313e-11
8.989728486e-11
9.376352782e-11
9.748192196e-11
1.010774402e-10
1.045440274e-10
1.079002005e-10
1.111764788e-10
1.143804038e-10
1.175242687e-10
1.206176533e-10
1.236686798e-10
1.266846845e-10
1.29672655e-10
1.326356876e-10
1.355781549e-10
1.385037481e-10
1.414157439e-10
1.443256113e-10
1.472260034e-10
1.501178758e-10
1.530024042e-10
1.558803848e-10
1.587523268e-10
1.616182799e-10
1.64478561e-10
1.673338614e-10
1.701844808e-10
1.730305303e-10
1.758717987e-10
1.787075359e-10
1.815373401e-10
1.843612912e-10
1.87178748e-10
1.899892675e-10
1.927922955e-10
1.955870938e-10
1.983731759e-10
2.011501357e-10
2.039176835e-10
2.066757137e-10
2.094241242e-10
2.121627063e-10
2.148927483e-10
2.176126861e-10
2.203224515e-10
2.230222212e-10
2.257123619e-10
2.283933686e-10
2.310657857e-10
2.33730028e-10
2.363862377e-10
2.390341238e-10
2.416731244e-10
2.443026169e-10
2.469218491e-10
2.495301771e-10
2.521269889e-10
2.547117101e-10
2.572839195e-10
2.623896462e-10
2.649225984e-10
2.674417183e-10
2.699462858e-10
2.724353592e-10
2.749079962e-10
2.798005933e-10
2.822188474e-10
2.846174675e-10
2.869960594e-10
2.91692385e-10
2.940100206e-10
2.96307453e-10
3.008427341e-10
3.030812624e-10
3.075019854e-10
3.096849314e-10
3.139978619e-10
3.161285985e-10
3.20340483e-10
3.224223323e-10
3.265395637e-10
3.28575605e-10
3.326041399e-10
3.36576724e-10
3.385427087e-10
3.424355387e-10
3.462780272e-10
3.481810215e-10
3.519516443e-10
3.556764415e-10
3.593568509e-10
3.62994194e-10
3.66589771e-10
3.701449729e-10
3.736610993e-10
3.771391996e-10
3.805801288e-10
3.839843213e-10
3.873523235e-10
3.906853997e-10
3.939853868e-10
3.972542831e-10
4.02103331e-10
4.053019917e-10
4.084748055e-10
4.13188145e-10
4.163017866e-10
4.209329101e-10
4.239957892e-10
4.285552795e-10
4.315724295e-10
4.360649587e-10
4.390378942e-10
4.434639621e-10
4.478493814e-10
4.521930816e-10
4.564937013e-10
4.593361085e-10
4.635616188e-10
4.677402868e-10
4.718710149e-10
4.759529029e-10
4.813176803e-10
4.852813554e-10
4.891922846e-10
4.93049368e-10
4.981060527e-10
5.018318317e-10
5.067074496e-10
5.102932208e-10
5.149768384e-10
5.184144856e-10
5.22895303e-10
5.272562867e-10
5.314954113e-10
5.356111215e-10
5.386162288e-10
5.42513557e-10
5.472086834e-10
5.508234573e-10
5.543126469e-10
5.576763588e-10
5.617051972e-10
5.647883221e-10
5.684680492e-10
5.712735414e-10
5.746101009e-10
5.777613524e-10
5.801521152e-10
5.829817601e-10
5.856391869e-10
5.881287333e-10
5.90454717e-10
5.93035937e-10
5.950166121e-10
5.968463202e-10
5.988474607e-10
6.006411805e-10
6.019810027e-10
6.034071314e-10
6.046395097e-10
6.056821456e-10
6.065389302e-10
6.072143073e-10
6.077133273e-10
6.080799779e-10
6.082164068e-10
6.081773223e-10
6.079352557e-10
6.075753134e-10
6.069887025e-10
6.062345046e-10
6.053251557e-10
6.04112034e-10
6.029117277e-10
6.013963157e-10
5.999566507e-10
5.981942776e-10
5.963191321e-10
5.943426191e-10
5.922749011e-10
5.898512098e-10
5.876192183e-10
5.850303682e-10
5.826669482e-10
5.799456746e-10
5.77167358e-10
5.743417576e-10
5.711582676e-10
5.682637444e-10
5.65026384e-10
5.617783802e-10
5.585307186e-10
5.552921371e-10
5.520692461e-10
5.488671146e-10
5.45373143e-10
5.419124458e-10
5.384877899e-10
5.351029801e-10
5.317630459e-10
5.281763003e-10
5.246540159e-10
5.212011551e-10
5.178220077e-10
5.145181359e-10
5.110214962e-10
5.078657179e-10
5.04518352e-10
5.012358571e-10
4.977600308e-10
4.945753528e-10
4.911792327e-10
4.8780544e-10
4.84203307e-10
4.808437031e-10
4.772354856e-10
4.736043932e-10
4.699356779e-10
4.659658617e-10
4.619282597e-10
4.578241537e-10
4.53664754e-10
4.492038688e-10
4.447235095e-10
4.402443403e-10
4.357818284e-10
4.310880018e-10
4.264350643e-10
4.218309189e-10
4.170332651e-10
4.123050539e-10
4.076437068e-10
4.027923319e-10
3.982097713e-10
3.931400978e-10
3.882755992e-10
3.831022871e-10
3.778367016e-10
3.721925903e-10
3.663843172e-10
3.603779937e-10
3.538612808e-10
3.470993759e-10
3.3980807e-10
3.326304173e-10
3.246551272e-10
3.168630981e-10
3.086548878e-10
3.000935232e-10
2.915931571e-10
2.832298039e-10
2.747495423e-10
2.665238365e-10
2.583068523e-10
2.50450219e-10
2.429719763e-10
2.356141606e-10
2.284012569e-10
2.215990441e-10
2.150203021e-10
2.089037527e-10
2.032324753e-10
1.978275913e-10
1.927270548e-10
1.880925618e-10
1.837552518e-10
1.798080468e-10
1.761211429e-10
1.727771266e-10
1.696148408e-10
1.6655335e-10
1.635827964e-10
1.60514641e-10
1.573106722e-10
1.537482241e-10
1.501536907e-10
1.46337872e-10
1.425910651e-10
1.38984344e-10
1.357502804e-10
1.32901803e-10
1.305511299e-10
1.287851884e-10
1.276151094e-10
1.269809762e-10
1.26851414e-10
1.271476927e-10
1.27837078e-10
1.289525131e-10
1.304403805e-10
1.322123235e-10
1.341107575e-10
1.359509291e-10
1.375906469e-10
1.389662457e-10
1.399557828e-10
1.405740355e-10
1.40825729e-10
1.407970379e-10
1.405246237e-10
1.399980192e-10
1.391550564e-10
1.379686267e-10
1.364731606e-10
1.347589841e-10
1.328476923e-10
1.307112581e-10
1.283424317e-10
1.256494407e-10
1.226284446e-10
1.193091984e-10
1.157519591e-10
1.121984835e-10
1.087918895e-10
1.057276187e-10
1.030198922e-10
1.007355987e-10
9.880574745e-11
9.723851872e-11
9.597518401e-11
9.483551565e-11
9.361678525e-11
9.231026782e-11
9.098000446e-11
8.977488114e-11
8.887130333e-11
8.831748497e-11
8.802979938e-11
8.8046579e-11
8.833409707e-11
8.872442005e-11
8.90429462e-11
8.906273609e-11
8.868254731e-11
8.798761737e-11
8.701189947e-11
8.584347326e-11
8.458811473e-11
8.324354933e-11
8.183779385e-11
8.026157586e-11
7.856093703e-11
7.683884812e-11
7.52162545e-11
7.378895699e-11
7.254802774e-11
7.154526343e-11
7.069572648e-11
6.995563113e-11
6.936016458e-11
6.899293178e-11
6.881775796e-11
6.887026867e-11
6.900476829e-11
6.892729235e-11
6.845260431e-11
6.771678661e-11
6.687259049e-11
6.608758798e-11
6.526759387e-11
6.429053629e-11
6.319648937e-11
6.214901773e-11
6.128235557e-11
6.066912638e-11
6.031593724e-11
6.01464853e-11
5.99965377e-11
5.975011854e-11
5.942129671e-11
5.913640534e-11
5.877962352e-11
5.826921212e-11
5.769704366e-11
5.714158504e-11
5.658799153e-11
5.592470487e-11
5.53679846e-11
5.49071326e-11
5.45783261e-11
5.426619683e-11
5.384378571e-11
5.327811352e-11
5.265290842e-11
5.20079895e-11
5.147804749e-11
5.105965631e-11
5.069870279e-11
5.01374447e-11
4.967371383e-11
4.930060893e-11
4.890198506e-11
4.841353431e-11
4.783558577e-11
4.735132501e-11
4.687565343e-11
4.647207071e-11
4.625465496e-11
4.587871679e-11
4.540854858e-11
4.484207543e-11
4.425798766e-11
4.374612616e-11
4.333665704e-11
4.309130556e-11
4.281623548e-11
4.24142286e-11
4.189380167e-11
4.128443161e-11
4.058690292e-11
4.000158655e-11
3.975315419e-11
3.953505027e-11
3.919684269e-11
3.873234903e-11
3.812164855e-11
3.758824965e-11
3.720178999e-11
3.70143679e-11
3.679700112e-11
3.65090014e-11
3.607313731e-11
3.55868752e-11
3.515292955e-11
3.49826864e-11
3.488309612e-11
3.476228885e-11
3.451691369e-11
3.418789747e-11
3.392841533e-11
3.403878627e-11
3.394338828e-11
3.368627982e-11
3.344090571e-11
3.325900208e-11
3.330276632e-11
3.324508634e-11
3.308339915e-11
3.298231977e-11
3.28935634e-11
3.292525265e-11
3.295524259e-11
3.283573188e-11
3.277621035e-11
3.282612022e-11
3.299522124e-11
3.291910476e-11
3.295433049e-11
3.310071016e-11
3.324848232e-11
3.324174719e-11
3.334021693e-11
3.348976641e-11
3.362573371e-11
3.365526671e-11
3.369081674e-11
3.377239354e-11
3.390255827e-11
3.396604363e-11
3.404676451e-11
3.420317676e-11
3.429079828e-11
3.438059661e-11
3.449799413e-11
3.452549834e-11
3.463576272e-11
3.468629875e-11
3.472128758e-11
3.476857367e-11
3.479198686e-11
3.481399471e-11
3.483854108e-11
3.483259692e-11
3.486295247e-11
3.488642337e-11
3.490014744e-11
3.494440439e-11
3.496559507e-11
3.499242016e-11
3.504903421e-11
3.511510944e-11
3.515609674e-11
3.522442445e-11
3.526248882e-11
3.533398258e-11
3.538353768e-11
3.545158678e-11
3.54869618e-11
3.55719032e-11
3.561103763e-11
3.56828396e-11
3.574651974e-11
3.583386727e-11
3.586619923e-11
3.59375598e-11
3.597800449e-11
3.605253566e-11
3.613745469e-11
3.61733154e-11
3.618089973e-11
3.61821454e-11
3.617651889e-11
3.616992859e-11
3.617823691e-11
3.619008251e-11
3.617124434e-11
3.618311737e-11
3.616495121e-11
3.610325967e-11
3.607239131e-11
3.599282878e-11
3.588038215e-11
3.580297245e-11
3.574875187e-11
3.568467943e-11
3.56074093e-11
3.553313844e-11
3.544101883e-11
3.535241832e-11
3.522600315e-11
3.511197115e-11
3.499784568e-11
3.486856087e-11
3.473294226e-11
3.456440692e-11
3.437023225e-11
3.416701864e-11
3.395166508e-11
3.373779371e-11
3.352181728e-11
3.329773121e-11
3.310526327e-11
3.288408543e-11
3.26114237e-11
3.23798997e-11
3.218007793e-11
3.197822726e-11
3.177313335e-11
3.151809992e-11
3.11988917e-11
3.088160518e-11
3.060685561e-11
3.027665869e-11
2.999166124e-11
2.969638843e-11
2.939508444e-11
2.907106201e-11
2.87323475e-11
2.838200175e-11
2.801065677e-11
2.763980835e-11
2.72964267e-11
2.706931682e-11
2.687373284e-11
2.667808501e-11
2.642614026e-11
2.619491406e-11
2.594876423e-11
2.566357169e-11
2.537352372e-11
2.507485847e-11
2.484455788e-11
2.455578008e-11
2.427596302e-11
2.393956352e-11
2.357922474e-11
2.317074698e-11
2.281005626e-11
2.247517187e-11
2.209673618e-11
2.171542773e-11
2.135996452e-11
2.105045878e-11
2.07296631e-11
2.051279953e-11
2.038026008e-11
2.027079769e-11
2.008422264e-11
1.991684125e-11
1.971491817e-11
1.957571022e-11
1.942723268e-11
1.929470315e-11
1.90629822e-11
1.88927619e-11
1.880342897e-11
1.87640801e-11
1.875400132e-11
1.874867815e-11
1.871190742e-11
1.874862535e-11
1.879034002e-11
1.886814339e-11
1.892591882e-11
1.891007734e-11
1.883105615e-11
1.866851825e-11
1.844788314e-11
1.83038275e-11
1.818580523e-11
1.8328275e-11
1.848282374e-11
