5.038883132e-05
3.105443428e-05
2.598321835e-05
2.399514414e-05
2.305055648e-05
2.255011228e-05
2.226867557e-05
2.210702561e-05
2.201614003e-05
2.196961716e-05
2.195224597e-05
2.195477459e-05
2.197131962e-05
2.199799792e-05
2.203216447e-05
2.207196818e-05
2.211608284e-05
2.216353854e-05
2.221361304e-05
2.226575975e-05
2.231955909e-05
2.237468474e-05
2.243087999e-05
2.248794073e-05
2.254570311e-05
2.260403447e-05
2.266282651e-05
2.27219902e-05
2.278145184e-05
2.284115008e-05
2.290103351e-05
2.296105886e-05
2.302118954e-05
2.308139446e-05
2.31416471e-05
2.320192476e-05
2.326220795e-05
2.332247987e-05
2.3382726e-05
2.34429338e-05
2.350309235e-05
2.356319219e-05
2.362322506e-05
2.368318376e-05
2.374306203e-05
2.380285438e-05
2.386255601e-05
2.392216276e-05
2.398167096e-05
2.404107744e-05
2.410037941e-05
2.415957445e-05
2.421866047e-05
2.427763566e-05
2.433649845e-05
2.43952475e-05
2.445388167e-05
2.45124e-05
2.457080166e-05
2.4629086e-05
2.468725248e-05
2.474530066e-05
2.480323022e-05
2.486104092e-05
2.491873261e-05
2.503375869e-05
2.509109311e-05
2.514830856e-05
2.520540519e-05
2.531924278e-05
2.537598423e-05
2.543260784e-05
2.554550282e-05
2.560177492e-05
2.565793062e-05
2.576989444e-05
2.582570343e-05
2.593697788e-05
2.599244428e-05
2.610303786e-05
2.615816603e-05
2.626808772e-05
2.637756663e-05
2.643214135e-05
2.654096397e-05
2.664935438e-05
2.670338885e-05
2.681113896e-05
2.691846757e-05
2.702537894e-05
2.713187733e-05
2.723796697e-05
2.729085983e-05
2.739634422e-05
2.750143032e-05
2.765832165e-05
2.776242991e-05
2.786615408e-05
2.796949812e-05
2.807246594e-05
2.81750614e-05
2.832826472e-05
2.842994582e-05
2.853126767e-05
2.868258477e-05
2.878302426e-05
2.893303439e-05
2.903261341e-05
2.918134882e-05
2.932933441e-05
2.942758031e-05
2.957434039e-05
2.972037931e-05
2.986570739e-05
3.001033473e-05
3.015427118e-05
3.029752641e-05
3.044010986e-05
3.058203077e-05
3.072329817e-05
3.08639209e-05
3.105042998e-05
3.11895818e-05
3.132811708e-05
3.151188562e-05
3.164901332e-05
3.183093323e-05
3.201182133e-05
3.219169488e-05
3.232594435e-05
3.250408254e-05
3.268125124e-05
3.285746605e-05
3.303274213e-05
3.325053963e-05
3.342375706e-05
3.359608243e-05
3.381025539e-05
3.398062285e-05
3.419238962e-05
3.436086424e-05
3.457030394e-05
3.477848344e-05
3.498542518e-05
3.519115092e-05
3.539568181e-05
3.55990384e-05
3.58415443e-05
3.604238693e-05
3.628193139e-05
3.64803509e-05
3.671703971e-05
3.695221325e-05
3.718590023e-05
3.741812847e-05
3.764892492e-05
3.787831572e-05
3.810632623e-05
3.837062673e-05
3.859573005e-05
3.885670303e-05
3.911593549e-05
3.93734618e-05
3.962931517e-05
3.988352779e-05
4.017208733e-05
4.042288771e-05
4.070762524e-05
4.099038544e-05
4.127120895e-05
4.155013501e-05
4.182720156e-05
4.21024453e-05
4.240995984e-05
4.268144657e-05
4.298482011e-05
4.328606798e-05
4.361834832e-05
4.391525154e-05
4.421016134e-05
4.453554907e-05
4.485857713e-05
4.517929613e-05
4.549775489e-05
4.584550514e-05
4.615936885e-05
4.650217276e-05
4.684246855e-05
4.718031048e-05
4.754612814e-05
4.787900624e-05
4.823952684e-05
4.859737355e-05
4.8952605e-05
4.933455333e-05
4.971356787e-05
5.008971521e-05
5.046305946e-05
5.083366237e-05
5.122977567e-05
5.162285027e-05
5.201295504e-05
5.242770415e-05
5.281186537e-05
5.322039029e-05
5.365272252e-05
5.405489441e-05
5.448060634e-05
5.490301823e-05
5.534829948e-05
5.576414057e-05
5.620260139e-05
5.666315701e-05
5.709471593e-05
5.754813422e-05
5.802289956e-05
5.846912222e-05
5.89364709e-05
5.942444731e-05
5.98843429e-05
6.036465945e-05
6.086491365e-05
6.136109075e-05
6.185328886e-05
6.236475991e-05
6.287207144e-05
6.337532336e-05
6.389721385e-05
6.441487742e-05
6.495065082e-05
6.548204207e-05
6.600915699e-05
6.655379727e-05
6.711553642e-05
6.76726144e-05
6.82251454e-05
6.879423235e-05
6.935865175e-05
6.993916636e-05
7.051490378e-05
7.110629088e-05
7.171294068e-05
7.231450339e-05
7.291110495e-05
7.352250952e-05
7.414835111e-05
7.476895654e-05
7.540360851e-05
7.603296544e-05
7.667599336e-05
7.733235145e-05
7.798318786e-05
7.864700337e-05
7.932347235e-05
7.999422368e-05
8.067730165e-05
8.137239605e-05
8.206160584e-05
8.277997588e-05
8.347487012e-05
8.419834019e-05
8.491564986e-05
8.564381781e-05
8.638256966e-05
8.713163646e-05
8.78907547e-05
8.864337602e-05
8.940581905e-05
9.019384834e-05
9.097505608e-05
9.17496165e-05
9.254891146e-05
9.335683769e-05
9.41731733e-05
9.498249772e-05
9.581513984e-05
9.665555657e-05
9.750354717e-05
9.834423125e-05
9.920691535e-05
0.0001000766004
0.0001009531058
0.0001018362556
0.0001027258788
0.0001036357464
0.0001045377014
0.000105459342
0.0001063865815
0.0001073192751
0.0001082706235
0.0001092269168
0.0001101880267
0.0001111668225
0.0001121499631
0.0001131373356
0.000114141486
0.0001151494326
0.0001161610769
0.0001171886502
0.0001182317379
0.0001192778238
0.0001203388344
0.0001214143792
0.0001224922835
0.000123572486
0.0001246781025
0.0001257854968
0.0001269060066
0.0001280392882
0.0001291738231
0.0001303317497
0.0001314904792
0.0001326608816
0.000133853445
0.0001350461893
0.000136249714
0.0001374742466
0.0001386984
0.0001399428346
0.000141196783
0.0001424599948
0.0001437322266
0.0001450232052
0.0001463225614
0.0001476300746
0.0001489552318
0.0001502975675
0.0001516470986
0.0001530036355
0.0001543857153
0.0001557741079
0.0001571686468
0.0001585873965
0.0001600116532
0.0001614502233
0.0001629027291
0.0001643688024
0.0001658567988
0.000167348864
0.0001688534507
0.0001703787118
0.0001719156918
0.0001734640809
0.0001750318356
0.0001766102584
0.0001782071785
0.0001798140665
0.0001814386263
0.0001830803895
0.0001847310744
0.0001864059567
0.0001880890213
0.0001897876696
0.0001915090383
0.0001932375603
0.0001949878769
0.000196752061
0.000198537028
0.0002003350078
0.0002021528085
0.0002039828143
0.0002058317275
0.0002076920837
0.0002095773812
0.0002114801184
0.000213399832
0.000215336071
0.0002172883966
0.0002192563823
0.0002212461509
0.0002232571237
0.0002252823163
0.0002273277149
0.0002293927831
0.0002314769984
0.0002335798522
0.0002357069877
0.0002378455926
0.0002400074207
0.0002421918552
0.0002443923739
0.0002466144183
0.0002488574167
0.0002511208127
0.0002534097757
0.0002557123057
0.0002580392623
0.0002603899964
0.0002627583672
0.000265154826
0.0002675678049
0.000270002228
0.0002724628405
0.0002749436802
0.0002774494298
0.0002799794275
0.0002825330292
0.0002851045288
0.0002877035204
0.0002903292741
0.0002929761351
0.0002956484433
0.0002983455235
0.0003010667185
0.0003038113891
0.0003065836392
0.0003093827371
0.0003122033294
0.000315054047
0.0003179295322
0.0003208291292
0.0003237611538
0.0003267158723
0.0003297014783
0.0003327127956
0.0003357491438
0.0003388184205
0.0003419112707
0.0003450354783
0.0003481902131
0.0003513705391
0.0003545839627
0.0003578255533
0.0003610945669
0.0003643982434
0.0003677277735
0.0003710902975
0.0003744849437
0.0003779108637
0.0003813672322
0.0003848570186
0.0003883756026
0.0003919296361
0.0003955181841
0.0003991366973
0.0004027916
0.0004064783589
0.000410199678
0.0004139546476
0.0004177458616
0.0004215723663
0.0004254332337
0.0004293275614
0.000433261183
0.0004372297401
0.0004412389081
0.0004452810867
0.0004493618864
0.0004534802943
0.0004576385045
0.0004618323228
0.000466067064
0.0004703416566
0.0004746550578
0.0004790062533
0.0004834002825
0.0004878360256
0.0004923123931
0.0004968283252
0.0005013886046
0.0005059891935
0.000510634753
0.0005153212817
0.0005200533234
0.0005248296934
0.0005296492394
0.0005345135706
0.0005394215247
0.0005443773344
0.0005493797579
0.0005544275873
0.0005595248687
0.000564667734
0.0005698575699
0.0005750957054
0.0005803859314
0.0005857219089
0.0005911098841
0.0005965460638
0.0006020365006
0.0006075749786
0.0006131674286
0.0006188100967
0.0006245063872
0.00063025725
0.0006360612862
0.0006419194196
0.0006478325308
0.0006537992158
0.0006598247799
0.0006659055159
0.0006720422044
0.0006782377531
0.0006844928112
0.0006908037393
0.0006971754482
0.0007036063968
0.0007100992291
0.0007166523794
0.0007232683952
0.0007299456898
0.0007366847197
0.0007434878963
0.0007503555714
0.0007572880728
0.0007642876353
0.0007713506652
0.0007784831634
0.0007856815126
0.0007929477986
0.000800282177
0.0008076884475
0.0008151630072
0.0008227095616
0.0008303263268
0.0008380168718
0.0008457793733
0.0008536172703
0.0008615287052
0.0008695152864
0.000877578555
0.0008857183096
0.0008939360065
0.0009022313916
0.0009106058417
0.0009190622942
0.0009275987557
0.0009362164732
0.0009449166389
0.0009537003924
0.0009625688222
0.0009715229677
0.0009805622959
0.0009896893031
0.0009989033915
0.001008206943
0.001017599301
0.0010270842
0.001036659445
0.001046327209
0.00105608958
0.001065945742
0.001075897693
0.001085945963
0.001096092432
0.001106337536
0.001116683041
0.00112712796
0.001137676644
0.001148326698
0.001159082329
0.001169942411
0.001180908413
0.001191983019
0.001203166285
0.001214459509
0.001225865176
0.001237381983
0.001249012325
0.001260758509
0.001272620351
0.001284600047
0.001296698529
0.001308917863
0.001321257711
0.001333721195
0.001346309041
0.001359023076
0.001371863934
0.001384833336
0.001397932939
0.001411164336
0.001424529066
0.001438028606
0.001451664381
0.001465438825
0.00147935218
0.001493405719
0.001507603777
0.001521945407
0.001536433764
0.001551069876
0.001565855736
0.00158079327
0.00159588434
0.001611130746
0.001626533257
0.00164209647
0.001657819099
0.001673705588
0.00168975742
0.001705976029
0.001722362804
0.001738921851
0.001755653501
0.001772561695
0.001789646666
0.001806912203
0.001824359332
0.001841991684
0.00185981017
0.001877818273
0.001896018518
0.001914412507
0.001933003494
0.001951793804
0.00197078653
0.001989983034
0.002009387106
0.002029000806
0.002048827761
0.002068869901
0.002089130704
0.002109612771
0.002130319425
0.002151253911
0.002172418622
0.00219381667
0.002215451855
0.002237327135
0.002259446155
0.002281811731
0.002304427365
0.00232729722
0.002350423906
0.002373812163
0.002397464465
0.002421385393
0.002445578722
0.002470047447
0.002494796619
0.002519829791
0.002545151147
0.002570765481
0.002596675451
