14.90884414
9.591735638
7.555265333
6.420045988
5.675231058
5.139556109
4.73087401
4.405986733
4.139767348
3.916490672
3.725752538
3.415167851
3.171115253
2.972818503
2.80757342
2.604356106
2.439692225
2.302759346
2.151565656
1.99874474
1.874452353
1.752050038
1.635650887
1.539743071
1.438099565
1.345812756
1.255487092
1.17559829
1.100006834
1.029776633
0.9652602776
0.9013204175
0.8444547849
0.7903035578
0.7397855235
0.6921195416
0.6469899383
0.6058397873
0.5666198918
0.530033556
0.4959395157
0.4642303086
0.4345245796
0.4066362343
0.3804790042
0.3560085365
0.3331894841
0.3117726511
0.2918130478
0.273171716
0.2556554758
0.2393186314
0.2240533483
0.2097365019
0.1963612222
0.18387203
0.1721818069
0.1612600399
0.1510619803
0.1415123615
0.132604974
0.1242786085
0.1165012824
0.1092412444
0.1024656648
0.09614141183
0.09024776523
0.08475237762
0.07963461245
0.07487068878
0.07044101167
0.06632413794
0.06250428161
0.0589645242
0.05569010966
0.05266668154
0.04988216021
0.04732555415
0.04498611972
0.04285499075
0.0409244213
0.03918728343
0.03763768649
0.0362704602
0.03508145386
0.03406730647
0.03322528181
0.03255333673
0.03204991408
0.03171398493
0.03154486676
0.03154224357
