5.594372513e-10
5.217219107e-10
5.410540024e-10
5.499046086e-10
5.440692829e-10
5.283708819e-10
5.072689133e-10
4.837787753e-10
4.60351224e-10
4.385732745e-10
4.195599784e-10
4.039925513e-10
3.918922802e-10
3.828457824e-10
3.763118773e-10
3.716757203e-10
3.684148542e-10
3.661240912e-10
3.644624468e-10
3.631915815e-10
3.621152228e-10
3.610697567e-10
3.599556781e-10
3.58700095e-10
3.572803755e-10
3.557010973e-10
3.539835264e-10
3.521529014e-10
3.502352678e-10
3.48243362e-10
3.46201873e-10
3.441350825e-10
3.420575042e-10
3.399890539e-10
3.379405302e-10
3.359180079e-10
3.339312501e-10
3.31980607e-10
3.300668609e-10
3.282007118e-10
3.263764176e-10
3.245947311e-10
3.228602117e-10
3.211688242e-10
3.195204581e-10
3.179180223e-10
3.16359549e-10
3.148438121e-10
3.133701534e-10
3.119383125e-10
3.105489041e-10
3.092013319e-10
3.078948351e-10
3.066311869e-10
3.054059644e-10
3.042197751e-10
3.030742957e-10
3.019677416e-10
3.009001471e-10
2.998709492e-10
2.98877576e-10
2.979202659e-10
2.969976324e-10
2.961085674e-10
2.952534495e-10
2.936341453e-10
2.928703017e-10
2.921353648e-10
2.914294799e-10
2.901047388e-10
2.894846404e-10
2.888923214e-10
2.87786597e-10
2.872722091e-10
2.867821673e-10
2.858751322e-10
2.854563239e-10
2.846860877e-10
2.843325021e-10
2.836882265e-10
2.833967177e-10
2.828730754e-10
2.824234809e-10
2.822243951e-10
2.818780922e-10
2.815980705e-10
2.814813088e-10
2.81293849e-10
2.811641875e-10
2.810888014e-10
2.81065373e-10
2.810918949e-10
2.811233688e-10
2.812221111e-10
2.813653528e-10
2.816581454e-10
2.81901625e-10
2.821817866e-10
2.824963467e-10
2.828449135e-10
2.832246488e-10
2.838482947e-10
2.842981077e-10
2.847735368e-10
2.855324059e-10
2.860672882e-10
2.869091949e-10
2.874947282e-10
2.88406754e-10
2.893549886e-10
2.900063052e-10
2.910110811e-10
2.920452124e-10
2.931060433e-10
2.941894143e-10
2.952952649e-10
2.964205912e-10
2.975618906e-10
2.987160756e-10
2.998797563e-10
3.01051133e-10
3.02625355e-10
3.038113177e-10
3.049997327e-10
3.065841135e-10
3.077703413e-10
3.093468726e-10
3.109148499e-10
3.124699562e-10
3.136268897e-10
3.151540952e-10
3.166631437e-10
3.181504694e-10
3.196140181e-10
3.214079874e-10
3.228127462e-10
3.24187999e-10
3.25863059e-10
3.271675174e-10
3.287491888e-10
3.29975034e-10
3.314549595e-10
3.328753517e-10
3.342349294e-10
3.355346328e-10
3.367729493e-10
3.379480233e-10
3.392745922e-10
3.40308399e-10
3.414610708e-10
3.423490069e-10
3.433261457e-10
3.442072888e-10
3.449915726e-10
3.456794752e-10
3.462730398e-10
3.467697394e-10
3.471704557e-10
3.475184659e-10
3.477137725e-10
3.47821899e-10
3.478009765e-10
3.476539213e-10
3.473826663e-10
3.469881438e-10
3.463879561e-10
3.457361481e-10
3.448490722e-10
3.438142584e-10
3.42633945e-10
3.413126868e-10
3.398548511e-10
3.382635469e-10
3.363196443e-10
3.344609857e-10
3.322287385e-10
3.298526042e-10
3.270532665e-10
3.243977572e-10
3.216210633e-10
3.184015328e-10
3.150498947e-10
3.115728503e-10
3.07979176e-10
3.039031917e-10
3.00095727e-10
2.958074211e-10
2.914246964e-10
2.869597739e-10
2.820097545e-10
2.774117956e-10
2.723429197e-10
2.672319167e-10
2.620905457e-10
2.565053442e-10
2.509195263e-10
2.453482894e-10
2.398052191e-10
2.343050465e-10
2.284463887e-10
2.226703212e-10
2.169897294e-10
2.110256758e-10
2.055863699e-10
1.999065077e-10
1.940294767e-10
1.886987786e-10
1.832112305e-10
1.779394274e-10
1.725795431e-10
1.677661308e-10
1.629036512e-10
1.580403914e-10
1.537134833e-10
1.49409999e-10
1.451713567e-10
1.414386285e-10
1.377863898e-10
1.342484058e-10
1.311645874e-10
1.281948994e-10
1.253652297e-10
1.228108618e-10
1.205112269e-10
1.183539465e-10
1.16435833e-10
1.147350697e-10
1.131679593e-10
1.117957589e-10
1.105501453e-10
1.094750973e-10
1.085509935e-10
1.077274845e-10
1.070009498e-10
1.063824671e-10
1.058494897e-10
1.053647973e-10
1.049282422e-10
1.045009769e-10
1.040803538e-10
1.036317533e-10
1.031339181e-10
1.025872642e-10
1.019748977e-10
1.012635164e-10
1.004413357e-10
9.952473695e-11
9.848476747e-11
9.735391479e-11
9.609931959e-11
9.472127822e-11
9.327380759e-11
9.173176771e-11
9.011402938e-11
8.848046494e-11
8.681057121e-11
8.512683317e-11
8.349255684e-11
8.184597686e-11
8.032481461e-11
7.883362883e-11
7.745139394e-11
7.614894592e-11
7.492867804e-11
7.379348388e-11
7.274341164e-11
7.179337912e-11
7.091494419e-11
7.008114165e-11
6.931625761e-11
6.860684101e-11
6.790966569e-11
6.722352556e-11
6.653517787e-11
6.584620824e-11
6.512218505e-11
6.436885308e-11
6.358438901e-11
6.278281138e-11
6.194462115e-11
6.108628464e-11
6.021839913e-11
5.935322447e-11
5.850197393e-11
5.766287295e-11
5.686588822e-11
5.609174324e-11
5.535428858e-11
5.46546464e-11
5.398147977e-11
5.334105769e-11
5.272540669e-11
5.212039952e-11
5.152781213e-11
5.094121985e-11
5.034886224e-11
4.975543806e-11
4.915835518e-11
4.854565813e-11
4.793145626e-11
4.733128969e-11
4.67457111e-11
4.617643891e-11
4.562920124e-11
4.510266193e-11
4.458246472e-11
4.407835101e-11
4.357828712e-11
4.307552988e-11
4.257270302e-11
4.206714289e-11
4.157130922e-11
4.107946924e-11
4.058653762e-11
4.010757049e-11
3.963920508e-11
3.917773622e-11
3.873097943e-11
3.829049118e-11
3.786054377e-11
3.743852984e-11
3.702160553e-11
3.660601151e-11
3.619818526e-11
3.580010975e-11
3.54084094e-11
3.502124446e-11
3.464165735e-11
3.426879915e-11
3.38968142e-11
3.352731856e-11
3.316475189e-11
3.280428536e-11
3.244849646e-11
3.209822517e-11
3.175623231e-11
3.142103952e-11
3.108907367e-11
3.076602309e-11
3.044794643e-11
3.013089874e-11
2.982140471e-11
2.952246339e-11
2.92258557e-11
2.89321493e-11
2.864085558e-11
2.835548826e-11
2.807317258e-11
2.779216378e-11
2.751567848e-11
2.724252004e-11
2.697343158e-11
2.670867177e-11
2.644840351e-11
2.61912643e-11
2.593801779e-11
2.568829289e-11
2.543763383e-11
2.519220433e-11
2.495081519e-11
2.471665319e-11
2.448258716e-11
2.42522946e-11
2.402281564e-11
2.379681182e-11
2.357605994e-11
2.3357142e-11
2.313997801e-11
2.293036696e-11
2.272305886e-11
2.251543567e-11
2.231426388e-11
2.211353797e-11
2.191422634e-11
2.17179296e-11
2.152213849e-11
2.132502697e-11
2.113083308e-11
2.094361698e-11
2.075703947e-11
2.056822494e-11
2.038335175e-11
2.020463776e-11
2.00283577e-11
1.985568705e-11
1.968818799e-11
1.952676555e-11
1.936829592e-11
1.921040423e-11
1.905794713e-11
1.890991446e-11
1.876534067e-11
1.86245065e-11
1.848624703e-11
1.834938855e-11
1.821905249e-11
1.809102928e-11
1.796606554e-11
1.784035266e-11
1.771929165e-11
1.759978977e-11
1.748367812e-11
1.73733773e-11
1.726245114e-11
1.715374099e-11
1.704889898e-11
1.694663601e-11
1.684794198e-11
1.675337678e-11
1.666104821e-11
1.657336763e-11
1.648816829e-11
1.640871922e-11
1.633512938e-11
1.626488264e-11
1.619515055e-11
1.612739804e-11
1.606288959e-11
1.600282201e-11
1.59499131e-11
1.589900148e-11
1.585220459e-11
1.580685462e-11
1.576378251e-11
1.572125915e-11
1.56807276e-11
1.564254264e-11
1.560839826e-11
1.557588037e-11
1.554501299e-11
1.551882061e-11
1.549382677e-11
1.547491451e-11
1.546209492e-11
1.545266059e-11
1.544778861e-11
1.54469801e-11
1.545051899e-11
1.545982767e-11
1.547306867e-11
1.548996635e-11
1.551121882e-11
1.553718467e-11
1.55677258e-11
1.560209944e-11
1.564147307e-11
1.568532806e-11
1.57321793e-11
1.578326568e-11
1.583857431e-11
1.589659558e-11
1.596101386e-11
1.603083511e-11
1.610639263e-11
1.618708099e-11
1.62726623e-11
1.6361786e-11
1.645284234e-11
1.654708204e-11
1.664505305e-11
1.674714386e-11
1.685398847e-11
1.696641378e-11
1.7084842e-11
1.72077573e-11
1.733431145e-11
1.746599917e-11
1.760219251e-11
1.774372677e-11
1.789153472e-11
1.804309577e-11
1.819767671e-11
1.83583573e-11
1.852334707e-11
1.869170576e-11
1.886529371e-11
1.904237475e-11
1.922388809e-11
1.941021449e-11
1.960173812e-11
1.979821155e-11
2.00004394e-11
2.020743862e-11
2.041915476e-11
2.063576353e-11
2.085751246e-11
2.108371562e-11
2.131495247e-11
2.155103374e-11
2.179094647e-11
2.203524557e-11
2.228430372e-11
2.253763649e-11
2.279579628e-11
2.305907801e-11
2.332780403e-11
2.360160638e-11
2.388132145e-11
2.416604011e-11
2.445576442e-11
2.474945669e-11
2.50475777e-11
2.535074413e-11
2.565864226e-11
2.597148024e-11
2.628935616e-11
2.661166203e-11
2.693879723e-11
2.727081922e-11
2.760790343e-11
2.794970646e-11
2.829644392e-11
2.864805459e-11
2.90045086e-11
2.936619219e-11
2.973307698e-11
3.010473622e-11
3.048127706e-11
3.086266607e-11
3.124927632e-11
3.16414584e-11
3.203865846e-11
3.244110399e-11
3.284897171e-11
3.326277022e-11
3.368243356e-11
3.41075918e-11
3.453892367e-11
3.497649994e-11
3.542009976e-11
3.586962987e-11
3.632501525e-11
3.678641727e-11
3.725391207e-11
3.77276784e-11
3.820773422e-11
3.869419681e-11
3.918729558e-11
3.968727835e-11
4.019433451e-11
4.070840734e-11
4.122954813e-11
4.175777153e-11
4.22930739e-11
4.28355042e-11
4.338535899e-11
4.394299547e-11
4.450822497e-11
4.50812584e-11
4.566213745e-11
4.62510156e-11
4.684788605e-11
4.745296466e-11
4.806637207e-11
4.868821365e-11
4.931860574e-11
4.995775007e-11
5.060529385e-11
5.126156135e-11
5.192708164e-11
5.260166479e-11
5.328541128e-11
5.397850509e-11
5.468131845e-11
5.539397376e-11
5.61166616e-11
5.684957567e-11
5.759295777e-11
5.834721041e-11
5.91125706e-11
5.988930147e-11
6.067758407e-11
6.147756786e-11
6.228959488e-11
6.311309866e-11
6.394883836e-11
6.479859509e-11
6.566204467e-11
6.653887275e-11
6.742795201e-11
6.832785009e-11
6.923694266e-11
7.015302778e-11
7.107381391e-11
7.199617216e-11
7.291782903e-11
7.383588918e-11
7.474828308e-11
7.565186255e-11
7.65446195e-11
7.742415685e-11
7.828811628e-11
7.913342364e-11
7.995686517e-11
8.075571997e-11
8.152969396e-11
8.227573088e-11
8.299066851e-11
8.367059361e-11
8.431442503e-11
8.491902696e-11
8.5482415e-11
8.600285046e-11
8.647705268e-11
8.690361916e-11
8.728054198e-11
8.760610445e-11
8.787422269e-11
8.808288149e-11
8.822894115e-11
8.830817303e-11
8.831839398e-11
8.821891287e-11
8.798769753e-11
8.770586041e-11
8.738389275e-11
8.703022648e-11
8.66528993e-11
8.62629238e-11
8.58640533e-11
8.546964525e-11
8.50863074e-11
8.472483968e-11
8.438903533e-11
8.408619558e-11
8.382148113e-11
8.360293747e-11
8.343529234e-11
8.332342997e-11
8.327184197e-11
8.328867255e-11
8.33839649e-11
8.356297404e-11
8.38242724e-11
8.418387542e-11
