2.783665978e-11
1.394368569e-11
9.312663735e-12
6.997129937e-12
5.607791501e-12
4.681550828e-12
4.019937517e-12
3.523716367e-12
3.137756711e-12
2.828980148e-12
2.576336786e-12
2.365793363e-12
2.187634545e-12
2.034920805e-12
1.902563157e-12
1.786744864e-12
1.684547241e-12
1.5937002e-12
1.512411568e-12
1.439247606e-12
1.373047665e-12
1.312862127e-12
1.257906522e-12
1.207527126e-12
1.161174811e-12
1.118384929e-12
1.078761669e-12
1.041965766e-12
1.007704747e-12
9.757251371e-13
9.45806168e-13
9.177546668e-13
8.914008752e-13
8.665950067e-13
8.432043931e-13
8.21111107e-13
8.002099698e-13
7.804068743e-13
7.616173652e-13
7.437654327e-13
7.267824826e-13
7.106064531e-13
6.951810559e-13
6.804551196e-13
6.663820212e-13
6.52919192e-13
6.400276859e-13
6.276718025e-13
6.158187555e-13
6.044383815e-13
5.935028828e-13
5.829865998e-13
5.728658097e-13
5.631185468e-13
5.537244426e-13
5.446645839e-13
5.359213842e-13
5.274784703e-13
5.193205788e-13
5.114334636e-13
5.038038131e-13
4.964191742e-13
4.892678847e-13
4.82339011e-13
4.756222925e-13
4.691080902e-13
4.627873407e-13
4.506925732e-13
4.449029428e-13
4.392754723e-13
4.338034093e-13
4.284803709e-13
4.233003195e-13
4.133466154e-13
4.085624142e-13
4.039000651e-13
3.993549444e-13
3.905990343e-13
3.86380097e-13
3.822620668e-13
3.743144945e-13
3.704782493e-13
3.63065226e-13
3.59482623e-13
3.525516315e-13
3.491981568e-13
3.427033459e-13
3.395575487e-13
3.334587082e-13
3.30501736e-13
3.247634549e-13
3.192479256e-13
3.165696436e-13
3.113644859e-13
3.063517842e-13
3.039142683e-13
2.991706586e-13
2.94594469e-13
2.90176903e-13
2.859097708e-13
2.817854376e-13
2.777967773e-13
2.739371311e-13
2.702002694e-13
2.665803583e-13
2.630719279e-13
2.596698452e-13
2.56369288e-13
2.531657216e-13
2.500548783e-13
2.455537371e-13
2.42657609e-13
2.398411015e-13
2.357584923e-13
2.331270525e-13
2.293081894e-13
2.268439116e-13
2.232636834e-13
2.209509042e-13
2.175872967e-13
2.154122553e-13
2.12245888e-13
2.091895125e-13
2.062373975e-13
2.033842045e-13
2.015345598e-13
1.988353362e-13
1.962224765e-13
1.936918224e-13
1.912394795e-13
1.880852279e-13
1.858017964e-13
1.835853482e-13
1.814329163e-13
1.786577831e-13
1.766441354e-13
1.740449095e-13
1.721567645e-13
1.697168801e-13
1.679426057e-13
1.656475229e-13
1.634293302e-13
1.612841318e-13
1.592082917e-13
1.576948762e-13
1.557323722e-13
1.533640326e-13
1.515337662e-13
1.497579018e-13
1.480339809e-13
1.459486168e-13
1.443333231e-13
1.423771393e-13
1.408602347e-13
1.390212494e-13
1.372427389e-13
1.358614299e-13
1.34184276e-13
1.325596095e-13
1.309849228e-13
1.294578665e-13
1.276851789e-13
1.26255344e-13
1.248665504e-13
1.232516375e-13
1.216903075e-13
1.204281614e-13
1.189581303e-13
1.175344348e-13
1.161548332e-13
1.148172279e-13
1.135196533e-13
1.122602662e-13
1.108369427e-13
1.096544962e-13
1.083166506e-13
1.070215443e-13
1.059438712e-13
1.047226594e-13
1.035385306e-13
1.023897449e-13
1.011180359e-13
1.000396197e-13
9.88444646e-14
9.78298602e-14
9.670424013e-14
9.561313202e-14
9.455489437e-14
9.35279897e-14
9.240838308e-14
9.144338403e-14
9.039010877e-14
8.948130978e-14
8.848835087e-14
8.752513804e-14
8.659028199e-14
8.558322936e-14
8.470405681e-14
8.375595518e-14
8.283670769e-14
8.194494169e-14
8.107937183e-14
8.023879312e-14
7.942207475e-14
7.854997725e-14
7.770414092e-14
7.688332527e-14
7.608636824e-14
7.531218007e-14
7.44923785e-14
7.369721262e-14
7.292551785e-14
7.217620341e-14
7.144824655e-14
7.068261598e-14
6.999613772e-14
6.927339306e-14
6.857144507e-14
6.78376756e-14
6.717596553e-14
6.648353694e-14
6.581108872e-14
6.511174464e-14
6.447784415e-14
6.38178984e-14
6.31769457e-14
6.255411883e-14
6.19088328e-14
6.128231843e-14
6.067370826e-14
6.008218885e-14
5.947157261e-14
5.88785297e-14
5.830225505e-14
5.774199336e-14
5.716544106e-14
5.660525596e-14
5.606069694e-14
5.550206889e-14
5.495930885e-14
5.443169697e-14
5.389193889e-14
5.339334842e-14
5.28576204e-14
5.236171598e-14
5.185536466e-14
5.136305782e-14
5.086169179e-14
5.037438153e-14
4.990049527e-14
4.941877841e-14
4.895044917e-14
4.847538563e-14
4.803259558e-14
4.756453252e-14
4.712758499e-14
4.668476461e-14
4.62369883e-14
4.580163584e-14
4.537815258e-14
4.495038604e-14
4.453430961e-14
4.41146205e-14
4.370641115e-14
4.33091754e-14
4.290881385e-14
4.25059685e-14
4.211412632e-14
4.172026723e-14
4.133713685e-14
4.096426327e-14
4.058964985e-14
4.021379639e-14
3.9848103e-14
3.948148567e-14
3.91247261e-14
3.876731849e-14
3.841946328e-14
3.807120007e-14
3.772289415e-14
3.738392428e-14
3.704508559e-14
3.671525447e-14
3.637736885e-14
3.605672006e-14
3.572857563e-14
3.540920497e-14
3.509074474e-14
3.478070812e-14
3.447163926e-14
3.41637501e-14
3.385723775e-14
3.355882703e-14
3.326179683e-14
3.296631492e-14
3.267253641e-14
3.238648393e-14
3.210209851e-14
3.181951156e-14
3.153884385e-14
3.126020598e-14
3.098369886e-14
3.071442722e-14
3.044231527e-14
3.017734032e-14
2.991456596e-14
2.965406128e-14
2.939588814e-14
2.914010163e-14
2.888675043e-14
2.863587717e-14
2.838751879e-14
2.813785685e-14
2.789471781e-14
2.765417105e-14
2.741623417e-14
2.718092069e-14
2.694486342e-14
2.67116198e-14
2.648438907e-14
2.625667338e-14
2.603175182e-14
2.580664938e-14
2.558735255e-14
2.536799187e-14
2.515150512e-14
2.493519701e-14
2.4721846e-14
2.451141738e-14
2.430387573e-14
2.409677979e-14
2.389262071e-14
2.368907258e-14
2.348849253e-14
2.328866487e-14
2.309182008e-14
2.289584764e-14
2.270285852e-14
2.251084245e-14
2.232179768e-14
2.213380948e-14
2.194696139e-14
2.176309253e-14
2.158042136e-14
2.139901588e-14
2.121893833e-14
2.104183482e-14
2.086453763e-14
2.069023374e-14
2.05173788e-14
2.034601332e-14
2.017617354e-14
2.000789171e-14
1.98411963e-14
1.967611219e-14
1.951266091e-14
1.935086085e-14
1.918952983e-14
1.903110589e-14
1.887323269e-14
1.871711303e-14
1.856166912e-14
1.840909071e-14
1.825621446e-14
1.810619562e-14
1.795699884e-14
1.780869002e-14
1.766225668e-14
1.751678104e-14
1.737319655e-14
1.723062673e-14
1.708911748e-14
1.69487107e-14
1.68102392e-14
1.667290236e-14
1.65367326e-14
1.640102279e-14
1.626728986e-14
1.613480157e-14
1.600357814e-14
1.587297242e-14
1.574434565e-14
1.561639706e-14
1.548980066e-14
1.536396349e-14
1.523952134e-14
1.511590629e-14
1.499371814e-14
1.48724131e-14
1.475255714e-14
1.463362968e-14
1.451566283e-14
1.439868568e-14
1.42827244e-14
1.416826748e-14
1.405439396e-14
1.394159931e-14
1.382989961e-14
1.371930877e-14
1.360942927e-14
1.350070103e-14
1.339313136e-14
1.328634668e-14
1.318037965e-14
1.307562045e-14
1.297171752e-14
1.286869591e-14
1.276657816e-14
1.266538442e-14
1.256513263e-14
1.246583856e-14
1.236721455e-14
1.226958916e-14
1.217297192e-14
1.207709147e-14
1.198224747e-14
1.188817886e-14
1.179490869e-14
1.170245767e-14
1.161084439e-14
1.152008537e-14
1.142996166e-14
1.1340959e-14
1.125262695e-14
1.116499173e-14
1.107828801e-14
1.099231591e-14
1.090709528e-14
1.082283922e-14
1.073916817e-14
1.065629654e-14
1.057405587e-14
1.049264688e-14
1.041207846e-14
1.033219058e-14
1.025300206e-14
1.01745298e-14
1.009678891e-14
1.001979276e-14
9.943405865e-15
9.867793234e-15
9.792823499e-15
9.718650868e-15
9.645015204e-15
9.57220028e-15
9.499956488e-15
9.428427928e-15
9.357504468e-15
9.287203665e-15
9.217655196e-15
9.148753566e-15
9.08040347e-15
9.012729903e-15
8.945742605e-15
8.879349941e-15
8.813566766e-15
8.748406382e-15
8.683880623e-15
8.619909723e-15
8.556509747e-15
8.493780817e-15
8.431645872e-15
8.370116635e-15
8.309124261e-15
8.248683959e-15
8.18888462e-15
8.129586195e-15
8.070948143e-15
8.012835531e-15
7.955262312e-15
7.898241027e-15
7.841782879e-15
7.785897802e-15
7.730533552e-15
7.675702485e-15
7.621415652e-15
7.567626518e-15
7.514403022e-15
7.461699146e-15
7.40952548e-15
7.357840721e-15
7.306706503e-15
7.256033782e-15
7.205929886e-15
7.156308627e-15
7.107181312e-15
7.058558058e-15
7.010405777e-15
6.962776711e-15
6.91559793e-15
6.868920509e-15
6.822752396e-15
6.777026955e-15
6.731791906e-15
6.687055115e-15
6.642755617e-15
6.59893787e-15
6.555577379e-15
6.512683439e-15
6.470264328e-15
6.428268142e-15
6.386763716e-15
6.345700423e-15
6.305060194e-15
6.26490652e-15
6.22516705e-15
6.185902616e-15
6.147045463e-15
6.108653793e-15
6.070687212e-15
6.033154532e-15
5.99606364e-15
5.959400328e-15
5.923151927e-15
5.887347297e-15
5.851973173e-15
5.816998776e-15
5.782470393e-15
5.748357702e-15
5.714651102e-15
5.681375889e-15
5.648505404e-15
5.616047859e-15
5.58402608e-15
5.552400292e-15
5.521178995e-15
5.490383994e-15
5.459993474e-15
5.430001503e-15
5.400428808e-15
5.371256198e-15
5.342503281e-15
5.314140302e-15
5.286186862e-15
5.258638235e-15
5.231490383e-15
5.204750307e-15
5.178414233e-15
5.152478992e-15
5.126951434e-15
5.101819437e-15
5.077099151e-15
5.052779199e-15
5.028858123e-15
5.005342914e-15
4.982232166e-15
4.959532375e-15
4.937227745e-15
4.915339749e-15
4.893853601e-15
4.872776286e-15
4.852107906e-15
4.831848875e-15
4.811999905e-15
4.792567582e-15
4.773547131e-15
4.754945241e-15
4.736758055e-15
4.71898753e-15
4.701640415e-15
4.684718488e-15
4.6682195e-15
4.652150201e-15
4.636509044e-15
4.621302738e-15
4.606526848e-15
4.592191883e-15
4.578297527e-15
4.564847278e-15
4.551844734e-15
4.539290828e-15
4.527189781e-15
4.515548343e-15
4.504365775e-15
4.493649088e-15
4.483400666e-15
4.473625395e-15
4.464328186e-15
4.455513976e-15
4.447184607e-15
4.43934577e-15
4.432004469e-15
4.425164818e-15
4.418831377e-15
4.413009125e-15
4.407705204e-15
4.40292396e-15
4.398671876e-15
4.394955377e-15
4.391780355e-15
4.389153032e-15
4.38708022e-15
4.385568269e-15
4.384624477e-15
4.384255648e-15
4.384469122e-15
4.385272145e-15
4.38667249e-15
4.388677826e-15
4.391296093e-15
4.394534927e-15
4.398402946e-15
4.402908597e-15
4.408060466e-15
4.413867263e-15
4.420337819e-15
4.427481062e-15
4.435307008e-15
4.4438239e-15
4.453040905e-15
4.46296963e-15
