0.08440554088
0.05605652407
0.04473928225
0.03829130106
0.03400281388
0.03088960738
0.02849824755
0.02658733349
0.02501509315
0.02369211317
0.02255885859
0.02070765531
0.01924806787
0.01805906206
0.01706622036
0.01584282329
0.01484966412
0.01402255575
0.01310809651
0.01218256953
0.01142896102
0.01068610286
0.009979062148
0.009396066675
0.008777811768
0.008216139987
0.007666120042
0.007179434834
0.006718753596
0.006290603742
0.005897176214
0.005507167528
0.005160235194
0.004829805047
0.004521499074
0.004230563768
0.003955083096
0.003703875869
0.003464440537
0.003241076893
0.003032927837
0.002839341561
0.002657993308
0.002487749888
0.002328087105
0.002178736184
0.002039482838
0.001908807578
0.001787046998
0.001673353946
0.001566550894
0.001466969423
0.001373952282
0.00128674942
0.001205319062
0.001129323134
0.00105823119
0.0009918572371
0.0009299285678
0.0008719873534
0.0008179948852
0.000767578739
0.0007205437196
0.0006766958452
0.0006358344519
0.0005977569324
0.0005623351246
0.0005293705631
0.0004987347229
0.0004702796455
0.0004438817536
0.0004194057042
0.0003967489517
0.0003758011987
0.0003564638971
0.0003386397519
0.0003222437993
0.0003071964668
0.0002934188509
0.0002808426815
0.0002694064733
0.0002590534351
0.0002497363653
0.0002414162324
0.0002340661445
0.0002276727558
0.0002222386665
0.0002177869885
0.0002143648355
0.0002120490038
0.0002109504636
0.0002112201037
