8.956960408e-11
1.502303043e-10
1.955169756e-10
2.25685383e-10
2.453383812e-10
2.574195521e-10
2.638370186e-10
2.661841498e-10
2.658885534e-10
2.640860311e-10
2.616814917e-10
2.59398014e-10
2.577302974e-10
2.569445169e-10
2.571553755e-10
2.583663053e-10
2.605212771e-10
2.635297802e-10
2.672893395e-10
2.716954589e-10
2.766471971e-10
2.820513099e-10
2.87823639e-10
2.938935416e-10
3.002051728e-10
3.067142056e-10
3.133858184e-10
3.201904686e-10
3.271037125e-10
3.341062001e-10
3.411821341e-10
3.483181919e-10
3.555043809e-10
3.627329592e-10
3.699979339e-10
3.77294411e-10
3.846181536e-10
3.919657263e-10
3.993343713e-10
4.067212424e-10
4.141234396e-10
4.215383399e-10
4.289634229e-10
4.363963061e-10
4.438349767e-10
4.512776063e-10
4.587224449e-10
4.661678323e-10
4.736122267e-10
4.810543211e-10
4.88492999e-10
4.959272532e-10
5.033562046e-10
5.107790865e-10
5.181952345e-10
5.256040904e-10
5.330052125e-10
5.40398131e-10
5.477823602e-10
5.551574527e-10
5.625230334e-10
5.698787794e-10
5.772244028e-10
5.845595941e-10
5.918840085e-10
6.064990906e-10
6.137890707e-10
6.210669143e-10
6.28332294e-10
6.428244995e-10
6.500507871e-10
6.572635256e-10
6.716472918e-10
6.788178151e-10
6.859738302e-10
7.002417957e-10
7.073534971e-10
7.215317167e-10
7.285980011e-10
7.426843959e-10
7.497043065e-10
7.636970359e-10
7.776262716e-10
7.845668319e-10
7.983993835e-10
8.121666102e-10
8.190255376e-10
8.326936299e-10
8.462947953e-10
8.598283658e-10
8.732937511e-10
8.86690447e-10
8.933628872e-10
9.066556242e-10
9.198783444e-10
9.395797575e-10
9.526248027e-10
9.655979408e-10
9.784987747e-10
9.913269245e-10
1.004081985e-09
1.023076639e-09
1.03564721e-09
1.048143299e-09
1.066747043e-09
1.07905551e-09
1.097376266e-09
1.109494925e-09
1.127529386e-09
1.145390816e-09
1.157201792e-09
1.174772512e-09
1.19216754e-09
1.209385996e-09
1.226427044e-09
1.243290016e-09
1.259974256e-09
1.276478863e-09
1.292803075e-09
1.308946281e-09
1.324907854e-09
1.345906223e-09
1.361441425e-09
1.376792921e-09
1.396974862e-09
1.411895505e-09
1.431500881e-09
1.450775293e-09
1.469717868e-09
1.483706321e-09
1.502065601e-09
1.520090382e-09
1.537779854e-09
1.555133379e-09
1.576352144e-09
1.592948214e-09
1.609207097e-09
1.629056259e-09
1.644555932e-09
1.663456204e-09
1.678197283e-09
1.696150079e-09
1.713577178e-09
1.73047923e-09
1.746857386e-09
1.762713093e-09
1.778047832e-09
1.795764308e-09
1.809959484e-09
1.826314825e-09
1.839381342e-09
1.854389342e-09
1.868668843e-09
1.88222468e-09
1.895062135e-09
1.907187098e-09
1.918605819e-09
1.929324645e-09
1.940954255e-09
1.950179999e-09
1.960087511e-09
1.969084992e-09
1.977185142e-09
1.984401175e-09
1.990746763e-09
1.996951047e-09
2.001479206e-09
2.005645308e-09
2.008757419e-09
2.010839409e-09
2.011915945e-09
2.012012275e-09
2.011154112e-09
2.00908028e-09
2.006281254e-09
2.002092497e-09
1.99684083e-09
1.989807656e-09
1.982443695e-09
1.974142311e-09
1.963869213e-09
1.952546527e-09
1.940230959e-09
1.926978967e-09
1.911387608e-09
1.896352757e-09
1.878936384e-09
1.860671872e-09
1.84163251e-09
1.820063753e-09
1.799637277e-09
1.776724152e-09
1.753240473e-09
1.729272678e-09
1.702858183e-09
1.676076362e-09
1.649025903e-09
1.621801178e-09
1.594492069e-09
1.565085557e-09
1.535780305e-09
1.506670142e-09
1.475796122e-09
1.447359799e-09
1.41738371e-09
1.386058248e-09
1.357374393e-09
1.327579149e-09
1.298673361e-09
1.268994741e-09
1.242078881e-09
1.214596896e-09
1.186778636e-09
1.16172864e-09
1.136501728e-09
1.111309173e-09
1.088781532e-09
1.066382728e-09
1.044289496e-09
1.024658194e-09
1.00536018e-09
9.865322105e-10
9.690944095e-10
9.529652064e-10
9.373840899e-10
9.230620871e-10
9.099144756e-10
8.973378597e-10
8.858705678e-10
8.749988217e-10
8.651574155e-10
8.562620331e-10
8.479141315e-10
8.401302899e-10
8.331625052e-10
8.269100632e-10
8.21066137e-10
8.157724107e-10
8.107454284e-10
8.060710585e-10
8.014792593e-10
7.968715213e-10
7.922912857e-10
7.87635413e-10
7.826539209e-10
7.772522156e-10
7.715290236e-10
7.652529479e-10
7.585831982e-10
7.513085159e-10
7.434247529e-10
7.351919006e-10
7.264297523e-10
7.171995939e-10
7.078357789e-10
6.9817928e-10
6.883283205e-10
6.786324989e-10
6.686970828e-10
6.593320699e-10
6.49908978e-10
6.409506976e-10
6.322894354e-10
6.239738839e-10
6.160382587e-10
6.085019682e-10
6.01515249e-10
5.948989031e-10
5.885033847e-10
5.825512549e-10
5.769679196e-10
5.714673863e-10
5.66102182e-10
5.608061701e-10
5.556147527e-10
5.502798914e-10
5.448601785e-10
5.393318486e-10
5.337862949e-10
5.280398643e-10
5.222157057e-10
5.16350976e-10
5.104893622e-10
5.046763983e-10
4.988672002e-10
4.932774711e-10
4.877633476e-10
4.824294841e-10
4.772806017e-10
4.722406293e-10
4.67368222e-10
4.626377666e-10
4.579582401e-10
4.533646816e-10
4.488298874e-10
4.442767133e-10
4.397532457e-10
4.352576725e-10
4.307427707e-10
4.262250317e-10
4.217756677e-10
4.173608451e-10
4.129975583e-10
4.087431897e-10
4.04597339e-10
4.004682966e-10
3.964367675e-10
3.924498114e-10
3.884988359e-10
3.846156254e-10
3.807209176e-10
3.768912404e-10
3.730934319e-10
3.692999698e-10
3.655862271e-10
3.619219576e-10
3.582784576e-10
3.547180233e-10
3.511771918e-10
3.476834938e-10
3.442340068e-10
3.40827193e-10
3.37437279e-10
3.340929399e-10
3.307957997e-10
3.275233602e-10
3.242780194e-10
3.210832406e-10
3.179374201e-10
3.147968072e-10
3.117047008e-10
3.086604114e-10
3.056249775e-10
3.026388411e-10
2.996833318e-10
2.967593044e-10
2.938672266e-10
2.909906114e-10
2.881634827e-10
2.853690265e-10
2.825922242e-10
2.798494663e-10
2.771409532e-10
2.744527583e-10
2.71799536e-10
2.691679168e-10
2.665718511e-10
2.639986491e-10
2.614490595e-10
2.589356751e-10
2.564352059e-10
2.539715163e-10
2.515334248e-10
2.491107529e-10
2.467252423e-10
2.44356381e-10
2.420148885e-10
2.396914653e-10
2.373962484e-10
2.351204983e-10
2.328734444e-10
2.306466623e-10
2.284490286e-10
2.262644714e-10
2.241017529e-10
2.219613817e-10
2.198436917e-10
2.177489774e-10
2.156775745e-10
2.136227927e-10
2.115852743e-10
2.095722758e-10
2.075776148e-10
2.056017037e-10
2.036449171e-10
2.017076522e-10
1.997847537e-10
1.97887558e-10
1.96005563e-10
1.941394686e-10
1.922947462e-10
1.904665256e-10
1.886552845e-10
1.86861505e-10
1.850811463e-10
1.833233675e-10
1.815797406e-10
1.798506817e-10
1.781406693e-10
1.764421982e-10
1.74763328e-10
1.731005186e-10
1.714503976e-10
1.698169883e-10
1.68197074e-10
1.66591197e-10
1.649996715e-10
1.634258313e-10
1.618637781e-10
1.603139922e-10
1.587797688e-10
1.572585948e-10
1.557509254e-10
1.54256912e-10
1.527769132e-10
1.513086955e-10
1.498524407e-10
1.484109658e-10
1.469798546e-10
1.455616001e-10
1.44156477e-10
1.427604002e-10
1.413780635e-10
1.400056833e-10
1.386456562e-10
1.372981276e-10
1.359595461e-10
1.346340128e-10
1.333180605e-10
1.320120267e-10
1.307179756e-10
1.29432801e-10
1.281584186e-10
1.268950478e-10
1.256398147e-10
1.243960762e-10
1.231611712e-10
1.219353891e-10
1.207189634e-10
1.195122581e-10
1.183141239e-10
1.171261114e-10
1.159461493e-10
1.147744519e-10
1.136124539e-10
1.124581246e-10
1.113129838e-10
1.101762062e-10
1.090478995e-10
1.079272491e-10
1.0681441e-10
1.057097369e-10
1.046133848e-10
1.035237552e-10
1.024420747e-10
1.013668312e-10
1.003000957e-10
9.924049151e-11
9.81882441e-11
9.714277442e-11
9.610516767e-11
9.507404532e-11
9.404953702e-11
9.303199938e-11
9.202173059e-11
9.101755075e-11
9.00197376e-11
8.902867351e-11
8.804464809e-11
8.706673793e-11
8.609582813e-11
8.513103756e-11
8.417329414e-11
8.322172599e-11
8.227662998e-11
8.133829635e-11
8.040646439e-11
7.948131075e-11
7.856233737e-11
7.765002216e-11
7.674454455e-11
7.584535776e-11
7.49533036e-11
7.406812103e-11
7.318975512e-11
7.231772697e-11
7.14533687e-11
7.059588755e-11
6.974596966e-11
6.890289712e-11
6.806783549e-11
6.724011149e-11
6.642043378e-11
6.560846391e-11
6.480441187e-11
6.400867008e-11
6.322129661e-11
6.244266022e-11
6.167315834e-11
6.0912366e-11
6.016121792e-11
5.942001675e-11
5.86887463e-11
5.796771968e-11
5.725783041e-11
5.655891069e-11
5.58715402e-11
5.519586525e-11
5.453246419e-11
5.38815874e-11
5.32439817e-11
5.262016252e-11
5.201053466e-11
5.141570354e-11
5.083614524e-11
5.02724128e-11
4.972532169e-11
4.919496054e-11
4.868237859e-11
4.81881343e-11
4.771292125e-11
4.725725025e-11
4.682203586e-11
4.640789077e-11
4.601553511e-11
4.564559158e-11
4.529899758e-11
4.497643556e-11
4.467868626e-11
4.440637889e-11
4.416023966e-11
4.394085555e-11
4.374879736e-11
4.358470571e-11
4.344921662e-11
4.334283248e-11
4.326607881e-11
4.321938408e-11
4.320308367e-11
4.321743685e-11
4.326265997e-11
4.333898516e-11
4.344642934e-11
4.358513822e-11
4.375503502e-11
4.395613343e-11
4.41883854e-11
4.445166129e-11
4.474573866e-11
4.50703854e-11
4.542530143e-11
4.581009248e-11
4.622451222e-11
4.666805688e-11
4.714024581e-11
4.764071329e-11
4.816897997e-11
4.872445039e-11
4.930680593e-11
4.991542147e-11
5.054996127e-11
5.120976105e-11
5.189441959e-11
5.260356333e-11
5.333665264e-11
5.409323607e-11
5.487305942e-11
5.567554779e-11
5.650037591e-11
5.734734869e-11
5.821602586e-11
5.910615917e-11
6.001742541e-11
6.094961255e-11
6.190232457e-11
6.287552689e-11
6.386905473e-11
6.488276936e-11
6.591649171e-11
6.697022433e-11
6.804394372e-11
6.913767927e-11
7.025148722e-11
7.138538274e-11
7.247468655e-11
7.352138056e-11
7.462228891e-11
7.57650097e-11
7.694102667e-11
7.814377344e-11
7.936833623e-11
8.061053746e-11
8.186671789e-11
8.313324202e-11
8.440623608e-11
8.568179915e-11
8.695590104e-11
8.822473923e-11
8.948404006e-11
9.072999651e-11
9.195859286e-11
9.316588187e-11
9.434793766e-11
9.55011377e-11
9.662168009e-11
9.770609179e-11
9.87506523e-11
9.975202548e-11
1.00706683e-10
1.016111875e-10
1.024620203e-10
1.032556915e-10
1.039886319e-10
1.046570629e-10
1.052571864e-10
1.057849202e-10
1.062359841e-10
1.06605658e-10
1.06888895e-10
1.070800604e-10
1.071730344e-10
1.071611154e-10
1.073713272e-10
1.080576252e-10
1.085695235e-10
1.089224956e-10
1.091338565e-10
1.092218074e-10
1.092044987e-10
1.090990355e-10
1.089216461e-10
1.086874237e-10
1.084114831e-10
1.081077154e-10
1.077889409e-10
1.074670094e-10
1.071529779e-10
1.068572016e-10
1.065894141e-10
1.063592935e-10
1.061767506e-10
1.060512946e-10
1.059927173e-10
1.060115001e-10
1.061190024e-10
