0.3552798287
0.299003809
0.2017721314
0.161169656
0.1482781108
0.1396530253
0.1233114811
0.1128425809
0.1078900954
0.1032188449
0.09665048558
0.08880482947
0.08227792179
0.07728692922
0.07286331049
0.06770538027
0.06336161208
0.05968690634
0.0556353511
0.05136857416
0.04788627715
0.04452841636
0.04142923405
0.03893417912
0.03632968508
0.0340613847
0.03180306711
0.02967466606
0.02756343778
0.02577042273
0.02415328108
0.02256390504
0.02127210181
0.02024318167
0.01919759618
0.01814952142
0.01715164766
0.0161664716
0.01516338597
0.01405975139
0.01294254122
0.01186245756
0.01099290202
0.01017788531
0.009429646173
0.00882353242
0.00826800133
0.00771942778
0.007171086875
0.006791328223
0.006409725697
0.006083644759
0.005665078372
0.005375744624
0.005027840375
0.004646831616
0.004252496519
0.003878521971
0.003504541294
0.003104879325
0.002811536553
0.002614892648
0.002581660152
0.002581611888
0.00252382544
0.002472662987
0.002458597377
0.002401370821
0.002331284091
0.002285920769
0.002227186887
0.002114113864
0.001983562936
0.001841247284
0.001708496028
0.001583839782
0.00146838945
0.001371411165
0.001263064246
0.001156135308
0.001096288991
0.001037404269
0.000992796921
0.0009277280509
0.0008821616082
0.0007986090584
0.0006787820649
0.000605033098
0.0005109550129
0.00044141233
0.0004442841808
0.0004070263303
