0.01019038047
0.02038076093
0.0305711414
0.04076152186
0.05095190233
0.06114228279
0.07133266326
0.08152304372
0.09171342419
0.1019038047
0.1120941851
0.132474946
0.152855707
0.1732364679
0.1936172288
0.2241883702
0.2547595116
0.285330653
0.3260921749
0.3770440772
0.4279959795
0.4891382623
0.5604709256
0.6318035888
0.723517013
0.8254208177
0.9477053833
1.080180329
1.233036036
1.406272504
1.599889733
1.834268484
2.089027995
2.384549029
2.720831584
3.108066042
3.556442782
4.055771425
4.636623112
5.298997842
6.053085996
6.909077955
7.88735448
9.008296331
10.29228427
11.75969906
13.43092145
15.34671298
17.5274544
20.01390723
22.86721376
26.11794513
29.82724362
34.07663228
38.92725338
44.46062997
50.78885624
58.01383599
66.25785378
75.6941461
86.45518787
98.75497709
112.8075117
128.857361
147.1898554
168.1412777
192.0581006
219.388701
250.6018364
286.2579776
326.978738
373.5080152
426.6508493
487.3549457
556.6902944
635.9001218
726.3805099
829.7211582
947.7767159
1082.636211
1236.674002
1412.631302
1613.616176
1843.205447
2105.465079
2405.031694
2747.22467
3138.097093
3584.598804
4094.617155
4677.211397
5342.694193
