2.388953761e-09
1.198250586e-09
8.026317071e-10
6.057704048e-10
4.883980356e-10
4.107558992e-10
3.558026827e-10
3.150163414e-10
2.836614011e-10
2.588958785e-10
2.389107841e-10
2.224998636e-10
2.088279067e-10
1.972983394e-10
1.874737648e-10
1.790262891e-10
1.717053669e-10
1.653163549e-10
1.597058288e-10
1.547512974e-10
1.503538496e-10
1.464328011e-10
1.429217344e-10
1.397655246e-10
1.369180772e-10
1.343405864e-10
1.320001786e-10
1.298688457e-10
1.279225993e-10
1.261407927e-10
1.245055747e-10
1.230014455e-10
1.216148938e-10
1.203340975e-10
1.191486763e-10
1.180494861e-10
1.170284464e-10
1.160783953e-10
1.151929677e-10
1.143664913e-10
1.135938981e-10
1.128706498e-10
1.121926721e-10
1.115563e-10
1.109582289e-10
1.103954738e-10
1.098653326e-10
1.093653551e-10
1.088933152e-10
1.084471868e-10
1.080251232e-10
1.076254381e-10
1.072465892e-10
1.068871643e-10
1.065458676e-10
1.062215094e-10
1.05912995e-10
1.056193164e-10
1.05339544e-10
1.050728195e-10
1.048183494e-10
1.045753993e-10
1.043432888e-10
1.041213866e-10
1.039091066e-10
1.037059039e-10
1.035112715e-10
1.031458605e-10
1.029742307e-10
1.028094638e-10
1.026512012e-10
1.024991069e-10
1.023528666e-10
1.020767873e-10
1.019464122e-10
1.018208165e-10
1.016997709e-10
1.014704798e-10
1.013618398e-10
1.012569592e-10
1.010578051e-10
1.009632189e-10
1.0078331e-10
1.006977229e-10
1.005346746e-10
1.004569887e-10
1.003087744e-10
1.00238054e-10
1.001029424e-10
1.000383864e-10
9.991489145e-11
9.979841807e-11
9.974265117e-11
9.963575653e-11
9.953467821e-11
9.948619096e-11
9.939308158e-11
9.930483133e-11
9.922111305e-11
9.914162667e-11
9.906609661e-11
9.899426939e-11
9.892591155e-11
9.886080779e-11
9.879875927e-11
9.873958216e-11
9.868310629e-11
9.862917393e-11
9.857763875e-11
9.852836481e-11
9.845841962e-11
9.841426466e-11
9.837196522e-11
9.831178078e-11
9.827370195e-11
9.821944114e-11
9.81850601e-11
9.81360005e-11
9.810487324e-11
9.80603997e-11
9.803214718e-11
9.799173326e-11
9.795353363e-11
9.791739932e-11
9.788319372e-11
9.786139914e-11
9.783013438e-11
9.780048581e-11
9.777235282e-11
9.774564257e-11
9.771209467e-11
9.768838143e-11
9.766582887e-11
9.764437044e-11
9.761735498e-11
9.759821659e-11
9.757409696e-11
9.755699348e-11
9.753541936e-11
9.752010844e-11
9.750078125e-11
9.748262078e-11
9.746555052e-11
9.744950022e-11
9.743809275e-11
9.742367487e-11
9.740684745e-11
9.739427895e-11
9.738245348e-11
9.737132756e-11
9.735834273e-11
9.73486477e-11
9.73373389e-11
9.732890142e-11
9.731906878e-11
9.730998082e-11
9.730321405e-11
9.729534748e-11
9.728809995e-11
9.728143316e-11
9.727531175e-11
9.726864013e-11
9.726360696e-11
9.725902288e-11
9.725407886e-11
9.724970393e-11
9.724646579e-11
9.724303922e-11
9.724008344e-11
9.723756895e-11
9.723546857e-11
9.723375716e-11
9.723241153e-11
9.723127536e-11
9.723065062e-11
9.723030346e-11
9.723034194e-11
9.723066316e-11
9.723135404e-11
9.723236532e-11
9.723367751e-11
9.723552257e-11
9.723742063e-11
9.72398935e-11
9.724230714e-11
9.724533369e-11
9.724862903e-11
9.725217657e-11
9.725596099e-11
9.726048405e-11
9.726472619e-11
9.726973239e-11
9.727437787e-11
9.72798107e-11
9.728544935e-11
9.729128133e-11
9.729797403e-11
9.730417726e-11
9.731125716e-11
9.731852231e-11
9.732596126e-11
9.73335634e-11
9.734131897e-11
9.73492189e-11
9.735806558e-11
9.73670665e-11
9.737621213e-11
9.738549371e-11
9.739490311e-11
9.740530487e-11
9.74158408e-11
9.742650259e-11
9.743728258e-11
9.744817367e-11
9.746009013e-11
9.747119217e-11
9.748332344e-11
9.749555652e-11
9.750883746e-11
9.752126298e-11
9.753473856e-11
9.754830603e-11
9.756293823e-11
9.757667877e-11
9.759148505e-11
9.760637323e-11
9.762133831e-11
9.763738062e-11
9.765349998e-11
9.766969161e-11
9.768595107e-11
9.770329649e-11
9.772070932e-11
9.773818535e-11
9.775572069e-11
9.777434819e-11
9.77930342e-11
9.781177507e-11
9.783161288e-11
9.785150435e-11
9.787144608e-11
9.789248822e-11
9.79125235e-11
9.793471575e-11
9.795589509e-11
9.797817644e-11
9.800049906e-11
9.8023926e-11
9.804739244e-11
9.807089573e-11
9.809550411e-11
9.812014753e-11
9.814589717e-11
9.817060493e-11
9.819749322e-11
9.822333515e-11
9.825028205e-11
9.827833514e-11
9.830641497e-11
9.833451951e-11
9.836372916e-11
9.839296152e-11
9.842329863e-11
9.845365637e-11
9.848403304e-11
9.851551285e-11
9.8548096e-11
9.858069561e-11
9.861439753e-11
9.864811378e-11
9.86818429e-11
9.871667211e-11
9.875260109e-11
9.878854022e-11
9.882557764e-11
9.886262311e-11
9.890076527e-11
9.893891342e-11
9.897815655e-11
9.901849389e-11
9.905883424e-11
9.910026688e-11
9.914170047e-11
9.918531471e-11
9.922783751e-11
9.927253877e-11
9.93172368e-11
9.936302072e-11
9.940879934e-11
9.945566157e-11
9.950360606e-11
9.955263143e-11
9.96016471e-11
9.965174118e-11
9.970291216e-11
9.97551585e-11
9.980739056e-11
9.986069535e-11
9.991507122e-11
9.997051647e-11
1.000270294e-10
1.000846081e-10
1.001421651e-10
1.002018704e-10
1.002615511e-10
1.00322291e-10
1.003840882e-10
1.004469406e-10
1.005108464e-10
1.005758034e-10
1.006418095e-10
1.007088627e-10
1.007780414e-10
1.008471815e-10
1.00917362e-10
1.009885808e-10
1.010608356e-10
1.011352014e-10
1.012105971e-10
1.012859443e-10
1.013633935e-10
1.014418653e-10
1.015224312e-10
1.016029402e-10
1.016855367e-10
1.017691443e-10
1.018548311e-10
1.019415221e-10
1.020292147e-10
1.021179061e-10
1.02208661e-10
1.023004075e-10
1.023942084e-10
1.024889935e-10
1.025858237e-10
1.026836305e-10
1.027834727e-10
1.028842839e-10
1.029871206e-10
1.030909183e-10
1.031967315e-10
1.033045541e-10
1.034133244e-10
1.035240936e-10
1.036368553e-10
1.037516031e-10
1.038672794e-10
1.039859807e-10
1.041055994e-10
1.042271798e-10
1.04350715e-10
1.04476198e-10
1.046036218e-10
1.047329793e-10
1.048642635e-10
1.049974669e-10
1.051325823e-10
1.052706397e-10
1.054095555e-10
1.055513957e-10
1.056951151e-10
1.058417379e-10
1.059891914e-10
1.061405589e-10
1.062927413e-10
1.064477871e-10
1.066056837e-10
1.067653957e-10
1.069279362e-10
1.070922725e-10
1.072594147e-10
1.074293496e-10
1.076020642e-10
1.077765313e-10
1.079537545e-10
1.081337201e-10
1.08317423e-10
1.085028307e-10
1.086909395e-10
1.088817354e-10
1.090762057e-10
1.092723315e-10
1.094720996e-10
1.096744941e-10
1.098804947e-10
1.100890889e-10
1.103012523e-10
1.105159758e-10
1.107342312e-10
1.10955013e-10
1.111792888e-10
1.114070374e-10
1.116382377e-10
1.118728682e-10
1.121099329e-10
1.123513612e-10
1.125961548e-10
1.128442917e-10
1.1309575e-10
1.133514714e-10
1.136104654e-10
1.138727098e-10
1.141391393e-10
1.144097247e-10
1.146834839e-10
1.149613447e-10
1.152432774e-10
1.155292521e-10
1.158192389e-10
1.161132078e-10
1.164111285e-10
1.167139071e-10
1.170205721e-10
1.17331093e-10
1.17646368e-10
1.179654327e-10
1.182891803e-10
1.186175724e-10
1.189505705e-10
1.19288136e-10
1.196302304e-10
1.199777255e-10
1.203287584e-10
1.206851091e-10
1.210467307e-10
1.21412676e-10
1.217838033e-10
1.221600654e-10
1.225405233e-10
1.229269159e-10
1.233183012e-10
1.237155152e-10
1.241176215e-10
1.245245727e-10
1.249371961e-10
1.253554357e-10
1.257792354e-10
1.262085392e-10
1.266432912e-10
1.270842954e-10
1.275306299e-10
1.279830929e-10
1.284407688e-10
1.289052975e-10
1.29374916e-10
1.298512521e-10
1.303333937e-10
1.308221119e-10
1.313173334e-10
1.318181558e-10
1.323253414e-10
1.328396399e-10
1.333601495e-10
1.338867979e-10
1.344203259e-10
1.349606518e-10
1.355076944e-10
1.360613725e-10
1.366224055e-10
1.37190703e-10
1.377653821e-10
1.383471529e-10
1.389359264e-10
1.395323972e-10
1.40136467e-10
1.407472614e-10
1.413662395e-10
1.419917549e-10
1.42625254e-10
1.43266631e-10
1.439157805e-10
1.445725977e-10
1.452369788e-10
1.459095692e-10
1.46590256e-10
1.47278927e-10
1.479762091e-10
1.486812462e-10
1.493946601e-10
1.501163312e-10
1.508468656e-10
1.515854141e-10
1.523332949e-10
1.530889437e-10
1.538536666e-10
1.546273288e-10
1.554097969e-10
1.562016382e-10
1.570020149e-10
1.578121819e-10
1.586313005e-10
1.594592326e-10
1.602972052e-10
1.611443835e-10
1.62000623e-10
1.628671229e-10
1.637430528e-10
1.646289261e-10
1.65524583e-10
1.664298657e-10
1.67345924e-10
1.68271283e-10
1.692070818e-10
1.701537905e-10
1.711099506e-10
1.720773099e-10
1.730544175e-10
1.74042993e-10
1.750415934e-10
1.760512897e-10
1.77071892e-10
1.781032129e-10
1.791456773e-10
1.801996981e-10
1.812644711e-10
1.82340407e-10
1.834285011e-10
1.845273539e-10
1.856379516e-10
1.867606698e-10
1.878947098e-10
1.89041024e-10
1.901993903e-10
1.913690191e-10
1.925514075e-10
1.937463221e-10
1.94952972e-10
1.961722549e-10
1.974044901e-10
1.986488866e-10
1.999063107e-10
2.011759748e-10
2.02459268e-10
2.037553965e-10
2.050646498e-10
2.063873077e-10
2.077231141e-10
2.090723398e-10
2.104352459e-10
2.118115684e-10
2.132020727e-10
2.146059738e-10
2.160240225e-10
2.174564444e-10
2.189029575e-10
2.203637802e-10
2.218386298e-10
2.233286965e-10
2.248327058e-10
2.263518279e-10
2.278857608e-10
2.294346838e-10
2.309987685e-10
2.325781788e-10
2.341726047e-10
2.357826686e-10
2.374080524e-10
2.39049358e-10
2.407067137e-10
2.423797903e-10
2.440687123e-10
2.457740424e-10
2.474954416e-10
2.492334537e-10
2.509877339e-10
2.527592404e-10
2.545471844e-10
2.563520746e-10
2.58173979e-10
2.600129602e-10
2.618694932e-10
2.637436218e-10
2.656349737e-10
2.675444089e-10
2.694715433e-10
2.714168051e-10
2.733802073e-10
2.753617587e-10
2.773614645e-10
2.793801084e-10
2.814176713e-10
2.834737453e-10
2.855486962e-10
2.876428753e-10
2.897566201e-10
2.918895058e-10
2.940422308e-10
2.962147317e-10
2.98406943e-10
3.006191605e-10
3.028516676e-10
3.051043775e-10
3.073779124e-10
3.09671814e-10
3.11986684e-10
3.143227547e-10
3.166795569e-10
3.190580015e-10
3.214579483e-10
3.238795942e-10
3.263227913e-10
3.287880565e-10
3.312755569e-10
3.337854506e-10
3.363178862e-10
3.388730035e-10
3.414509337e-10
3.44052117e-10
3.466763456e-10
3.49323726e-10
3.519949778e-10
