0.006593421074
0.004230328569
0.003328202229
0.002826240389
0.002497295134
0.002260912594
0.00208068039
0.001937470296
0.001820165123
0.001721812052
0.001637813488
0.001501077007
0.001393666015
0.001306414213
0.001233719437
0.001144336712
0.001071924272
0.001011715247
0.0009452442753
0.0008780665021
0.0008234354581
0.0007696401419
0.0007184875029
0.0006763429337
0.0006316806924
0.0005911320877
0.0005514471336
0.0005163491661
0.0004831403785
0.000452287859
0.0004239462114
0.0003958584527
0.0003708787637
0.0003470918083
0.0003249010702
0.000303963325
0.000284139832
0.0002660644015
0.0002488368557
0.0002327660786
0.0002177899812
0.0002038613297
0.0001908125845
0.0001785619778
0.0001670715939
0.0001563219326
0.0001462974537
0.0001368886722
0.0001281197441
0.0001199296125
0.0001122333909
0.0001050549274
9.834683053e-05
9.205498081e-05
8.617634321e-05
8.068651961e-05
7.554719667e-05
7.074493685e-05
6.626003933e-05
6.205936966e-05
5.814015697e-05
5.44754243e-05
5.105103676e-05
4.785294565e-05
4.486660724e-05
4.207731797e-05
3.947581988e-05
3.704769114e-05
3.478363941e-05
3.26729371e-05
3.070665485e-05
2.887497729e-05
2.717052752e-05
2.558534039e-05
2.41123167e-05
2.27444201e-05
2.147550931e-05
2.029979424e-05
1.921143116e-05
1.820525748e-05
1.727644121e-05
1.642023108e-05
1.563224909e-05
1.490823876e-05
1.424422502e-05
1.363642047e-05
1.308115483e-05
1.257495152e-05
1.211443351e-05
1.169641341e-05
1.131778841e-05
1.097561077e-05
