1908.003707
2336.818918
2772.262583
3133.584907
3272.61256
3202.100646
2960.372674
2625.945933
2276.61787
1949.263009
1662.712562
1424.876741
1245.166769
1131.735304
1062.781012
1018.957254
985.9041596
958.6157256
935.4532838
915.0364878
895.3092674
873.7311528
848.3748817
819.1672901
788.0843311
756.8363628
726.5514928
697.7389012
670.6605599
645.6262142
623.4321048
604.9229122
590.8049774
580.3731559
572.290416
565.4042926
558.7126857
551.2818932
542.3030613
531.2818309
519.0093657
506.1901984
493.4765041
481.5661805
471.0928088
462.6131167
455.8357698
450.1512401
445.0111805
440.0327018
434.9814787
429.6478314
423.9152577
417.9602108
411.9363827
405.9807651
400.1989201
394.6813126
389.5124867
384.6711639
380.1259397
375.8468083
371.7992208
367.9453571
364.2498821
360.690277
357.2343643
353.8513753
350.5151459
347.2089965
340.6312762
337.3451297
334.0883129
330.8881892
327.7626343
324.7140762
321.7448751
316.0813496
313.3644924
310.7152023
305.7144821
303.4114017
301.2066515
296.9397633
294.8085251
292.6438107
288.1596245
285.8998758
281.5495865
279.4999072
275.6885372
273.9125123
270.5199004
268.8831396
265.7644356
264.2748538
261.2465339
258.0315325
256.431955
253.3671317
250.3394492
247.344097
244.6195455
243.3380746
240.7722583
238.2332663
235.8397921
233.489436
231.1353131
228.8443495
226.6382874
224.4933137
222.3251801
220.1980468
217.3309343
215.4635284
213.6457389
211.9466669
209.3467357
207.6142826
205.1065773
203.4251484
201.8703552
199.7070526
197.6518542
196.363786
194.3072888
192.9027892
190.8870166
188.9242938
187.0008586
185.2266851
183.4312146
182.2467297
180.4848701
178.829917
176.7547262
175.3960372
173.9697144
172.4627396
170.8557483
169.0348319
167.8286864
166.08986
164.7577533
163.2019523
162.0983651
160.4043045
158.8676252
157.841163
156.4842804
155.0161271
153.7069183
152.4141765
151.0962217
149.7249068
148.2362496
147.1404183
145.984663
144.4483721
143.3925589
141.9518483
140.8143287
139.5307782
138.2006451
136.9778623
135.7553973
134.4633604
133.3442858
132.1617034
131.0156106
129.9611497
128.6794956
127.5412861
126.3903089
125.4075475
124.2429722
123.1169412
121.9962706
120.9135762
119.8827114
118.9010886
117.7091393
116.7932581
115.6535976
114.8746441
113.7555495
112.7974316
111.7998294
110.8700152
109.8897336
109.009037
107.9629054
107.1504961
106.1105208
105.208723
104.2883686
103.3577079
102.4556258
101.5823242
100.7063639
99.84514913
99.0344195
98.19563008
97.42132405
96.57707269
95.80997108
94.99429055
94.22860019
93.46466722
92.71751591
91.97480366
91.34671441
90.59129958
89.90629044
89.18733419
88.45669489
87.7576196
87.09962938
86.4653395
85.78888611
85.0963104
84.40601801
83.72687155
83.05940945
82.36806064
81.70200851
81.04192772
80.37605742
79.72809569
79.08996688
78.42755586
77.81376373
77.19453948
76.56636989
75.93337572
75.35205097
74.75284686
74.15687135
73.5589265
72.99239193
72.43186358
71.86060649
71.30854106
70.79491244
70.27126322
69.70236771
69.18686165
68.65999008
68.12758725
67.62001102
67.07992141
66.54903035
66.05557363
65.5388108
65.02156268
64.49169719
63.98211107
63.4545291
62.94185265
62.39462358
61.90347421
61.39963576
60.90207839
60.42559255
59.96418699
59.50773247
59.05655403
58.62119063
58.18201098
57.7576718
57.35577532
56.95242653
56.55806089
56.13818008
55.71514731
55.28565292
54.86059151
54.44408429
54.02538453
53.61200981
53.19908493
52.79241401
52.39086586
51.98215405
51.56444414
51.16378789
50.76023713
50.35237252
49.95918163
49.5825365
49.21278491
48.8625386
48.50018129
48.17074498
47.81705568
47.48981973
47.16141611
46.82335242
46.51435934
46.21641908
45.92201452
45.60611009
45.32318206
45.03352597
44.77076285
44.51638895
44.25610226
44.00781614
43.75060805
43.49685757
43.23258528
42.9856971
42.72889994
42.47416249
42.22862965
41.97471836
41.71762892
41.46424581
41.23198036
41.01134282
40.80332377
40.61521333
40.43859988
40.28386828
40.14913604
40.01813163
39.88264836
39.74815389
39.63021323
39.50581479
39.37388722
39.24571925
39.11421156
38.97359116
38.80934518
38.64355954
38.48318305
38.31355514
38.15240894
37.98867776
37.82944615
37.67319759
37.53169554
37.39048096
37.26234709
37.15076797
37.04872426
36.95027423
36.84579161
36.72781921
36.60685869
36.48832708
36.37132656
36.24906031
36.13043505
36.0141768
35.89200769
35.76670241
35.63991648
35.51357732
35.39734621
35.2865527
35.16618733
35.04813262
34.93299245
34.80741826
34.68612437
34.55370124
34.41173574
34.26565001
34.11625709
33.9625499
33.80256513
33.64205283
33.48014157
33.31366139
33.14125457
32.9667487
32.80000979
32.6349556
32.47255809
32.30544905
32.14725015
32.00039606
31.85710098
31.71638995
31.56961919
31.42093673
31.27031998
31.10764741
30.93195846
30.74792514
30.57067851
30.39757966
30.2297477
30.06124038
29.89105606
29.71945918
29.5485966
29.38083825
29.21558624
29.05150776
28.87563888
28.71001006
28.55032852
28.39291514
28.24052349
28.08487272
27.92148712
27.75731221
27.59140312
27.43421009
27.2735368
27.10344692
26.93478577
26.77661468
26.62140024
26.4749361
26.34200463
26.2178311
26.1004228
25.9959219
25.91087376
25.8336181
25.75029695
25.67585079
25.60675083
25.54512776
25.48539103
25.42916912
25.38328703
25.3463089
25.31432483
25.29140015
25.27512968
25.27513777
25.28260707
25.28215783
25.29753318
25.31848145
25.34267769
25.38077438
25.43572239
25.49924508
25.56434666
25.63671003
25.72420121
25.81286325
25.90918824
26.00605559
26.10653249
26.21049416
26.32386198
26.44899595
26.58940366
26.73033323
26.87602204
27.03425819
27.19708174
27.36188499
27.5388959
27.72131321
27.90004713
28.08549793
28.26994659
28.4561201
28.63542253
28.81258587
28.98264912
29.14486444
29.30058805
29.44666307
29.59080631
29.73442695
29.87461669
30.00687181
30.13676515
30.26317069
30.38715518
30.5099929
30.63339539
30.75740655
30.88160615
31.00713346
31.13606689
31.26229007
31.37956839
31.49514842
31.60520584
31.71345698
31.82222224
31.92832411
32.02726971
32.12322455
32.22121162
32.31679538
32.40793632
32.48923563
32.55729903
32.61516511
32.66371828
32.69809361
32.72104705
32.7334994
32.72900027
32.70894241
32.67446522
32.62940398
32.58318766
32.53631546
32.48181642
32.43186734
32.38137794
32.33274586
32.28223648
32.228409
32.16507081
32.08688792
31.99921653
31.90986262
31.82064584
31.73267979
31.64129323
31.54509461
31.44160717
31.33482861
31.22812158
31.11394695
30.99285538
30.87198518
30.75198809
30.62326468
30.4915086
30.3523337
30.20352858
30.04329225
29.87161992
29.68737518
29.49046445
29.28288933
29.06691854
28.83373107
28.59240959
28.34520831
28.08499184
27.81894716
27.55175937
27.28430065
27.00706919
26.72491749
26.44164264
26.1558115
25.86476943
25.57299342
25.28801805
25.0135464
24.7438399
24.47829619
24.23331152
24.00235879
23.78413809
23.57906905
23.38834149
23.20801863
23.05359655
22.93495155
22.8454001
22.78479788
22.77832969
22.84519186
22.9652095
23.13410071
23.3367457
23.54632053
23.78155246
24.03544423
24.31137869
24.60445568
24.91140116
25.23892518
25.58014107
25.92399988
26.28013891
26.66101482
27.06282396
27.47662105
27.90760373
28.35601338
28.80262809
29.25194005
29.71183037
30.17514372
30.61923732
31.03165049
31.41282841
31.77681687
