8.908299641e-10
2.854952078e-10
2.642150795e-10
1.788879399e-10
1.376552345e-10
1.402455945e-10
5.97367365e-11
1.141802607e-10
4.522278577e-11
8.55956473e-11
5.418958251e-11
6.467178826e-11
6.012176055e-11
4.174169765e-11
5.738173614e-11
2.431831464e-11
5.34720267e-11
2.419582021e-11
4.402896082e-11
3.486517817e-11
3.363027013e-11
3.630217793e-11
2.430622761e-11
3.728769278e-11
5.020364772e-12
3.411797734e-11
2.159334676e-11
2.810892117e-11
2.50080804e-11
2.265034836e-11
2.731095702e-11
1.252280492e-11
2.781910962e-11
1.249143431e-11
2.433021062e-11
1.689836924e-11
2.084205528e-11
2.073233547e-11
1.47104909e-11
2.165981198e-11
9.090423115e-12
2.156312215e-11
1.05690913e-11
1.892765696e-11
1.572656768e-11
1.518162163e-11
1.714919449e-11
1.143598631e-11
1.837309066e-11
3.685540141e-12
1.734867601e-11
1.147647478e-11
1.477991913e-11
1.362054276e-11
1.224513005e-11
1.525477912e-11
6.814816689e-12
1.595254371e-11
7.582701973e-12
1.416997755e-11
1.023982005e-11
1.241587955e-11
1.265978319e-11
8.874499025e-12
1.346843858e-11
5.516927976e-12
1.35198341e-11
1.207790391e-11
1.033080371e-11
9.80413897e-12
1.136658457e-11
7.488106547e-12
1.230591196e-11
1.168421433e-11
8.030543977e-12
1.00788972e-11
9.516928542e-12
1.071106939e-11
4.758317236e-12
1.127389765e-11
1.007244779e-11
7.564473724e-12
9.270233058e-12
6.459286761e-12
4.136597276e-12
9.942513885e-12
8.976329652e-12
7.89073299e-12
8.671049387e-12
5.719778867e-12
3.286993417e-12
6.416490827e-12
7.783868054e-12
6.597007429e-12
3.922661949e-12
8.827373115e-12
7.959552449e-12
7.143474293e-12
5.294133122e-12
3.633131946e-12
4.926341455e-12
6.615968911e-12
7.219747271e-12
7.79956828e-12
7.409522054e-12
6.544859622e-12
5.647445869e-12
3.684071929e-12
4.599633603e-12
5.586013681e-12
4.767057634e-12
3.591905033e-12
4.691224592e-12
5.44887489e-12
4.558374285e-12
6.553636078e-12
5.889848801e-12
6.452731932e-12
6.652661244e-12
5.311034996e-12
6.041292261e-12
3.889378458e-12
5.928695885e-12
6.021365672e-12
4.089515306e-12
5.175949509e-12
5.081281335e-12
6.245843712e-12
5.278749013e-12
4.698986463e-12
4.873668981e-12
5.185679551e-12
6.184739713e-12
5.273401292e-12
6.003910389e-12
4.978173948e-12
5.836686212e-12
4.699223887e-12
5.682915189e-12
4.988688896e-12
5.487270562e-12
6.065095913e-12
5.899696738e-12
5.241593065e-12
6.096829872e-12
5.594501112e-12
6.121178017e-12
5.669633567e-12
5.670188767e-12
6.202385547e-12
5.840095217e-12
6.334462966e-12
6.117498006e-12
6.496052329e-12
6.28219918e-12
6.021142552e-12
6.500448606e-12
6.201204042e-12
6.40483579e-12
6.727225995e-12
6.955668263e-12
6.682383511e-12
7.011608401e-12
7.154456795e-12
7.026967178e-12
7.078021875e-12
7.019693322e-12
7.414580844e-12
7.486851877e-12
7.381983821e-12
7.755855135e-12
7.719578809e-12
7.7802358e-12
7.837413916e-12
8.16416478e-12
8.242817496e-12
8.321904107e-12
8.470662881e-12
8.620265903e-12
8.750112539e-12
8.843794689e-12
8.844073381e-12
9.012975147e-12
9.193809332e-12
9.282711701e-12
9.47136165e-12
9.56069148e-12
9.75481873e-12
9.819846443e-12
1.000673113e-11
1.018973791e-11
1.03422089e-11
1.045203309e-11
1.061745452e-11
1.079279442e-11
1.095477627e-11
1.107150096e-11
1.122842077e-11
1.148539678e-11
1.160717765e-11
1.180040056e-11
1.199906771e-11
1.211347557e-11
1.235384561e-11
1.252660998e-11
1.269134246e-11
1.287712218e-11
1.30955307e-11
1.330338397e-11
1.347439307e-11
1.369442025e-11
1.392724206e-11
1.411960305e-11
1.429568047e-11
1.454924719e-11
1.472735738e-11
1.497688301e-11
1.520672949e-11
1.544455733e-11
1.565750857e-11
1.590183077e-11
1.613408856e-11
1.637610017e-11
1.661937128e-11
1.685039604e-11
1.712286336e-11
1.735602786e-11
1.762511315e-11
1.78902246e-11
1.81566208e-11
1.841950753e-11
1.869613127e-11
1.897341805e-11
1.925013843e-11
1.952149659e-11
1.980808479e-11
2.009368102e-11
2.038400766e-11
2.069613341e-11
2.099913567e-11
2.128787161e-11
2.161099253e-11
2.190683251e-11
2.224068625e-11
2.254773594e-11
2.287739251e-11
2.319986445e-11
2.353725354e-11
2.386654476e-11
2.420778273e-11
2.455361352e-11
2.489819618e-11
2.52628973e-11
2.56055194e-11
2.597628828e-11
2.632625615e-11
2.669318345e-11
2.707679092e-11
2.744875862e-11
2.78290259e-11
2.821536194e-11
2.859953055e-11
2.899947786e-11
2.939239783e-11
2.978336288e-11
3.018827205e-11
3.060252286e-11
3.101682968e-11
3.143986482e-11
3.18625989e-11
3.227800369e-11
3.270697765e-11
3.314632143e-11
3.358137739e-11
3.402628199e-11
3.44682033e-11
3.492156458e-11
3.536787028e-11
3.582623078e-11
3.629119762e-11
3.675499957e-11
3.722500596e-11
3.769339891e-11
3.81808266e-11
3.865237852e-11
3.914334764e-11
3.962986404e-11
4.012223127e-11
4.061254389e-11
4.110833331e-11
4.161092424e-11
4.21200702e-11
4.262341857e-11
4.313343797e-11
4.364802115e-11
4.416879049e-11
4.468386699e-11
4.520306784e-11
4.572754105e-11
4.625674092e-11
4.67892136e-11
4.73260988e-11
4.785563007e-11
4.839827332e-11
4.893474147e-11
4.947363153e-11
5.001479995e-11
5.055850401e-11
5.110365832e-11
5.16504221e-11
5.219850518e-11
5.274712518e-11
5.330508053e-11
5.385474438e-11
5.440477217e-11
5.49541899e-11
5.550287715e-11
5.605913831e-11
5.661362696e-11
5.715859925e-11
5.770991886e-11
5.82586804e-11
5.881226542e-11
5.935559428e-11
5.990291269e-11
6.044640962e-11
6.099302584e-11
6.153539253e-11
6.207300761e-11
6.260581277e-11
6.313976404e-11
6.366813749e-11
6.419650878e-11
6.471878845e-11
6.524016414e-11
6.575451683e-11
6.626706657e-11
6.67720822e-11
6.727451021e-11
6.776857066e-11
6.825910055e-11
6.874551095e-11
6.922262739e-11
6.969478734e-11
7.016147395e-11
7.062217127e-11
7.107235776e-11
7.15196149e-11
7.195571267e-11
7.238413899e-11
7.280440517e-11
7.321619684e-11
7.361896456e-11
7.401228281e-11
7.43959551e-11
7.47694544e-11
7.513242015e-11
7.548723515e-11
7.582815712e-11
7.616004168e-11
7.647991456e-11
7.678959438e-11
7.708462743e-11
7.73706731e-11
7.764149127e-11
7.790060895e-11
7.814767525e-11
7.838056706e-11
7.860053259e-11
7.880588056e-11
7.899773623e-11
7.917575206e-11
7.93395115e-11
7.948783041e-11
7.962147325e-11
7.974027114e-11
7.984446606e-11
7.993259841e-11
8.000530247e-11
8.00623318e-11
8.010360077e-11
8.012884773e-11
8.013810328e-11
8.013108846e-11
8.010796187e-11
8.006829632e-11
8.001242889e-11
7.994011939e-11
7.985137194e-11
7.974630892e-11
7.96248694e-11
7.948663281e-11
7.933205396e-11
7.916054971e-11
7.897449701e-11
7.877368708e-11
7.855555365e-11
7.831986235e-11
7.806824165e-11
7.780125884e-11
7.752160814e-11
7.72274367e-11
7.69150519e-11
7.65857746e-11
7.62423673e-11
7.588527795e-11
7.551607599e-11
7.51363226e-11
7.474254495e-11
7.433269641e-11
7.390804315e-11
7.346861609e-11
7.301718384e-11
7.255523683e-11
7.208295967e-11
7.160338792e-11
7.111674829e-11
7.062465422e-11
7.012497513e-11
6.961288931e-11
6.908924148e-11
6.855377872e-11
6.801071467e-11
6.745815483e-11
6.689755156e-11
6.633162278e-11
6.576008776e-11
6.518471199e-11
6.460778692e-11
6.402860235e-11
6.344961645e-11
6.28716142e-11
6.229720185e-11
6.172865618e-11
6.116232636e-11
6.059083732e-11
6.001303471e-11
5.94283922e-11
5.884085173e-11
5.825061211e-11
5.76582391e-11
5.706180668e-11
5.646173327e-11
5.585817109e-11
5.525710848e-11
5.465593223e-11
5.405512538e-11
5.345298329e-11
5.284882602e-11
5.224289779e-11
5.163807041e-11
5.103664678e-11
5.043924887e-11
4.984531866e-11
4.925332718e-11
4.866263042e-11
4.807248951e-11
4.748213893e-11
4.688980408e-11
4.629446592e-11
4.569927926e-11
4.510901362e-11
4.452319279e-11
4.394028764e-11
4.335935496e-11
4.277999776e-11
4.219938198e-11
4.161733844e-11
4.103045826e-11
4.043639004e-11
3.983226486e-11
3.921457329e-11
3.857900867e-11
3.791952045e-11
3.722944357e-11
3.650041041e-11
3.573833429e-11
3.498834979e-11
3.42526791e-11
3.353119119e-11
3.282304626e-11
3.212883629e-11
3.144704001e-11
3.07788439e-11
3.012280547e-11
2.947875025e-11
2.884652396e-11
2.822538821e-11
2.761569718e-11
2.701617863e-11
2.642716064e-11
2.584845489e-11
2.527891176e-11
2.4718798e-11
2.416787249e-11
2.362505311e-11
2.30905855e-11
2.256385048e-11
2.204466536e-11
2.153281967e-11
2.102743072e-11
2.05291432e-11
2.003717658e-11
1.955121978e-11
1.90720072e-11
1.859877529e-11
1.813248886e-11
1.767277247e-11
1.722099267e-11
1.677766848e-11
1.634430356e-11
1.59229118e-11
1.551592227e-11
1.512664575e-11
1.475990172e-11
1.44213807e-11
1.41182913e-11
1.386048705e-11
1.364677835e-11
1.344002921e-11
1.323680558e-11
1.303689507e-11
1.284030522e-11
1.264712688e-11
1.245707466e-11
1.227015638e-11
1.208645929e-11
1.190580604e-11
1.172812357e-11
1.155348899e-11
1.138174676e-11
1.121297023e-11
1.104694448e-11
1.088374193e-11
1.072329505e-11
1.056553934e-11
1.041047536e-11
1.025804027e-11
1.010817859e-11
9.96088921e-12
9.816062488e-12
9.673752384e-12
9.533856909e-12
9.396325335e-12
9.26116017e-12
9.128314465e-12
8.997787523e-12
8.869451932e-12
8.743391368e-12
8.619483974e-12
8.497732176e-12
8.378098465e-12
8.260548184e-12
8.145047644e-12
8.031597427e-12
7.920133248e-12
7.810656619e-12
7.703108922e-12
7.597472965e-12
7.493767956e-12
7.391953265e-12
7.29194607e-12
7.193767762e-12
7.097371676e-12
7.002760042e-12
6.909865926e-12
6.818715781e-12
6.729267783e-12
6.641504719e-12
6.555408953e-12
6.470946444e-12
6.388101795e-12
6.306880032e-12
6.227231673e-12
6.149162888e-12
6.07264609e-12
5.997671028e-12
5.924228518e-12
5.852308541e-12
5.781876514e-12
5.712926532e-12
5.645466425e-12
5.579478595e-12
5.514946696e-12
5.451857659e-12
5.390223005e-12
5.330022206e-12
5.271256525e-12
5.213928566e-12
5.15803224e-12
5.103563816e-12
5.050529351e-12
4.998920996e-12
4.948756527e-12
4.900029597e-12
4.85273685e-12
4.806899399e-12
4.762513137e-12
4.719596637e-12
4.678166716e-12
4.638249696e-12
4.599898369e-12
4.563194704e-12
4.528061146e-12
4.494570269e-12
4.462764067e-12
4.432689571e-12
4.404397378e-12
4.377951853e-12
4.353421585e-12
4.330879046e-12
