7.566539874
5.041482959
4.02879004
3.450497688
3.06535492
2.785505917
2.570402797
2.398430549
2.25688235
2.137737938
2.035653711
1.868846631
1.737285626
1.630088137
1.540559523
1.430220875
1.34063214
1.266012232
1.18350178
1.099982668
1.031970389
0.9649225333
0.9011024316
0.8484756601
0.7926628393
0.741955377
0.6922975406
0.6483560353
0.6067609435
0.568101981
0.5325773094
0.4973605696
0.4660329212
0.4361949427
0.4083544275
0.3820822374
0.3572054367
0.334520473
0.3128984741
0.2927277793
0.2739310315
0.2564494042
0.24007299
0.2246994813
0.2102815615
0.1967949756
0.1842203853
0.1724205907
0.1614259941
0.1511601047
0.1415166045
0.1325254372
0.1241272611
0.1162543596
0.1089029634
0.1020425505
0.09562523502
0.08963422648
0.08404490609
0.07881594974
0.07394385904
0.06939501981
0.06515181186
0.06119672342
0.05751163898
0.054078267
0.05088502577
0.04791399074
0.04515353624
0.04259027567
0.04021300628
0.03800944811
0.03597024987
0.03408532859
0.0323456134
0.03074208511
0.02926675189
0.02791199759
0.02667012026
0.02553418159
0.02449759968
0.02355387897
0.02269694921
0.02192090101
0.02122017708
0.02058948666
0.02002375269
0.01951821139
0.0190683356
0.01866994167
0.01831910152
0.01801222333
