0.01214973597
0.006918844214
0.005113684268
0.00417743136
0.003594900223
0.003192661723
0.00289552946
0.002665433968
0.002480942636
0.002329018392
0.002201248503
0.001997115626
0.001840049782
0.001714535701
0.001611342618
0.001486126198
0.001385983581
0.001303569664
0.001213447298
0.001123246474
0.001050513426
0.0009794103331
0.0009122523911
0.0008572354747
0.0007992257385
0.0007468071631
0.0006957210191
0.0006507078134
0.0006082546878
0.0005689267405
0.0005328901372
0.0004972574391
0.0004656319537
0.0004355698733
0.0004075697645
0.0003811884163
0.0003562433983
0.0003335245426
0.0003118942168
0.0002917359753
0.0002729677709
0.0002555269362
0.0002392009443
0.0002238854176
0.0002095312743
0.0001961127227
0.0001836091038
0.000171882858
0.000160963263
0.0001507735302
0.0001412075222
0.0001322944311
0.0001239749551
0.0001161816569
0.0001089105058
0.0001021310164
9.579562244e-05
8.988753367e-05
8.438225096e-05
7.92388857e-05
7.445380723e-05
6.999379406e-05
6.584137848e-05
6.197921291e-05
5.838938317e-05
5.505384413e-05
5.196110138e-05
4.909354883e-05
4.643973664e-05
4.398658734e-05
4.172322426e-05
3.9637896e-05
3.772183807e-05
3.596587036e-05
3.436215057e-05
3.290341721e-05
3.158406417e-05
3.0399758e-05
2.9347338e-05
2.842592809e-05
2.763700279e-05
2.698471014e-05
2.647674191e-05
2.612481373e-05
2.594546126e-05
2.596058099e-05
2.619790462e-05
2.669121781e-05
2.748031796e-05
2.861049976e-05
3.013215012e-05
3.210008222e-05
