stamp 1509348918 164112000
estimate
   -0.998541   -0.0142983    0.0520959      1.60781
   0.0143068    -0.999899 -0.000209557     -4.16319
   0.0520935  0.000536061     0.998642       1.8332
           0            0            0            1
odom
 -0.996893 -0.0147508  0.0773794    1.58755
 0.0128247  -0.999597 -0.0253296   -4.14557
 0.0777218 -0.0242585    0.99668   -1.03086
         0          0          0          1
accum_distance 153.037
floor_coeffs   0.0552095 -0.00470727    0.998464     1.82406
id 75
