1730296753.4171114
1730296764.5607762
1730296766.1385412
1730296767.4014902
1730296768.4560695
1730296769.4038048
1730296770.3484335
1730296771.2992666
1730296772.2391126
1730296773.1879888
1730296774.1306763
1730296774.9696002
1730296775.9144044
1730296776.8573401
1730296777.8052611
1730296778.7622662
1730296779.6048613
1730296780.5568204
1730296781.5037394
1730296782.4492815
1730296783.3938987
1730296784.3433595
1730296785.2856846
1730296786.230814
1730296787.1806803
1730296788.1298227
1730296789.0709121
1730296790.0275588
1730296790.9729214
1730296791.9168949
1730296792.7572961
1730296793.710485
1730296794.6477618
1730296795.5960956
1730296796.5484066
1730296797.4904573
1730296798.5451317
1730296799.707674
1730296800.9777122
1730296802.5558951
1730296804.8738859
1730296810.9717755
1730296821.2237391
1730296830.1465306
1730296839.639441
1730296849.1713481
1730296858.729176
1730296871.6652563
1730296873.6660647
1730296874.9381485
1730296876.2059445
1730296877.2602644
1730296878.204215
1730296879.1413913
1730296880.0808756
1730296880.9169164
1730296881.7613935
1730296882.5989943
1730296883.4407616
1730296884.2797289
1730296885.018527
1730296885.7600982
1730296886.5947814
1730296887.4314528
1730296888.1668873
1730296888.8957915
1730296889.6297593
1730296890.375118
1730296891.10502
1730296891.8436604
1730296892.5793564
1730296893.3200417
1730296894.0578194
1730296894.7936211
1730296895.5303555
1730296896.2726955
1730296897.008656
1730296897.7470958
1730296898.4814014
1730296899.2205074
1730296899.9566855
1730296900.6929708
1730296901.4274862
1730296902.1611941
1730296902.8966527
1730296903.6291287
1730296904.477313
1730296905.3265829
1730296906.1700072
1730296907.0156145
1730296907.9620693
1730296908.9045553
1730296909.9587543
1730296911.1211083
1730296912.3855548
1730296914.0808024
1730296916.3959525
